valid_time,lead_time_min,month,hour,dmin_t0_km,dmin_t_km,excl_010km,excl_015km,excl_020km,excl_025km,excl_030km,excl_040km,excl_050km,excl_060km,excl_080km,excl_100km,excl_120km,excl_150km,excl_180km,excl_200km,excl_250km,excl_300km,excl_350km,incl_010km,incl_015km,incl_020km,incl_025km,incl_030km,incl_040km,incl_050km,incl_060km
2008-07-01 10:00:00+00:00,30,7,10,453.1189270019531,437.0494079589844,0,0,0,0,0,0,0,0,0,0,0,0,0,0,0,0,0,0,0,0,0,0,0,0,0
2008-07-01 10:00:00+00:00,30,7,10,208.43905639648438,215.19247436523438,0,0,0,0,0,0,0,0,0,0,0,0,0,0,1,1,1,0,0,0,0,0,0,0,0
2008-07-01 10:00:00+00:00,30,7,10,512.884033203125,,0,0,0,0,0,0,0,0,0,0,0,0,0,0,0,0,0,0,0,0,0,0,0,0,0
2008-07-01 10:00:00+00:00,30,7,10,,,0,0,0,0,0,0,0,0,0,0,0,0,0,0,0,0,0,0,0,0,0,0,0,0,0
2008-07-01 10:00:00+00:00,30,7,10,46.968814849853516,7.8585309982299805,0,0,0,0,0,0,1,1,1,1,1,1,1,1,1,1,1,1,1,1,1,1,1,1,1
2008-07-01 10:00:00+00:00,30,7,10,,,0,0,0,0,0,0,0,0,0,0,0,0,0,0,0,0,0,0,0,0,0,0,0,0,0
2008-07-01 10:00:00+00:00,30,7,10,,,0,0,0,0,0,0,0,0,0,0,0,0,0,0,0,0,0,0,0,0,0,0,0,0,0
2008-07-01 10:00:00+00:00,30,7,10,125.19442749023438,158.0251007080078,0,0,0,0,0,0,0,0,0,0,0,1,1,1,1,1,1,0,0,0,0,0,0,0,0
2008-07-01 10:15:00+00:00,30,7,10,,,0,0,0,0,0,0,0,0,0,0,0,0,0,0,0,0,0,0,0,0,0,0,0,0,0
2008-07-01 10:15:00+00:00,30,7,10,401.7768249511719,397.6068420410156,0,0,0,0,0,0,0,0,0,0,0,0,0,0,0,0,0,0,0,0,0,0,0,0,0
2008-07-01 10:15:00+00:00,30,7,10,292.2015380859375,306.9869689941406,0,0,0,0,0,0,0,0,0,0,0,0,0,0,0,1,1,0,0,0,0,0,0,0,0
2008-07-01 10:15:00+00:00,30,7,10,433.2635803222656,444.1534729003906,0,0,0,0,0,0,0,0,0,0,0,0,0,0,0,0,0,0,0,0,0,0,0,0,0
2008-07-01 10:15:00+00:00,30,7,10,478.4140319824219,521.4176635742188,0,0,0,0,0,0,0,0,0,0,0,0,0,0,0,0,0,0,0,0,0,0,0,0,0
2008-07-01 10:15:00+00:00,30,7,10,506.3390808105469,549.1827392578125,0,0,0,0,0,0,0,0,0,0,0,0,0,0,0,0,0,0,0,0,0,0,0,0,0
2008-07-01 10:30:00+00:00,30,7,10,372.5018310546875,317.5966796875,0,0,0,0,0,0,0,0,0,0,0,0,0,0,0,0,0,0,0,0,0,0,0,0,0
2008-07-01 10:30:00+00:00,30,7,10,,590.9100952148438,0,0,0,0,0,0,0,0,0,0,0,0,0,0,0,0,0,0,0,0,0,0,0,0,0
2008-07-01 10:30:00+00:00,30,7,10,,,0,0,0,0,0,0,0,0,0,0,0,0,0,0,0,0,0,0,0,0,0,0,0,0,0
2008-07-01 10:30:00+00:00,30,7,10,401.73822021484375,407.42132568359375,0,0,0,0,0,0,0,0,0,0,0,0,0,0,0,0,0,0,0,0,0,0,0,0,0
2008-07-01 10:30:00+00:00,30,7,10,419.2111511230469,424.1460266113281,0,0,0,0,0,0,0,0,0,0,0,0,0,0,0,0,0,0,0,0,0,0,0,0,0
2008-07-01 10:30:00+00:00,30,7,10,193.6063232421875,206.03663635253906,0,0,0,0,0,0,0,0,0,0,0,0,0,1,1,1,1,0,0,0,0,0,0,0,0
2008-07-01 10:30:00+00:00,30,7,10,430.0462646484375,448.564208984375,0,0,0,0,0,0,0,0,0,0,0,0,0,0,0,0,0,0,0,0,0,0,0,0,0
2008-07-01 10:30:00+00:00,30,7,10,,,0,0,0,0,0,0,0,0,0,0,0,0,0,0,0,0,0,0,0,0,0,0,0,0,0
2008-07-01 10:30:00+00:00,30,7,10,588.4613037109375,615.2482299804688,0,0,0,0,0,0,0,0,0,0,0,0,0,0,0,0,0,0,0,0,0,0,0,0,0
2008-07-01 10:45:00+00:00,30,7,10,,,0,0,0,0,0,0,0,0,0,0,0,0,0,0,0,0,0,0,0,0,0,0,0,0,0
2008-07-01 10:45:00+00:00,30,7,10,,0.0,0,0,0,0,0,0,0,0,0,0,0,0,0,0,0,0,0,1,1,1,1,1,1,1,1
2008-07-01 10:45:00+00:00,30,7,10,240.52098083496094,226.605712890625,0,0,0,0,0,0,0,0,0,0,0,0,0,0,1,1,1,0,0,0,0,0,0,0,0
2008-07-01 10:45:00+00:00,30,7,10,,408.88372802734375,0,0,0,0,0,0,0,0,0,0,0,0,0,0,0,0,0,0,0,0,0,0,0,0,0
2008-07-01 10:45:00+00:00,30,7,10,163.99440002441406,18.71379280090332,0,0,0,0,0,0,0,0,0,0,0,0,1,1,1,1,1,0,0,1,1,1,1,1,1
2008-07-01 10:45:00+00:00,30,7,10,222.54122924804688,199.33775329589844,0,0,0,0,0,0,0,0,0,0,0,0,0,0,1,1,1,0,0,0,0,0,0,0,0
2008-07-01 10:45:00+00:00,30,7,10,422.6576843261719,442.6756591796875,0,0,0,0,0,0,0,0,0,0,0,0,0,0,0,0,0,0,0,0,0,0,0,0,0
2008-07-01 10:45:00+00:00,30,7,10,535.8740844726562,545.7792358398438,0,0,0,0,0,0,0,0,0,0,0,0,0,0,0,0,0,0,0,0,0,0,0,0,0
2008-07-01 10:45:00+00:00,30,7,10,42.59702682495117,36.5478630065918,0,0,0,0,0,0,1,1,1,1,1,1,1,1,1,1,1,0,0,0,0,0,1,1,1
2008-07-01 10:45:00+00:00,30,7,10,450.0755615234375,468.98370361328125,0,0,0,0,0,0,0,0,0,0,0,0,0,0,0,0,0,0,0,0,0,0,0,0,0
2008-07-01 10:45:00+00:00,30,7,10,,,0,0,0,0,0,0,0,0,0,0,0,0,0,0,0,0,0,0,0,0,0,0,0,0,0
2008-07-01 10:45:00+00:00,30,7,10,,,0,0,0,0,0,0,0,0,0,0,0,0,0,0,0,0,0,0,0,0,0,0,0,0,0
2008-07-01 10:45:00+00:00,30,7,10,,,0,0,0,0,0,0,0,0,0,0,0,0,0,0,0,0,0,0,0,0,0,0,0,0,0
2008-07-01 11:00:00+00:00,30,7,11,,,0,0,0,0,0,0,0,0,0,0,0,0,0,0,0,0,0,0,0,0,0,0,0,0,0
2008-07-01 11:00:00+00:00,30,7,11,,119.19715118408203,0,0,0,0,0,0,0,0,0,0,0,0,0,0,0,0,0,0,0,0,0,0,0,0,0
2008-07-01 11:00:00+00:00,30,7,11,,312.8695373535156,0,0,0,0,0,0,0,0,0,0,0,0,0,0,0,0,0,0,0,0,0,0,0,0,0
2008-07-01 11:00:00+00:00,30,7,11,109.4507827758789,111.7181396484375,0,0,0,0,0,0,0,0,0,0,1,1,1,1,1,1,1,0,0,0,0,0,0,0,0
2008-07-01 11:00:00+00:00,30,7,11,266.0147705078125,3.0704386234283447,0,0,0,0,0,0,0,0,0,0,0,0,0,0,0,1,1,1,1,1,1,1,1,1,1
2008-07-01 11:00:00+00:00,30,7,11,119.21280670166016,160.75071716308594,0,0,0,0,0,0,0,0,0,0,1,1,1,1,1,1,1,0,0,0,0,0,0,0,0
2008-07-01 11:00:00+00:00,30,7,11,83.60475158691406,64.4691390991211,0,0,0,0,0,0,0,0,0,1,1,1,1,1,1,1,1,0,0,0,0,0,0,0,0
2008-07-01 11:00:00+00:00,30,7,11,,,0,0,0,0,0,0,0,0,0,0,0,0,0,0,0,0,0,0,0,0,0,0,0,0,0
2008-07-01 11:00:00+00:00,30,7,11,60.204490661621094,0.0,0,0,0,0,0,0,0,0,1,1,1,1,1,1,1,1,1,1,1,1,1,1,1,1,1
2008-07-01 11:00:00+00:00,30,7,11,,,0,0,0,0,0,0,0,0,0,0,0,0,0,0,0,0,0,0,0,0,0,0,0,0,0
2008-07-01 11:00:00+00:00,30,7,11,280.2230224609375,76.83733367919922,0,0,0,0,0,0,0,0,0,0,0,0,0,0,0,1,1,0,0,0,0,0,0,0,0
2008-07-01 11:00:00+00:00,30,7,11,,,0,0,0,0,0,0,0,0,0,0,0,0,0,0,0,0,0,0,0,0,0,0,0,0,0
2008-07-01 11:15:00+00:00,30,7,11,,142.55154418945312,0,0,0,0,0,0,0,0,0,0,0,0,0,0,0,0,0,0,0,0,0,0,0,0,0
2008-07-01 11:15:00+00:00,30,7,11,,135.6647186279297,0,0,0,0,0,0,0,0,0,0,0,0,0,0,0,0,0,0,0,0,0,0,0,0,0
2008-07-01 11:15:00+00:00,30,7,11,,6.15426778793335,0,0,0,0,0,0,0,0,0,0,0,0,0,0,0,0,0,1,1,1,1,1,1,1,1
2008-07-01 11:15:00+00:00,30,7,11,125.4164810180664,16.246583938598633,0,0,0,0,0,0,0,0,0,0,0,1,1,1,1,1,1,0,0,1,1,1,1,1,1
2008-07-01 11:15:00+00:00,30,7,11,278.29986572265625,10.2732572555542,0,0,0,0,0,0,0,0,0,0,0,0,0,0,0,1,1,0,1,1,1,1,1,1,1
2008-07-01 11:15:00+00:00,30,7,11,102.14790344238281,99.17925262451172,0,0,0,0,0,0,0,0,0,0,1,1,1,1,1,1,1,0,0,0,0,0,0,0,0
2008-07-01 11:15:00+00:00,30,7,11,,,0,0,0,0,0,0,0,0,0,0,0,0,0,0,0,0,0,0,0,0,0,0,0,0,0
2008-07-01 11:15:00+00:00,30,7,11,50.765541076660156,0.0,0,0,0,0,0,0,0,1,1,1,1,1,1,1,1,1,1,1,1,1,1,1,1,1,1
2008-07-01 11:15:00+00:00,30,7,11,,,0,0,0,0,0,0,0,0,0,0,0,0,0,0,0,0,0,0,0,0,0,0,0,0,0
2008-07-01 11:15:00+00:00,30,7,11,532.42529296875,320.93792724609375,0,0,0,0,0,0,0,0,0,0,0,0,0,0,0,0,0,0,0,0,0,0,0,0,0
2008-07-01 11:30:00+00:00,30,7,11,237.13389587402344,125.01818084716797,0,0,0,0,0,0,0,0,0,0,0,0,0,0,1,1,1,0,0,0,0,0,0,0,0
2008-07-01 11:30:00+00:00,30,7,11,198.2498321533203,184.21420288085938,0,0,0,0,0,0,0,0,0,0,0,0,0,1,1,1,1,0,0,0,0,0,0,0,0
2008-07-01 11:30:00+00:00,30,7,11,106.53272247314453,131.75534057617188,0,0,0,0,0,0,0,0,0,0,1,1,1,1,1,1,1,0,0,0,0,0,0,0,0
2008-07-01 11:30:00+00:00,30,7,11,,117.04803466796875,0,0,0,0,0,0,0,0,0,0,0,0,0,0,0,0,0,0,0,0,0,0,0,0,0
2008-07-01 11:30:00+00:00,30,7,11,,,0,0,0,0,0,0,0,0,0,0,0,0,0,0,0,0,0,0,0,0,0,0,0,0,0
2008-07-01 11:30:00+00:00,30,7,11,54.71474838256836,0.0,0,0,0,0,0,0,0,1,1,1,1,1,1,1,1,1,1,1,1,1,1,1,1,1,1
2008-07-01 11:30:00+00:00,30,7,11,,307.1199951171875,0,0,0,0,0,0,0,0,0,0,0,0,0,0,0,0,0,0,0,0,0,0,0,0,0
2008-07-01 11:30:00+00:00,30,7,11,120.2289810180664,112.9072036743164,0,0,0,0,0,0,0,0,0,0,0,1,1,1,1,1,1,0,0,0,0,0,0,0,0
2008-07-01 11:30:00+00:00,30,7,11,545.5675048828125,539.1918334960938,0,0,0,0,0,0,0,0,0,0,0,0,0,0,0,0,0,0,0,0,0,0,0,0,0
2008-07-01 11:30:00+00:00,30,7,11,,,0,0,0,0,0,0,0,0,0,0,0,0,0,0,0,0,0,0,0,0,0,0,0,0,0
2008-07-01 11:45:00+00:00,30,7,11,173.0758819580078,33.651336669921875,0,0,0,0,0,0,0,0,0,0,0,0,1,1,1,1,1,0,0,0,0,0,1,1,1
2008-07-01 11:45:00+00:00,30,7,11,41.38423538208008,9.240439414978027,0,0,0,0,0,0,1,1,1,1,1,1,1,1,1,1,1,1,1,1,1,1,1,1,1
2008-07-01 11:45:00+00:00,30,7,11,73.55329895019531,78.03982543945312,0,0,0,0,0,0,0,0,1,1,1,1,1,1,1,1,1,0,0,0,0,0,0,0,0
2008-07-01 11:45:00+00:00,30,7,11,150.06028747558594,21.07925796508789,0,0,0,0,0,0,0,0,0,0,0,0,1,1,1,1,1,0,0,0,1,1,1,1,1
2008-07-01 11:45:00+00:00,30,7,11,207.58522033691406,185.04345703125,0,0,0,0,0,0,0,0,0,0,0,0,0,0,1,1,1,0,0,0,0,0,0,0,0
2008-07-01 11:45:00+00:00,30,7,11,148.16346740722656,165.50071716308594,0,0,0,0,0,0,0,0,0,0,0,1,1,1,1,1,1,0,0,0,0,0,0,0,0
2008-07-01 11:45:00+00:00,30,7,11,191.91653442382812,185.17138671875,0,0,0,0,0,0,0,0,0,0,0,0,0,1,1,1,1,0,0,0,0,0,0,0,0
2008-07-01 11:45:00+00:00,30,7,11,210.2249298095703,207.66000366210938,0,0,0,0,0,0,0,0,0,0,0,0,0,0,1,1,1,0,0,0,0,0,0,0,0
2008-07-01 11:45:00+00:00,30,7,11,339.2260437011719,318.32965087890625,0,0,0,0,0,0,0,0,0,0,0,0,0,0,0,0,1,0,0,0,0,0,0,0,0
2008-07-01 12:00:00+00:00,30,7,12,100.78398895263672,65.64115142822266,0,0,0,0,0,0,0,0,0,0,1,1,1,1,1,1,1,0,0,0,0,0,0,0,0
2008-07-01 12:00:00+00:00,30,7,12,61.195457458496094,77.16447448730469,0,0,0,0,0,0,0,0,1,1,1,1,1,1,1,1,1,0,0,0,0,0,0,0,0
2008-07-01 12:00:00+00:00,30,7,12,55.238033294677734,0.0,0,0,0,0,0,0,0,1,1,1,1,1,1,1,1,1,1,1,1,1,1,1,1,1,1
2008-07-01 12:00:00+00:00,30,7,12,54.23705291748047,0.0,0,0,0,0,0,0,0,1,1,1,1,1,1,1,1,1,1,1,1,1,1,1,1,1,1
2008-07-01 12:00:00+00:00,30,7,12,125.3438949584961,95.89067077636719,0,0,0,0,0,0,0,0,0,0,0,1,1,1,1,1,1,0,0,0,0,0,0,0,0
2008-07-01 12:00:00+00:00,30,7,12,101.62904357910156,97.42779541015625,0,0,0,0,0,0,0,0,0,0,1,1,1,1,1,1,1,0,0,0,0,0,0,0,0
2008-07-01 12:00:00+00:00,30,7,12,118.88448333740234,112.6303482055664,0,0,0,0,0,0,0,0,0,0,1,1,1,1,1,1,1,0,0,0,0,0,0,0,0
2008-07-01 12:00:00+00:00,30,7,12,212.10377502441406,22.478763580322266,0,0,0,0,0,0,0,0,0,0,0,0,0,0,1,1,1,0,0,0,1,1,1,1,1
2008-07-01 12:00:00+00:00,30,7,12,80.35025024414062,57.609840393066406,0,0,0,0,0,0,0,0,0,1,1,1,1,1,1,1,1,0,0,0,0,0,0,0,1
2008-07-01 12:00:00+00:00,30,7,12,150.68580627441406,120.7414321899414,0,0,0,0,0,0,0,0,0,0,0,0,1,1,1,1,1,0,0,0,0,0,0,0,0
2008-07-01 12:00:00+00:00,30,7,12,72.4413070678711,43.712677001953125,0,0,0,0,0,0,0,0,1,1,1,1,1,1,1,1,1,0,0,0,0,0,0,1,1
2008-07-01 12:00:00+00:00,30,7,12,,,0,0,0,0,0,0,0,0,0,0,0,0,0,0,0,0,0,0,0,0,0,0,0,0,0
2008-07-01 12:00:00+00:00,30,7,12,,,0,0,0,0,0,0,0,0,0,0,0,0,0,0,0,0,0,0,0,0,0,0,0,0,0
2008-07-01 12:00:00+00:00,30,7,12,,423.10491943359375,0,0,0,0,0,0,0,0,0,0,0,0,0,0,0,0,0,0,0,0,0,0,0,0,0
2008-07-01 12:00:00+00:00,30,7,12,206.07733154296875,180.2592010498047,0,0,0,0,0,0,0,0,0,0,0,0,0,0,1,1,1,0,0,0,0,0,0,0,0
2008-07-01 12:00:00+00:00,30,7,12,97.02578735351562,113.15216064453125,0,0,0,0,0,0,0,0,0,1,1,1,1,1,1,1,1,0,0,0,0,0,0,0,0
2008-07-01 12:00:00+00:00,30,7,12,143.61155700683594,55.56623077392578,0,0,0,0,0,0,0,0,0,0,0,1,1,1,1,1,1,0,0,0,0,0,0,0,1
2008-07-01 12:00:00+00:00,30,7,12,,32.94270324707031,0,0,0,0,0,0,0,0,0,0,0,0,0,0,0,0,0,0,0,0,0,0,1,1,1
2008-07-01 12:00:00+00:00,30,7,12,,3.139150857925415,0,0,0,0,0,0,0,0,0,0,0,0,0,0,0,0,0,1,1,1,1,1,1,1,1
2008-07-01 12:00:00+00:00,30,7,12,,,0,0,0,0,0,0,0,0,0,0,0,0,0,0,0,0,0,0,0,0,0,0,0,0,0
2008-07-01 12:00:00+00:00,30,7,12,,,0,0,0,0,0,0,0,0,0,0,0,0,0,0,0,0,0,0,0,0,0,0,0,0,0
2008-07-01 12:15:00+00:00,30,7,12,378.0335998535156,3.074164867401123,0,0,0,0,0,0,0,0,0,0,0,0,0,0,0,0,0,1,1,1,1,1,1,1,1
2008-07-01 12:15:00+00:00,30,7,12,249.51307678222656,144.97242736816406,0,0,0,0,0,0,0,0,0,0,0,0,0,0,1,1,1,0,0,0,0,0,0,0,0
2008-07-01 12:15:00+00:00,30,7,12,162.91676330566406,141.97654724121094,0,0,0,0,0,0,0,0,0,0,0,0,1,1,1,1,1,0,0,0,0,0,0,0,0
2008-07-01 12:15:00+00:00,30,7,12,125.70134735107422,83.26377868652344,0,0,0,0,0,0,0,0,0,0,0,1,1,1,1,1,1,0,0,0,0,0,0,0,0
2008-07-01 12:15:00+00:00,30,7,12,53.032814025878906,594.2762451171875,0,0,0,0,0,0,0,1,1,1,1,1,1,1,1,1,1,0,0,0,0,0,0,0,0
2008-07-01 12:15:00+00:00,30,7,12,,,0,0,0,0,0,0,0,0,0,0,0,0,0,0,0,0,0,0,0,0,0,0,0,0,0
2008-07-01 12:15:00+00:00,30,7,12,73.3499755859375,38.20478057861328,0,0,0,0,0,0,0,0,1,1,1,1,1,1,1,1,1,0,0,0,0,0,1,1,1
2008-07-01 12:15:00+00:00,30,7,12,144.68077087402344,220.7458038330078,0,0,0,0,0,0,0,0,0,0,0,1,1,1,1,1,1,0,0,0,0,0,0,0,0
2008-07-01 12:15:00+00:00,30,7,12,199.33897399902344,181.96107482910156,0,0,0,0,0,0,0,0,0,0,0,0,0,1,1,1,1,0,0,0,0,0,0,0,0
2008-07-01 12:15:00+00:00,30,7,12,,,0,0,0,0,0,0,0,0,0,0,0,0,0,0,0,0,0,0,0,0,0,0,0,0,0
2008-07-01 12:30:00+00:00,30,7,12,443.15069580078125,,0,0,0,0,0,0,0,0,0,0,0,0,0,0,0,0,0,0,0,0,0,0,0,0,0
2008-07-01 12:30:00+00:00,30,7,12,33.933048248291016,3.102915048599243,0,0,0,0,0,1,1,1,1,1,1,1,1,1,1,1,1,1,1,1,1,1,1,1,1
2008-07-01 12:30:00+00:00,30,7,12,63.79364776611328,49.44466781616211,0,0,0,0,0,0,0,0,1,1,1,1,1,1,1,1,1,0,0,0,0,0,0,1,1
2008-07-01 12:30:00+00:00,30,7,12,,,0,0,0,0,0,0,0,0,0,0,0,0,0,0,0,0,0,0,0,0,0,0,0,0,0
2008-07-01 12:30:00+00:00,30,7,12,64.89405059814453,485.2563781738281,0,0,0,0,0,0,0,0,1,1,1,1,1,1,1,1,1,0,0,0,0,0,0,0,0
2008-07-01 12:30:00+00:00,30,7,12,,,0,0,0,0,0,0,0,0,0,0,0,0,0,0,0,0,0,0,0,0,0,0,0,0,0
2008-07-01 12:30:00+00:00,30,7,12,95.37288665771484,45.596717834472656,0,0,0,0,0,0,0,0,0,1,1,1,1,1,1,1,1,0,0,0,0,0,0,1,1
2008-07-01 12:30:00+00:00,30,7,12,152.05958557128906,128.8878173828125,0,0,0,0,0,0,0,0,0,0,0,0,1,1,1,1,1,0,0,0,0,0,0,0,0
2008-07-01 12:30:00+00:00,30,7,12,240.78797912597656,239.74143981933594,0,0,0,0,0,0,0,0,0,0,0,0,0,0,1,1,1,0,0,0,0,0,0,0,0
2008-07-01 12:30:00+00:00,30,7,12,131.0027313232422,98.98040008544922,0,0,0,0,0,0,0,0,0,0,0,1,1,1,1,1,1,0,0,0,0,0,0,0,0
2008-07-01 12:30:00+00:00,30,7,12,141.37127685546875,0.0,0,0,0,0,0,0,0,0,0,0,0,1,1,1,1,1,1,1,1,1,1,1,1,1,1
2008-07-01 12:30:00+00:00,30,7,12,,275.30303955078125,0,0,0,0,0,0,0,0,0,0,0,0,0,0,0,0,0,0,0,0,0,0,0,0,0
2008-07-01 12:45:00+00:00,30,7,12,49.93471908569336,36.43909454345703,0,0,0,0,0,0,1,1,1,1,1,1,1,1,1,1,1,0,0,0,0,0,1,1,1
2008-07-01 12:45:00+00:00,30,7,12,158.8408660888672,406.5989990234375,0,0,0,0,0,0,0,0,0,0,0,0,1,1,1,1,1,0,0,0,0,0,0,0,0
2008-07-01 12:45:00+00:00,30,7,12,,,0,0,0,0,0,0,0,0,0,0,0,0,0,0,0,0,0,0,0,0,0,0,0,0,0
2008-07-01 12:45:00+00:00,30,7,12,233.56893920898438,206.2235565185547,0,0,0,0,0,0,0,0,0,0,0,0,0,0,1,1,1,0,0,0,0,0,0,0,0
2008-07-01 12:45:00+00:00,30,7,12,206.55136108398438,178.48260498046875,0,0,0,0,0,0,0,0,0,0,0,0,0,0,1,1,1,0,0,0,0,0,0,0,0
2008-07-01 12:45:00+00:00,30,7,12,,7.36442232131958,0,0,0,0,0,0,0,0,0,0,0,0,0,0,0,0,0,1,1,1,1,1,1,1,1
2008-07-01 12:45:00+00:00,30,7,12,308.2779846191406,286.40264892578125,0,0,0,0,0,0,0,0,0,0,0,0,0,0,0,0,1,0,0,0,0,0,0,0,0
2008-07-01 12:45:00+00:00,30,7,12,147.16835021972656,131.67539978027344,0,0,0,0,0,0,0,0,0,0,0,1,1,1,1,1,1,0,0,0,0,0,0,0,0
2008-07-01 12:45:00+00:00,30,7,12,146.7938232421875,159.48155212402344,0,0,0,0,0,0,0,0,0,0,0,1,1,1,1,1,1,0,0,0,0,0,0,0,0
2008-07-01 12:45:00+00:00,30,7,12,138.9369659423828,6.339571475982666,0,0,0,0,0,0,0,0,0,0,0,1,1,1,1,1,1,1,1,1,1,1,1,1,1
2008-07-01 12:45:00+00:00,30,7,12,161.871337890625,6.293250560760498,0,0,0,0,0,0,0,0,0,0,0,0,1,1,1,1,1,1,1,1,1,1,1,1,1
2008-07-01 12:45:00+00:00,30,7,12,147.21279907226562,105.84246063232422,0,0,0,0,0,0,0,0,0,0,0,1,1,1,1,1,1,0,0,0,0,0,0,0,0
2008-07-01 12:45:00+00:00,30,7,12,283.6694641113281,299.5522766113281,0,0,0,0,0,0,0,0,0,0,0,0,0,0,0,1,1,0,0,0,0,0,0,0,0
2008-07-01 13:00:00+00:00,30,7,13,101.6933822631836,84.8721923828125,0,0,0,0,0,0,0,0,0,0,1,1,1,1,1,1,1,0,0,0,0,0,0,0,0
2008-07-01 13:00:00+00:00,30,7,13,44.69498825073242,75.21143341064453,0,0,0,0,0,0,1,1,1,1,1,1,1,1,1,1,1,0,0,0,0,0,0,0,0
2008-07-01 13:00:00+00:00,30,7,13,149.94004821777344,144.8851318359375,0,0,0,0,0,0,0,0,0,0,0,1,1,1,1,1,1,0,0,0,0,0,0,0,0
2008-07-01 13:00:00+00:00,30,7,13,70.7185287475586,9.428047180175781,0,0,0,0,0,0,0,0,1,1,1,1,1,1,1,1,1,1,1,1,1,1,1,1,1
2008-07-01 13:00:00+00:00,30,7,13,146.43948364257812,149.84933471679688,0,0,0,0,0,0,0,0,0,0,0,1,1,1,1,1,1,0,0,0,0,0,0,0,0
2008-07-01 13:00:00+00:00,30,7,13,,129.66676330566406,0,0,0,0,0,0,0,0,0,0,0,0,0,0,0,0,0,0,0,0,0,0,0,0,0
2008-07-01 13:00:00+00:00,30,7,13,,95.56253814697266,0,0,0,0,0,0,0,0,0,0,0,0,0,0,0,0,0,0,0,0,0,0,0,0,0
2008-07-01 13:00:00+00:00,30,7,13,,,0,0,0,0,0,0,0,0,0,0,0,0,0,0,0,0,0,0,0,0,0,0,0,0,0
2008-07-01 13:00:00+00:00,30,7,13,,,0,0,0,0,0,0,0,0,0,0,0,0,0,0,0,0,0,0,0,0,0,0,0,0,0
2008-07-01 13:00:00+00:00,30,7,13,464.1099548339844,,0,0,0,0,0,0,0,0,0,0,0,0,0,0,0,0,0,0,0,0,0,0,0,0,0
2008-07-01 13:15:00+00:00,30,7,13,107.11294555664062,127.51612854003906,0,0,0,0,0,0,0,0,0,0,1,1,1,1,1,1,1,0,0,0,0,0,0,0,0
2008-07-01 13:15:00+00:00,30,7,13,71.34426879882812,88.02709197998047,0,0,0,0,0,0,0,0,1,1,1,1,1,1,1,1,1,0,0,0,0,0,0,0,0
2008-07-01 13:15:00+00:00,30,7,13,171.2574462890625,98.37559509277344,0,0,0,0,0,0,0,0,0,0,0,0,1,1,1,1,1,0,0,0,0,0,0,0,0
2008-07-01 13:15:00+00:00,30,7,13,,188.41567993164062,0,0,0,0,0,0,0,0,0,0,0,0,0,0,0,0,0,0,0,0,0,0,0,0,0
2008-07-01 13:15:00+00:00,30,7,13,,327.5585632324219,0,0,0,0,0,0,0,0,0,0,0,0,0,0,0,0,0,0,0,0,0,0,0,0,0
2008-07-01 13:15:00+00:00,30,7,13,398.9247131347656,284.3033447265625,0,0,0,0,0,0,0,0,0,0,0,0,0,0,0,0,0,0,0,0,0,0,0,0,0
2008-07-01 13:15:00+00:00,30,7,13,179.9105987548828,160.56307983398438,0,0,0,0,0,0,0,0,0,0,0,0,1,1,1,1,1,0,0,0,0,0,0,0,0
2008-07-01 13:15:00+00:00,30,7,13,274.1336669921875,250.80833435058594,0,0,0,0,0,0,0,0,0,0,0,0,0,0,0,1,1,0,0,0,0,0,0,0,0
2008-07-01 13:15:00+00:00,30,7,13,254.80221557617188,259.2602233886719,0,0,0,0,0,0,0,0,0,0,0,0,0,0,0,1,1,0,0,0,0,0,0,0,0
2008-07-01 13:15:00+00:00,30,7,13,280.22357177734375,286.7087707519531,0,0,0,0,0,0,0,0,0,0,0,0,0,0,0,1,1,0,0,0,0,0,0,0,0
2008-07-01 13:15:00+00:00,30,7,13,278.7580871582031,257.672119140625,0,0,0,0,0,0,0,0,0,0,0,0,0,0,0,1,1,0,0,0,0,0,0,0,0
2008-07-01 13:15:00+00:00,30,7,13,48.6774787902832,66.69730377197266,0,0,0,0,0,0,1,1,1,1,1,1,1,1,1,1,1,0,0,0,0,0,0,0,0
2008-07-01 13:15:00+00:00,30,7,13,212.23593139648438,192.60357666015625,0,0,0,0,0,0,0,0,0,0,0,0,0,0,1,1,1,0,0,0,0,0,0,0,0
2008-07-01 13:30:00+00:00,30,7,13,28.631113052368164,16.672313690185547,0,0,0,0,1,1,1,1,1,1,1,1,1,1,1,1,1,0,0,1,1,1,1,1,1
2008-07-01 13:30:00+00:00,30,7,13,107.91714477539062,108.9880599975586,0,0,0,0,0,0,0,0,0,0,1,1,1,1,1,1,1,0,0,0,0,0,0,0,0
2008-07-01 13:30:00+00:00,30,7,13,116.96603393554688,93.87210845947266,0,0,0,0,0,0,0,0,0,0,1,1,1,1,1,1,1,0,0,0,0,0,0,0,0
2008-07-01 13:30:00+00:00,30,7,13,56.70265197753906,280.4971923828125,0,0,0,0,0,0,0,1,1,1,1,1,1,1,1,1,1,0,0,0,0,0,0,0,0
2008-07-01 13:30:00+00:00,30,7,13,386.2346496582031,378.3584289550781,0,0,0,0,0,0,0,0,0,0,0,0,0,0,0,0,0,0,0,0,0,0,0,0,0
2008-07-01 13:30:00+00:00,30,7,13,,,0,0,0,0,0,0,0,0,0,0,0,0,0,0,0,0,0,0,0,0,0,0,0,0,0
2008-07-01 13:30:00+00:00,30,7,13,,,0,0,0,0,0,0,0,0,0,0,0,0,0,0,0,0,0,0,0,0,0,0,0,0,0
2008-07-01 13:30:00+00:00,30,7,13,,309.6968994140625,0,0,0,0,0,0,0,0,0,0,0,0,0,0,0,0,0,0,0,0,0,0,0,0,0
2008-07-01 13:30:00+00:00,30,7,13,65.58964538574219,40.328067779541016,0,0,0,0,0,0,0,0,1,1,1,1,1,1,1,1,1,0,0,0,0,0,0,1,1
2008-07-01 13:30:00+00:00,30,7,13,398.19586181640625,305.32049560546875,0,0,0,0,0,0,0,0,0,0,0,0,0,0,0,0,0,0,0,0,0,0,0,0,0
2008-07-01 13:30:00+00:00,30,7,13,94.31204986572266,68.35326385498047,0,0,0,0,0,0,0,0,0,1,1,1,1,1,1,1,1,0,0,0,0,0,0,0,0
2008-07-01 13:30:00+00:00,30,7,13,,,0,0,0,0,0,0,0,0,0,0,0,0,0,0,0,0,0,0,0,0,0,0,0,0,0
2008-07-01 13:30:00+00:00,30,7,13,,,0,0,0,0,0,0,0,0,0,0,0,0,0,0,0,0,0,0,0,0,0,0,0,0,0
2008-07-01 13:30:00+00:00,30,7,13,320.74444580078125,232.9738311767578,0,0,0,0,0,0,0,0,0,0,0,0,0,0,0,0,1,0,0,0,0,0,0,0,0
2008-07-01 13:30:00+00:00,30,7,13,123.8879623413086,72.37328338623047,0,0,0,0,0,0,0,0,0,0,0,1,1,1,1,1,1,0,0,0,0,0,0,0,0
2008-07-01 13:30:00+00:00,30,7,13,,,0,0,0,0,0,0,0,0,0,0,0,0,0,0,0,0,0,0,0,0,0,0,0,0,0
2008-07-01 13:30:00+00:00,30,7,13,253.0380096435547,196.27110290527344,0,0,0,0,0,0,0,0,0,0,0,0,0,0,0,1,1,0,0,0,0,0,0,0,0
2008-07-01 13:30:00+00:00,30,7,13,155.81454467773438,163.11331176757812,0,0,0,0,0,0,0,0,0,0,0,0,1,1,1,1,1,0,0,0,0,0,0,0,0
2008-07-01 13:30:00+00:00,30,7,13,325.0447998046875,330.208740234375,0,0,0,0,0,0,0,0,0,0,0,0,0,0,0,0,1,0,0,0,0,0,0,0,0
2008-07-01 13:45:00+00:00,30,7,13,28.980823516845703,30.226545333862305,0,0,0,0,1,1,1,1,1,1,1,1,1,1,1,1,1,0,0,0,0,0,1,1,1
2008-07-01 13:45:00+00:00,30,7,13,,,0,0,0,0,0,0,0,0,0,0,0,0,0,0,0,0,0,0,0,0,0,0,0,0,0
2008-07-01 13:45:00+00:00,30,7,13,,262.4756164550781,0,0,0,0,0,0,0,0,0,0,0,0,0,0,0,0,0,0,0,0,0,0,0,0,0
2008-07-01 13:45:00+00:00,30,7,13,,371.7514343261719,0,0,0,0,0,0,0,0,0,0,0,0,0,0,0,0,0,0,0,0,0,0,0,0,0
2008-07-01 13:45:00+00:00,30,7,13,355.3985900878906,289.8994445800781,0,0,0,0,0,0,0,0,0,0,0,0,0,0,0,0,0,0,0,0,0,0,0,0,0
2008-07-01 13:45:00+00:00,30,7,13,94.19396209716797,78.82201385498047,0,0,0,0,0,0,0,0,0,1,1,1,1,1,1,1,1,0,0,0,0,0,0,0,0
2008-07-01 13:45:00+00:00,30,7,13,85.27832794189453,74.8199691772461,0,0,0,0,0,0,0,0,0,1,1,1,1,1,1,1,1,0,0,0,0,0,0,0,0
2008-07-01 13:45:00+00:00,30,7,13,141.8607635498047,88.86341857910156,0,0,0,0,0,0,0,0,0,0,0,1,1,1,1,1,1,0,0,0,0,0,0,0,0
2008-07-01 13:45:00+00:00,30,7,13,,,0,0,0,0,0,0,0,0,0,0,0,0,0,0,0,0,0,0,0,0,0,0,0,0,0
2008-07-01 13:45:00+00:00,30,7,13,316.2783203125,198.38584899902344,0,0,0,0,0,0,0,0,0,0,0,0,0,0,0,0,1,0,0,0,0,0,0,0,0
2008-07-01 13:45:00+00:00,30,7,13,342.69573974609375,230.7507781982422,0,0,0,0,0,0,0,0,0,0,0,0,0,0,0,0,1,0,0,0,0,0,0,0,0
2008-07-01 14:00:00+00:00,30,7,14,89.50212097167969,84.38081359863281,0,0,0,0,0,0,0,0,0,1,1,1,1,1,1,1,1,0,0,0,0,0,0,0,0
2008-07-01 14:00:00+00:00,30,7,14,163.3146209716797,146.9342803955078,0,0,0,0,0,0,0,0,0,0,0,0,1,1,1,1,1,0,0,0,0,0,0,0,0
2008-07-01 14:00:00+00:00,30,7,14,497.5407409667969,472.91986083984375,0,0,0,0,0,0,0,0,0,0,0,0,0,0,0,0,0,0,0,0,0,0,0,0,0
2008-07-01 14:00:00+00:00,30,7,14,100.93070220947266,185.54598999023438,0,0,0,0,0,0,0,0,0,0,1,1,1,1,1,1,1,0,0,0,0,0,0,0,0
2008-07-01 14:00:00+00:00,30,7,14,403.6707763671875,134.75064086914062,0,0,0,0,0,0,0,0,0,0,0,0,0,0,0,0,0,0,0,0,0,0,0,0,0
2008-07-01 14:00:00+00:00,30,7,14,237.08778381347656,236.296875,0,0,0,0,0,0,0,0,0,0,0,0,0,0,1,1,1,0,0,0,0,0,0,0,0
2008-07-01 14:00:00+00:00,30,7,14,316.71112060546875,315.443603515625,0,0,0,0,0,0,0,0,0,0,0,0,0,0,0,0,1,0,0,0,0,0,0,0,0
2008-07-01 14:00:00+00:00,30,7,14,229.02536010742188,175.81692504882812,0,0,0,0,0,0,0,0,0,0,0,0,0,0,1,1,1,0,0,0,0,0,0,0,0
2008-07-01 14:00:00+00:00,30,7,14,,,0,0,0,0,0,0,0,0,0,0,0,0,0,0,0,0,0,0,0,0,0,0,0,0,0
2008-07-01 14:00:00+00:00,30,7,14,,,0,0,0,0,0,0,0,0,0,0,0,0,0,0,0,0,0,0,0,0,0,0,0,0,0
2008-07-01 14:00:00+00:00,30,7,14,191.4678955078125,202.29055786132812,0,0,0,0,0,0,0,0,0,0,0,0,0,1,1,1,1,0,0,0,0,0,0,0,0
2008-07-01 14:00:00+00:00,30,7,14,238.5167694091797,204.2523193359375,0,0,0,0,0,0,0,0,0,0,0,0,0,0,1,1,1,0,0,0,0,0,0,0,0
2008-07-01 14:00:00+00:00,30,7,14,109.55570220947266,87.6478042602539,0,0,0,0,0,0,0,0,0,0,1,1,1,1,1,1,1,0,0,0,0,0,0,0,0
2008-07-01 14:00:00+00:00,30,7,14,195.282470703125,187.01409912109375,0,0,0,0,0,0,0,0,0,0,0,0,0,1,1,1,1,0,0,0,0,0,0,0,0
2008-07-01 14:00:00+00:00,30,7,14,145.0986785888672,0.0,0,0,0,0,0,0,0,0,0,0,0,1,1,1,1,1,1,1,1,1,1,1,1,1,1
2008-07-01 14:00:00+00:00,30,7,14,,,0,0,0,0,0,0,0,0,0,0,0,0,0,0,0,0,0,0,0,0,0,0,0,0,0
2008-07-01 14:00:00+00:00,30,7,14,,,0,0,0,0,0,0,0,0,0,0,0,0,0,0,0,0,0,0,0,0,0,0,0,0,0
2008-07-01 14:15:00+00:00,30,7,14,63.92797088623047,48.2860221862793,0,0,0,0,0,0,0,0,1,1,1,1,1,1,1,1,1,0,0,0,0,0,0,1,1
2008-07-01 14:15:00+00:00,30,7,14,53.603965759277344,6.154977798461914,0,0,0,0,0,0,0,1,1,1,1,1,1,1,1,1,1,1,1,1,1,1,1,1,1
2008-07-01 14:15:00+00:00,30,7,14,,,0,0,0,0,0,0,0,0,0,0,0,0,0,0,0,0,0,0,0,0,0,0,0,0,0
2008-07-01 14:15:00+00:00,30,7,14,141.77760314941406,132.70423889160156,0,0,0,0,0,0,0,0,0,0,0,1,1,1,1,1,1,0,0,0,0,0,0,0,0
2008-07-01 14:15:00+00:00,30,7,14,167.9821014404297,158.70660400390625,0,0,0,0,0,0,0,0,0,0,0,0,1,1,1,1,1,0,0,0,0,0,0,0,0
2008-07-01 14:15:00+00:00,30,7,14,121.52604675292969,173.37387084960938,0,0,0,0,0,0,0,0,0,0,0,1,1,1,1,1,1,0,0,0,0,0,0,0,0
2008-07-01 14:15:00+00:00,30,7,14,121.21049499511719,104.57958221435547,0,0,0,0,0,0,0,0,0,0,0,1,1,1,1,1,1,0,0,0,0,0,0,0,0
2008-07-01 14:15:00+00:00,30,7,14,,,0,0,0,0,0,0,0,0,0,0,0,0,0,0,0,0,0,0,0,0,0,0,0,0,0
2008-07-01 14:15:00+00:00,30,7,14,,,0,0,0,0,0,0,0,0,0,0,0,0,0,0,0,0,0,0,0,0,0,0,0,0,0
2008-07-01 14:15:00+00:00,30,7,14,,,0,0,0,0,0,0,0,0,0,0,0,0,0,0,0,0,0,0,0,0,0,0,0,0,0
2008-07-01 14:15:00+00:00,30,7,14,94.31229400634766,65.55880737304688,0,0,0,0,0,0,0,0,0,1,1,1,1,1,1,1,1,0,0,0,0,0,0,0,0
2008-07-01 14:15:00+00:00,30,7,14,137.02023315429688,105.90078735351562,0,0,0,0,0,0,0,0,0,0,0,1,1,1,1,1,1,0,0,0,0,0,0,0,0
2008-07-01 14:15:00+00:00,30,7,14,,,0,0,0,0,0,0,0,0,0,0,0,0,0,0,0,0,0,0,0,0,0,0,0,0,0
2008-07-01 14:15:00+00:00,30,7,14,,22.31830406188965,0,0,0,0,0,0,0,0,0,0,0,0,0,0,0,0,0,0,0,0,1,1,1,1,1
2008-07-01 14:15:00+00:00,30,7,14,,,0,0,0,0,0,0,0,0,0,0,0,0,0,0,0,0,0,0,0,0,0,0,0,0,0
2008-07-01 14:15:00+00:00,30,7,14,,,0,0,0,0,0,0,0,0,0,0,0,0,0,0,0,0,0,0,0,0,0,0,0,0,0
2008-07-01 14:30:00+00:00,30,7,14,147.79940795898438,136.6488037109375,0,0,0,0,0,0,0,0,0,0,0,1,1,1,1,1,1,0,0,0,0,0,0,0,0
2008-07-01 14:30:00+00:00,30,7,14,239.52133178710938,6.110212802886963,0,0,0,0,0,0,0,0,0,0,0,0,0,0,1,1,1,1,1,1,1,1,1,1,1
2008-07-01 14:30:00+00:00,30,7,14,280.1641845703125,289.2568664550781,0,0,0,0,0,0,0,0,0,0,0,0,0,0,0,1,1,0,0,0,0,0,0,0,0
2008-07-01 14:30:00+00:00,30,7,14,189.2034912109375,104.75432586669922,0,0,0,0,0,0,0,0,0,0,0,0,0,1,1,1,1,0,0,0,0,0,0,0,0
2008-07-01 14:30:00+00:00,30,7,14,285.11138916015625,250.87539672851562,0,0,0,0,0,0,0,0,0,0,0,0,0,0,0,1,1,0,0,0,0,0,0,0,0
2008-07-01 14:30:00+00:00,30,7,14,65.77069854736328,48.77854919433594,0,0,0,0,0,0,0,0,1,1,1,1,1,1,1,1,1,0,0,0,0,0,0,1,1
2008-07-01 14:30:00+00:00,30,7,14,160.7027587890625,210.02540588378906,0,0,0,0,0,0,0,0,0,0,0,0,1,1,1,1,1,0,0,0,0,0,0,0,0
2008-07-01 14:30:00+00:00,30,7,14,59.574527740478516,40.42314147949219,0,0,0,0,0,0,0,1,1,1,1,1,1,1,1,1,1,0,0,0,0,0,0,1,1
2008-07-01 14:30:00+00:00,30,7,14,94.97203063964844,105.33788299560547,0,0,0,0,0,0,0,0,0,1,1,1,1,1,1,1,1,0,0,0,0,0,0,0,0
2008-07-01 14:30:00+00:00,30,7,14,149.11373901367188,158.8910675048828,0,0,0,0,0,0,0,0,0,0,0,1,1,1,1,1,1,0,0,0,0,0,0,0,0
2008-07-01 14:30:00+00:00,30,7,14,53.182010650634766,70.45600128173828,0,0,0,0,0,0,0,1,1,1,1,1,1,1,1,1,1,0,0,0,0,0,0,0,0
2008-07-01 14:30:00+00:00,30,7,14,44.647064208984375,16.040760040283203,0,0,0,0,0,0,1,1,1,1,1,1,1,1,1,1,1,0,0,1,1,1,1,1,1
2008-07-01 14:30:00+00:00,30,7,14,251.8985137939453,203.0096893310547,0,0,0,0,0,0,0,0,0,0,0,0,0,0,0,1,1,0,0,0,0,0,0,0,0
2008-07-01 14:30:00+00:00,30,7,14,79.67029571533203,51.21354675292969,0,0,0,0,0,0,0,0,1,1,1,1,1,1,1,1,1,0,0,0,0,0,0,0,1
2008-07-01 14:30:00+00:00,30,7,14,69.1720962524414,71.8706283569336,0,0,0,0,0,0,0,0,1,1,1,1,1,1,1,1,1,0,0,0,0,0,0,0,0
2008-07-01 14:30:00+00:00,30,7,14,,,0,0,0,0,0,0,0,0,0,0,0,0,0,0,0,0,0,0,0,0,0,0,0,0,0
2008-07-01 14:30:00+00:00,30,7,14,,,0,0,0,0,0,0,0,0,0,0,0,0,0,0,0,0,0,0,0,0,0,0,0,0,0
2008-07-01 14:45:00+00:00,30,7,14,44.03604507446289,0.0,0,0,0,0,0,0,1,1,1,1,1,1,1,1,1,1,1,1,1,1,1,1,1,1,1
2008-07-01 14:45:00+00:00,30,7,14,43.821556091308594,39.96115493774414,0,0,0,0,0,0,1,1,1,1,1,1,1,1,1,1,1,0,0,0,0,0,1,1,1
2008-07-01 14:45:00+00:00,30,7,14,164.53208923339844,174.78892517089844,0,0,0,0,0,0,0,0,0,0,0,0,1,1,1,1,1,0,0,0,0,0,0,0,0
2008-07-01 14:45:00+00:00,30,7,14,69.28624725341797,55.275917053222656,0,0,0,0,0,0,0,0,1,1,1,1,1,1,1,1,1,0,0,0,0,0,0,0,1
2008-07-01 14:45:00+00:00,30,7,14,107.57521057128906,96.97595977783203,0,0,0,0,0,0,0,0,0,0,1,1,1,1,1,1,1,0,0,0,0,0,0,0,0
2008-07-01 14:45:00+00:00,30,7,14,321.16485595703125,,0,0,0,0,0,0,0,0,0,0,0,0,0,0,0,0,1,0,0,0,0,0,0,0,0
2008-07-01 14:45:00+00:00,30,7,14,226.17147827148438,241.47854614257812,0,0,0,0,0,0,0,0,0,0,0,0,0,0,1,1,1,0,0,0,0,0,0,0,0
2008-07-01 14:45:00+00:00,30,7,14,65.34335327148438,136.1683349609375,0,0,0,0,0,0,0,0,1,1,1,1,1,1,1,1,1,0,0,0,0,0,0,0,0
2008-07-01 14:45:00+00:00,30,7,14,,,0,0,0,0,0,0,0,0,0,0,0,0,0,0,0,0,0,0,0,0,0,0,0,0,0
2008-07-01 14:45:00+00:00,30,7,14,139.61741638183594,173.9301300048828,0,0,0,0,0,0,0,0,0,0,0,1,1,1,1,1,1,0,0,0,0,0,0,0,0
2008-07-01 14:45:00+00:00,30,7,14,,,0,0,0,0,0,0,0,0,0,0,0,0,0,0,0,0,0,0,0,0,0,0,0,0,0
2008-07-01 14:45:00+00:00,30,7,14,,,0,0,0,0,0,0,0,0,0,0,0,0,0,0,0,0,0,0,0,0,0,0,0,0,0
2008-07-01 14:45:00+00:00,30,7,14,274.689697265625,323.6053771972656,0,0,0,0,0,0,0,0,0,0,0,0,0,0,0,1,1,0,0,0,0,0,0,0,0
2008-07-01 14:45:00+00:00,30,7,14,109.87416076660156,44.85599136352539,0,0,0,0,0,0,0,0,0,0,1,1,1,1,1,1,1,0,0,0,0,0,0,1,1
2008-07-01 14:45:00+00:00,30,7,14,,,0,0,0,0,0,0,0,0,0,0,0,0,0,0,0,0,0,0,0,0,0,0,0,0,0
2008-07-01 14:45:00+00:00,30,7,14,41.65190887451172,50.46660232543945,0,0,0,0,0,0,1,1,1,1,1,1,1,1,1,1,1,0,0,0,0,0,0,0,1
2008-07-01 14:45:00+00:00,30,7,14,103.8175277709961,10.036016464233398,0,0,0,0,0,0,0,0,0,0,1,1,1,1,1,1,1,0,1,1,1,1,1,1,1
2008-07-01 15:00:00+00:00,30,7,15,88.01216125488281,97.26116180419922,0,0,0,0,0,0,0,0,0,1,1,1,1,1,1,1,1,0,0,0,0,0,0,0,0
2008-07-01 15:00:00+00:00,30,7,15,525.4902954101562,365.2180480957031,0,0,0,0,0,0,0,0,0,0,0,0,0,0,0,0,0,0,0,0,0,0,0,0,0
2008-07-01 15:00:00+00:00,30,7,15,565.3203735351562,378.8182678222656,0,0,0,0,0,0,0,0,0,0,0,0,0,0,0,0,0,0,0,0,0,0,0,0,0
2008-07-01 15:00:00+00:00,30,7,15,,118.28498840332031,0,0,0,0,0,0,0,0,0,0,0,0,0,0,0,0,0,0,0,0,0,0,0,0,0
2008-07-01 15:00:00+00:00,30,7,15,39.24248504638672,20.553695678710938,0,0,0,0,0,1,1,1,1,1,1,1,1,1,1,1,1,0,0,0,1,1,1,1,1
2008-07-01 15:00:00+00:00,30,7,15,55.438133239746094,51.34001922607422,0,0,0,0,0,0,0,1,1,1,1,1,1,1,1,1,1,0,0,0,0,0,0,0,1
2008-07-01 15:00:00+00:00,30,7,15,75.76422882080078,134.09515380859375,0,0,0,0,0,0,0,0,1,1,1,1,1,1,1,1,1,0,0,0,0,0,0,0,0
2008-07-01 15:00:00+00:00,30,7,15,368.4267883300781,382.95941162109375,0,0,0,0,0,0,0,0,0,0,0,0,0,0,0,0,0,0,0,0,0,0,0,0,0
2008-07-01 15:00:00+00:00,30,7,15,340.6929626464844,115.93119049072266,0,0,0,0,0,0,0,0,0,0,0,0,0,0,0,0,1,0,0,0,0,0,0,0,0
2008-07-01 15:00:00+00:00,30,7,15,94.5346450805664,82.36837768554688,0,0,0,0,0,0,0,0,0,1,1,1,1,1,1,1,1,0,0,0,0,0,0,0,0
2008-07-01 15:00:00+00:00,30,7,15,87.6238021850586,26.804094314575195,0,0,0,0,0,0,0,0,0,1,1,1,1,1,1,1,1,0,0,0,0,1,1,1,1
2008-07-01 15:00:00+00:00,30,7,15,170.45851135253906,189.28179931640625,0,0,0,0,0,0,0,0,0,0,0,0,1,1,1,1,1,0,0,0,0,0,0,0,0
2008-07-01 15:00:00+00:00,30,7,15,101.83207702636719,46.906707763671875,0,0,0,0,0,0,0,0,0,0,1,1,1,1,1,1,1,0,0,0,0,0,0,1,1
2008-07-01 15:00:00+00:00,30,7,15,106.738037109375,130.74343872070312,0,0,0,0,0,0,0,0,0,0,1,1,1,1,1,1,1,0,0,0,0,0,0,0,0
2008-07-01 15:00:00+00:00,30,7,15,428.9753112792969,439.12103271484375,0,0,0,0,0,0,0,0,0,0,0,0,0,0,0,0,0,0,0,0,0,0,0,0,0
2008-07-01 15:15:00+00:00,30,7,15,158.13368225097656,150.22702026367188,0,0,0,0,0,0,0,0,0,0,0,0,1,1,1,1,1,0,0,0,0,0,0,0,0
2008-07-01 15:15:00+00:00,30,7,15,83.97869110107422,81.95634460449219,0,0,0,0,0,0,0,0,0,1,1,1,1,1,1,1,1,0,0,0,0,0,0,0,0
2008-07-01 15:15:00+00:00,30,7,15,375.8080139160156,152.39259338378906,0,0,0,0,0,0,0,0,0,0,0,0,0,0,0,0,0,0,0,0,0,0,0,0,0
2008-07-01 15:15:00+00:00,30,7,15,48.839561462402344,30.613008499145508,0,0,0,0,0,0,1,1,1,1,1,1,1,1,1,1,1,0,0,0,0,0,1,1,1
2008-07-01 15:15:00+00:00,30,7,15,234.96510314941406,11.536508560180664,0,0,0,0,0,0,0,0,0,0,0,0,0,0,1,1,1,0,1,1,1,1,1,1,1
2008-07-01 15:15:00+00:00,30,7,15,213.4875030517578,18.499740600585938,0,0,0,0,0,0,0,0,0,0,0,0,0,0,1,1,1,0,0,1,1,1,1,1,1
2008-07-01 15:15:00+00:00,30,7,15,,,0,0,0,0,0,0,0,0,0,0,0,0,0,0,0,0,0,0,0,0,0,0,0,0,0
2008-07-01 15:15:00+00:00,30,7,15,292.37286376953125,303.9859924316406,0,0,0,0,0,0,0,0,0,0,0,0,0,0,0,1,1,0,0,0,0,0,0,0,0
2008-07-01 15:15:00+00:00,30,7,15,,,0,0,0,0,0,0,0,0,0,0,0,0,0,0,0,0,0,0,0,0,0,0,0,0,0
2008-07-01 15:15:00+00:00,30,7,15,492.5847473144531,375.6214904785156,0,0,0,0,0,0,0,0,0,0,0,0,0,0,0,0,0,0,0,0,0,0,0,0,0
2008-07-01 15:15:00+00:00,30,7,15,106.4666976928711,19.902875900268555,0,0,0,0,0,0,0,0,0,0,1,1,1,1,1,1,1,0,0,1,1,1,1,1,1
2008-07-01 15:15:00+00:00,30,7,15,,409.8802490234375,0,0,0,0,0,0,0,0,0,0,0,0,0,0,0,0,0,0,0,0,0,0,0,0,0
2008-07-01 15:15:00+00:00,30,7,15,,,0,0,0,0,0,0,0,0,0,0,0,0,0,0,0,0,0,0,0,0,0,0,0,0,0
2008-07-01 15:15:00+00:00,30,7,15,296.89617919921875,199.0005645751953,0,0,0,0,0,0,0,0,0,0,0,0,0,0,0,1,1,0,0,0,0,0,0,0,0
2008-07-01 15:15:00+00:00,30,7,15,,,0,0,0,0,0,0,0,0,0,0,0,0,0,0,0,0,0,0,0,0,0,0,0,0,0
2008-07-01 15:30:00+00:00,30,7,15,73.08577728271484,59.62553024291992,0,0,0,0,0,0,0,0,1,1,1,1,1,1,1,1,1,0,0,0,0,0,0,0,1
2008-07-01 15:30:00+00:00,30,7,15,87.55723571777344,72.39881896972656,0,0,0,0,0,0,0,0,0,1,1,1,1,1,1,1,1,0,0,0,0,0,0,0,0
2008-07-01 15:30:00+00:00,30,7,15,195.05642700195312,148.2228546142578,0,0,0,0,0,0,0,0,0,0,0,0,0,1,1,1,1,0,0,0,0,0,0,0,0
2008-07-01 15:30:00+00:00,30,7,15,142.94915771484375,154.1342010498047,0,0,0,0,0,0,0,0,0,0,0,1,1,1,1,1,1,0,0,0,0,0,0,0,0
2008-07-01 15:30:00+00:00,30,7,15,,489.8282165527344,0,0,0,0,0,0,0,0,0,0,0,0,0,0,0,0,0,0,0,0,0,0,0,0,0
2008-07-01 15:30:00+00:00,30,7,15,,,0,0,0,0,0,0,0,0,0,0,0,0,0,0,0,0,0,0,0,0,0,0,0,0,0
2008-07-01 15:30:00+00:00,30,7,15,314.3429260253906,,0,0,0,0,0,0,0,0,0,0,0,0,0,0,0,0,1,0,0,0,0,0,0,0,0
2008-07-01 15:30:00+00:00,30,7,15,405.9826965332031,305.1867980957031,0,0,0,0,0,0,0,0,0,0,0,0,0,0,0,0,0,0,0,0,0,0,0,0,0
2008-07-01 15:30:00+00:00,30,7,15,67.84242248535156,71.70331573486328,0,0,0,0,0,0,0,0,1,1,1,1,1,1,1,1,1,0,0,0,0,0,0,0,0
2008-07-01 15:30:00+00:00,30,7,15,77.55733489990234,71.36625671386719,0,0,0,0,0,0,0,0,1,1,1,1,1,1,1,1,1,0,0,0,0,0,0,0,0
2008-07-01 15:30:00+00:00,30,7,15,100.20184326171875,172.22802734375,0,0,0,0,0,0,0,0,0,0,1,1,1,1,1,1,1,0,0,0,0,0,0,0,0
2008-07-01 15:30:00+00:00,30,7,15,71.85832214355469,,0,0,0,0,0,0,0,0,1,1,1,1,1,1,1,1,1,0,0,0,0,0,0,0,0
2008-07-01 15:30:00+00:00,30,7,15,68.05443572998047,,0,0,0,0,0,0,0,0,1,1,1,1,1,1,1,1,1,0,0,0,0,0,0,0,0
2008-07-01 15:30:00+00:00,30,7,15,376.2604064941406,398.8848571777344,0,0,0,0,0,0,0,0,0,0,0,0,0,0,0,0,0,0,0,0,0,0,0,0,0
2008-07-01 15:30:00+00:00,30,7,15,,,0,0,0,0,0,0,0,0,0,0,0,0,0,0,0,0,0,0,0,0,0,0,0,0,0
2008-07-01 15:30:00+00:00,30,7,15,316.3423156738281,290.5667724609375,0,0,0,0,0,0,0,0,0,0,0,0,0,0,0,0,1,0,0,0,0,0,0,0,0
2008-07-01 15:45:00+00:00,30,7,15,,,0,0,0,0,0,0,0,0,0,0,0,0,0,0,0,0,0,0,0,0,0,0,0,0,0
2008-07-01 15:45:00+00:00,30,7,15,137.25360107421875,132.00038146972656,0,0,0,0,0,0,0,0,0,0,0,1,1,1,1,1,1,0,0,0,0,0,0,0,0
2008-07-01 15:45:00+00:00,30,7,15,,,0,0,0,0,0,0,0,0,0,0,0,0,0,0,0,0,0,0,0,0,0,0,0,0,0
2008-07-01 15:45:00+00:00,30,7,15,,,0,0,0,0,0,0,0,0,0,0,0,0,0,0,0,0,0,0,0,0,0,0,0,0,0
2008-07-01 15:45:00+00:00,30,7,15,,,0,0,0,0,0,0,0,0,0,0,0,0,0,0,0,0,0,0,0,0,0,0,0,0,0
2008-07-01 15:45:00+00:00,30,7,15,157.81968688964844,173.62042236328125,0,0,0,0,0,0,0,0,0,0,0,0,1,1,1,1,1,0,0,0,0,0,0,0,0
2008-07-01 15:45:00+00:00,30,7,15,244.85736083984375,238.7284698486328,0,0,0,0,0,0,0,0,0,0,0,0,0,0,1,1,1,0,0,0,0,0,0,0,0
2008-07-01 15:45:00+00:00,30,7,15,,,0,0,0,0,0,0,0,0,0,0,0,0,0,0,0,0,0,0,0,0,0,0,0,0,0
2008-07-01 15:45:00+00:00,30,7,15,379.6434631347656,401.0140686035156,0,0,0,0,0,0,0,0,0,0,0,0,0,0,0,0,0,0,0,0,0,0,0,0,0
2008-07-01 15:45:00+00:00,30,7,15,,,0,0,0,0,0,0,0,0,0,0,0,0,0,0,0,0,0,0,0,0,0,0,0,0,0
2008-07-01 16:00:00+00:00,30,7,16,80.87552642822266,84.44824981689453,0,0,0,0,0,0,0,0,0,1,1,1,1,1,1,1,1,0,0,0,0,0,0,0,0
2008-07-01 16:00:00+00:00,30,7,16,322.4538269042969,328.0150451660156,0,0,0,0,0,0,0,0,0,0,0,0,0,0,0,0,1,0,0,0,0,0,0,0,0
2008-07-01 16:00:00+00:00,30,7,16,177.04168701171875,300.3496398925781,0,0,0,0,0,0,0,0,0,0,0,0,1,1,1,1,1,0,0,0,0,0,0,0,0
2008-07-01 16:00:00+00:00,30,7,16,,,0,0,0,0,0,0,0,0,0,0,0,0,0,0,0,0,0,0,0,0,0,0,0,0,0
2008-07-01 16:00:00+00:00,30,7,16,312.49273681640625,197.80987548828125,0,0,0,0,0,0,0,0,0,0,0,0,0,0,0,0,1,0,0,0,0,0,0,0,0
2008-07-01 16:00:00+00:00,30,7,16,338.802734375,182.32456970214844,0,0,0,0,0,0,0,0,0,0,0,0,0,0,0,0,1,0,0,0,0,0,0,0,0
2008-07-01 16:15:00+00:00,30,7,16,50.28177261352539,41.50828552246094,0,0,0,0,0,0,0,1,1,1,1,1,1,1,1,1,1,0,0,0,0,0,0,1,1
2008-07-01 16:15:00+00:00,30,7,16,71.85714721679688,59.00249481201172,0,0,0,0,0,0,0,0,1,1,1,1,1,1,1,1,1,0,0,0,0,0,0,0,1
2008-07-01 16:15:00+00:00,30,7,16,60.9603157043457,46.77448272705078,0,0,0,0,0,0,0,0,1,1,1,1,1,1,1,1,1,0,0,0,0,0,0,1,1
2008-07-01 16:15:00+00:00,30,7,16,129.1869354248047,138.31080627441406,0,0,0,0,0,0,0,0,0,0,0,1,1,1,1,1,1,0,0,0,0,0,0,0,0
2008-07-01 16:15:00+00:00,30,7,16,201.20877075195312,272.74285888671875,0,0,0,0,0,0,0,0,0,0,0,0,0,0,1,1,1,0,0,0,0,0,0,0,0
2008-07-01 16:15:00+00:00,30,7,16,,,0,0,0,0,0,0,0,0,0,0,0,0,0,0,0,0,0,0,0,0,0,0,0,0,0
2008-07-01 16:15:00+00:00,30,7,16,,,0,0,0,0,0,0,0,0,0,0,0,0,0,0,0,0,0,0,0,0,0,0,0,0,0
2008-07-01 16:15:00+00:00,30,7,16,,272.74615478515625,0,0,0,0,0,0,0,0,0,0,0,0,0,0,0,0,0,0,0,0,0,0,0,0,0
2008-07-01 16:15:00+00:00,30,7,16,217.515380859375,212.45574951171875,0,0,0,0,0,0,0,0,0,0,0,0,0,0,1,1,1,0,0,0,0,0,0,0,0
2008-07-01 16:15:00+00:00,30,7,16,309.1626892089844,69.66708374023438,0,0,0,0,0,0,0,0,0,0,0,0,0,0,0,0,1,0,0,0,0,0,0,0,0
2008-07-01 16:15:00+00:00,30,7,16,316.6978759765625,205.06983947753906,0,0,0,0,0,0,0,0,0,0,0,0,0,0,0,0,1,0,0,0,0,0,0,0,0
2008-07-01 16:15:00+00:00,30,7,16,,76.72531127929688,0,0,0,0,0,0,0,0,0,0,0,0,0,0,0,0,0,0,0,0,0,0,0,0,0
2008-07-01 16:30:00+00:00,30,7,16,73.54605102539062,101.26345825195312,0,0,0,0,0,0,0,0,1,1,1,1,1,1,1,1,1,0,0,0,0,0,0,0,0
2008-07-01 16:30:00+00:00,30,7,16,436.2268981933594,441.3389587402344,0,0,0,0,0,0,0,0,0,0,0,0,0,0,0,0,0,0,0,0,0,0,0,0,0
2008-07-01 16:30:00+00:00,30,7,16,183.2688446044922,171.32667541503906,0,0,0,0,0,0,0,0,0,0,0,0,0,1,1,1,1,0,0,0,0,0,0,0,0
2008-07-01 16:30:00+00:00,30,7,16,194.3139190673828,138.28709411621094,0,0,0,0,0,0,0,0,0,0,0,0,0,1,1,1,1,0,0,0,0,0,0,0,0
2008-07-01 16:30:00+00:00,30,7,16,182.77328491210938,73.52973937988281,0,0,0,0,0,0,0,0,0,0,0,0,0,1,1,1,1,0,0,0,0,0,0,0,0
2008-07-01 16:30:00+00:00,30,7,16,97.82267761230469,79.01984405517578,0,0,0,0,0,0,0,0,0,1,1,1,1,1,1,1,1,0,0,0,0,0,0,0,0
2008-07-01 16:45:00+00:00,30,7,16,75.76375579833984,3.0511651039123535,0,0,0,0,0,0,0,0,1,1,1,1,1,1,1,1,1,1,1,1,1,1,1,1,1
2008-07-01 16:45:00+00:00,30,7,16,106.0517807006836,,0,0,0,0,0,0,0,0,0,0,1,1,1,1,1,1,1,0,0,0,0,0,0,0,0
2008-07-01 16:45:00+00:00,30,7,16,331.3793029785156,357.1049499511719,0,0,0,0,0,0,0,0,0,0,0,0,0,0,0,0,1,0,0,0,0,0,0,0,0
2008-07-01 16:45:00+00:00,30,7,16,,,0,0,0,0,0,0,0,0,0,0,0,0,0,0,0,0,0,0,0,0,0,0,0,0,0
2008-07-01 16:45:00+00:00,30,7,16,,,0,0,0,0,0,0,0,0,0,0,0,0,0,0,0,0,0,0,0,0,0,0,0,0,0
2008-07-01 16:45:00+00:00,30,7,16,75.0826644897461,79.35470581054688,0,0,0,0,0,0,0,0,1,1,1,1,1,1,1,1,1,0,0,0,0,0,0,0,0
2008-07-01 16:45:00+00:00,30,7,16,141.84092712402344,120.35730743408203,0,0,0,0,0,0,0,0,0,0,0,1,1,1,1,1,1,0,0,0,0,0,0,0,0
2008-07-01 16:45:00+00:00,30,7,16,151.3430938720703,138.56390380859375,0,0,0,0,0,0,0,0,0,0,0,0,1,1,1,1,1,0,0,0,0,0,0,0,0
2008-07-01 16:45:00+00:00,30,7,16,57.88930892944336,30.47200584411621,0,0,0,0,0,0,0,1,1,1,1,1,1,1,1,1,1,0,0,0,0,0,1,1,1
2008-07-01 17:00:00+00:00,30,7,17,125.67220306396484,94.26668548583984,0,0,0,0,0,0,0,0,0,0,0,1,1,1,1,1,1,0,0,0,0,0,0,0,0
2008-07-01 17:00:00+00:00,30,7,17,23.61776351928711,37.33866500854492,0,0,0,1,1,1,1,1,1,1,1,1,1,1,1,1,1,0,0,0,0,0,1,1,1
2008-07-01 17:00:00+00:00,30,7,17,76.7063217163086,178.43966674804688,0,0,0,0,0,0,0,0,1,1,1,1,1,1,1,1,1,0,0,0,0,0,0,0,0
2008-07-01 17:00:00+00:00,30,7,17,91.34906768798828,100.00786590576172,0,0,0,0,0,0,0,0,0,1,1,1,1,1,1,1,1,0,0,0,0,0,0,0,0
2008-07-01 17:00:00+00:00,30,7,17,,410.3743591308594,0,0,0,0,0,0,0,0,0,0,0,0,0,0,0,0,0,0,0,0,0,0,0,0,0
2008-07-01 17:00:00+00:00,30,7,17,517.1500854492188,526.0545654296875,0,0,0,0,0,0,0,0,0,0,0,0,0,0,0,0,0,0,0,0,0,0,0,0,0
2008-07-01 17:00:00+00:00,30,7,17,,,0,0,0,0,0,0,0,0,0,0,0,0,0,0,0,0,0,0,0,0,0,0,0,0,0
2008-07-01 17:00:00+00:00,30,7,17,60.17660903930664,0.0,0,0,0,0,0,0,0,0,1,1,1,1,1,1,1,1,1,1,1,1,1,1,1,1,1
2008-07-01 17:00:00+00:00,30,7,17,403.6758117675781,411.9923400878906,0,0,0,0,0,0,0,0,0,0,0,0,0,0,0,0,0,0,0,0,0,0,0,0,0
2008-07-01 17:00:00+00:00,30,7,17,68.71371459960938,54.25556564331055,0,0,0,0,0,0,0,0,1,1,1,1,1,1,1,1,1,0,0,0,0,0,0,0,1
2008-07-01 17:15:00+00:00,30,7,17,82.63145446777344,57.9615364074707,0,0,0,0,0,0,0,0,0,1,1,1,1,1,1,1,1,0,0,0,0,0,0,0,1
2008-07-01 17:15:00+00:00,30,7,17,106.13252258300781,99.08772277832031,0,0,0,0,0,0,0,0,0,0,1,1,1,1,1,1,1,0,0,0,0,0,0,0,0
2008-07-01 17:15:00+00:00,30,7,17,82.20573425292969,19.385812759399414,0,0,0,0,0,0,0,0,0,1,1,1,1,1,1,1,1,0,0,1,1,1,1,1,1
2008-07-01 17:15:00+00:00,30,7,17,198.79312133789062,192.52427673339844,0,0,0,0,0,0,0,0,0,0,0,0,0,1,1,1,1,0,0,0,0,0,0,0,0
2008-07-01 17:15:00+00:00,30,7,17,330.931884765625,349.562744140625,0,0,0,0,0,0,0,0,0,0,0,0,0,0,0,0,1,0,0,0,0,0,0,0,0
2008-07-01 17:15:00+00:00,30,7,17,91.65186309814453,64.52693176269531,0,0,0,0,0,0,0,0,0,1,1,1,1,1,1,1,1,0,0,0,0,0,0,0,0
2008-07-01 17:30:00+00:00,30,7,17,,,0,0,0,0,0,0,0,0,0,0,0,0,0,0,0,0,0,0,0,0,0,0,0,0,0
2008-07-01 17:30:00+00:00,30,7,17,54.953678131103516,34.85988998413086,0,0,0,0,0,0,0,1,1,1,1,1,1,1,1,1,1,0,0,0,0,0,1,1,1
2008-07-01 17:30:00+00:00,30,7,17,229.91038513183594,200.0410614013672,0,0,0,0,0,0,0,0,0,0,0,0,0,0,1,1,1,0,0,0,0,0,0,0,0
2008-07-01 17:30:00+00:00,30,7,17,,,0,0,0,0,0,0,0,0,0,0,0,0,0,0,0,0,0,0,0,0,0,0,0,0,0
2008-07-01 17:30:00+00:00,30,7,17,310.0135498046875,314.70074462890625,0,0,0,0,0,0,0,0,0,0,0,0,0,0,0,0,1,0,0,0,0,0,0,0,0
2008-07-01 17:30:00+00:00,30,7,17,325.3352355957031,288.2760009765625,0,0,0,0,0,0,0,0,0,0,0,0,0,0,0,0,1,0,0,0,0,0,0,0,0
2008-07-01 17:30:00+00:00,30,7,17,30.500967025756836,73.02603149414062,0,0,0,0,0,1,1,1,1,1,1,1,1,1,1,1,1,0,0,0,0,0,0,0,0
2008-07-01 17:45:00+00:00,30,7,17,45.82459259033203,38.4666748046875,0,0,0,0,0,0,1,1,1,1,1,1,1,1,1,1,1,0,0,0,0,0,1,1,1
2008-07-01 17:45:00+00:00,30,7,17,173.679931640625,26.174331665039062,0,0,0,0,0,0,0,0,0,0,0,0,1,1,1,1,1,0,0,0,0,1,1,1,1
2008-07-01 17:45:00+00:00,30,7,17,317.865234375,286.1803894042969,0,0,0,0,0,0,0,0,0,0,0,0,0,0,0,0,1,0,0,0,0,0,0,0,0
2008-07-01 17:45:00+00:00,30,7,17,61.913604736328125,46.491920471191406,0,0,0,0,0,0,0,0,1,1,1,1,1,1,1,1,1,0,0,0,0,0,0,1,1
2008-07-01 17:45:00+00:00,30,7,17,123.0481948852539,87.30035400390625,0,0,0,0,0,0,0,0,0,0,0,1,1,1,1,1,1,0,0,0,0,0,0,0,0
2008-07-01 17:45:00+00:00,30,7,17,209.4474334716797,17.21859359741211,0,0,0,0,0,0,0,0,0,0,0,0,0,0,1,1,1,0,0,1,1,1,1,1,1
2008-07-02 10:00:00+00:00,30,7,10,,,0,0,0,0,0,0,0,0,0,0,0,0,0,0,0,0,0,0,0,0,0,0,0,0,0
2008-07-02 10:00:00+00:00,30,7,10,,,0,0,0,0,0,0,0,0,0,0,0,0,0,0,0,0,0,0,0,0,0,0,0,0,0
2008-07-02 10:00:00+00:00,30,7,10,260.3654479980469,343.6313781738281,0,0,0,0,0,0,0,0,0,0,0,0,0,0,0,1,1,0,0,0,0,0,0,0,0
2008-07-02 10:00:00+00:00,30,7,10,209.32540893554688,231.26466369628906,0,0,0,0,0,0,0,0,0,0,0,0,0,0,1,1,1,0,0,0,0,0,0,0,0
2008-07-02 10:00:00+00:00,30,7,10,310.83746337890625,16.905378341674805,0,0,0,0,0,0,0,0,0,0,0,0,0,0,0,0,1,0,0,1,1,1,1,1,1
2008-07-02 10:00:00+00:00,30,7,10,444.08050537109375,228.13458251953125,0,0,0,0,0,0,0,0,0,0,0,0,0,0,0,0,0,0,0,0,0,0,0,0,0
2008-07-02 10:00:00+00:00,30,7,10,,446.4831848144531,0,0,0,0,0,0,0,0,0,0,0,0,0,0,0,0,0,0,0,0,0,0,0,0,0
2008-07-02 10:00:00+00:00,30,7,10,144.65277099609375,140.4767608642578,0,0,0,0,0,0,0,0,0,0,0,1,1,1,1,1,1,0,0,0,0,0,0,0,0
2008-07-02 10:00:00+00:00,30,7,10,183.35337829589844,91.80199432373047,0,0,0,0,0,0,0,0,0,0,0,0,0,1,1,1,1,0,0,0,0,0,0,0,0
2008-07-02 10:00:00+00:00,30,7,10,108.30013275146484,35.54330062866211,0,0,0,0,0,0,0,0,0,0,1,1,1,1,1,1,1,0,0,0,0,0,1,1,1
2008-07-02 10:00:00+00:00,30,7,10,90.931396484375,180.9936981201172,0,0,0,0,0,0,0,0,0,1,1,1,1,1,1,1,1,0,0,0,0,0,0,0,0
2008-07-02 10:00:00+00:00,30,7,10,,,0,0,0,0,0,0,0,0,0,0,0,0,0,0,0,0,0,0,0,0,0,0,0,0,0
2008-07-02 10:00:00+00:00,30,7,10,41.168060302734375,0.0,0,0,0,0,0,0,1,1,1,1,1,1,1,1,1,1,1,1,1,1,1,1,1,1,1
2008-07-02 10:00:00+00:00,30,7,10,,,0,0,0,0,0,0,0,0,0,0,0,0,0,0,0,0,0,0,0,0,0,0,0,0,0
2008-07-02 10:00:00+00:00,30,7,10,,,0,0,0,0,0,0,0,0,0,0,0,0,0,0,0,0,0,0,0,0,0,0,0,0,0
2008-07-02 10:00:00+00:00,30,7,10,,,0,0,0,0,0,0,0,0,0,0,0,0,0,0,0,0,0,0,0,0,0,0,0,0,0
2008-07-02 10:00:00+00:00,30,7,10,,,0,0,0,0,0,0,0,0,0,0,0,0,0,0,0,0,0,0,0,0,0,0,0,0,0
2008-07-02 10:15:00+00:00,30,7,10,,503.0951843261719,0,0,0,0,0,0,0,0,0,0,0,0,0,0,0,0,0,0,0,0,0,0,0,0,0
2008-07-02 10:15:00+00:00,30,7,10,330.80615234375,325.41668701171875,0,0,0,0,0,0,0,0,0,0,0,0,0,0,0,0,1,0,0,0,0,0,0,0,0
2008-07-02 10:15:00+00:00,30,7,10,135.6533966064453,124.79377746582031,0,0,0,0,0,0,0,0,0,0,0,1,1,1,1,1,1,0,0,0,0,0,0,0,0
2008-07-02 10:15:00+00:00,30,7,10,142.18130493164062,3.115166425704956,0,0,0,0,0,0,0,0,0,0,0,1,1,1,1,1,1,1,1,1,1,1,1,1,1
2008-07-02 10:15:00+00:00,30,7,10,216.5310821533203,130.24496459960938,0,0,0,0,0,0,0,0,0,0,0,0,0,0,1,1,1,0,0,0,0,0,0,0,0
2008-07-02 10:15:00+00:00,30,7,10,,332.94122314453125,0,0,0,0,0,0,0,0,0,0,0,0,0,0,0,0,0,0,0,0,0,0,0,0,0
2008-07-02 10:15:00+00:00,30,7,10,,423.5212707519531,0,0,0,0,0,0,0,0,0,0,0,0,0,0,0,0,0,0,0,0,0,0,0,0,0
2008-07-02 10:15:00+00:00,30,7,10,163.0525665283203,12.804689407348633,0,0,0,0,0,0,0,0,0,0,0,0,1,1,1,1,1,0,1,1,1,1,1,1,1
2008-07-02 10:15:00+00:00,30,7,10,133.60438537597656,4.5693864822387695,0,0,0,0,0,0,0,0,0,0,0,1,1,1,1,1,1,1,1,1,1,1,1,1,1
2008-07-02 10:15:00+00:00,30,7,10,75.60260009765625,87.94583892822266,0,0,0,0,0,0,0,0,1,1,1,1,1,1,1,1,1,0,0,0,0,0,0,0,0
2008-07-02 10:15:00+00:00,30,7,10,133.74887084960938,76.50366973876953,0,0,0,0,0,0,0,0,0,0,0,1,1,1,1,1,1,0,0,0,0,0,0,0,0
2008-07-02 10:30:00+00:00,30,7,10,277.46588134765625,273.8793640136719,0,0,0,0,0,0,0,0,0,0,0,0,0,0,0,1,1,0,0,0,0,0,0,0,0
2008-07-02 10:30:00+00:00,30,7,10,127.74210357666016,125.52680969238281,0,0,0,0,0,0,0,0,0,0,0,1,1,1,1,1,1,0,0,0,0,0,0,0,0
2008-07-02 10:30:00+00:00,30,7,10,273.3251953125,280.34088134765625,0,0,0,0,0,0,0,0,0,0,0,0,0,0,0,1,1,0,0,0,0,0,0,0,0
2008-07-02 10:30:00+00:00,30,7,10,,,0,0,0,0,0,0,0,0,0,0,0,0,0,0,0,0,0,0,0,0,0,0,0,0,0
2008-07-02 10:30:00+00:00,30,7,10,,,0,0,0,0,0,0,0,0,0,0,0,0,0,0,0,0,0,0,0,0,0,0,0,0,0
2008-07-02 10:30:00+00:00,30,7,10,46.407264709472656,45.288185119628906,0,0,0,0,0,0,1,1,1,1,1,1,1,1,1,1,1,0,0,0,0,0,0,1,1
2008-07-02 10:30:00+00:00,30,7,10,87.3741683959961,94.8853988647461,0,0,0,0,0,0,0,0,0,1,1,1,1,1,1,1,1,0,0,0,0,0,0,0,0
2008-07-02 10:30:00+00:00,30,7,10,15.932745933532715,0.0,0,0,1,1,1,1,1,1,1,1,1,1,1,1,1,1,1,1,1,1,1,1,1,1,1
2008-07-02 10:30:00+00:00,30,7,10,141.10240173339844,25.314010620117188,0,0,0,0,0,0,0,0,0,0,0,1,1,1,1,1,1,0,0,0,0,1,1,1,1
2008-07-02 10:30:00+00:00,30,7,10,22.294755935668945,3.751927614212036,0,0,0,1,1,1,1,1,1,1,1,1,1,1,1,1,1,1,1,1,1,1,1,1,1
2008-07-02 10:30:00+00:00,30,7,10,,,0,0,0,0,0,0,0,0,0,0,0,0,0,0,0,0,0,0,0,0,0,0,0,0,0
2008-07-02 10:45:00+00:00,30,7,10,48.14887619018555,22.139169692993164,0,0,0,0,0,0,1,1,1,1,1,1,1,1,1,1,1,0,0,0,1,1,1,1,1
2008-07-02 10:45:00+00:00,30,7,10,63.5571403503418,81.68583679199219,0,0,0,0,0,0,0,0,1,1,1,1,1,1,1,1,1,0,0,0,0,0,0,0,0
2008-07-02 10:45:00+00:00,30,7,10,100.60783386230469,121.94029235839844,0,0,0,0,0,0,0,0,0,0,1,1,1,1,1,1,1,0,0,0,0,0,0,0,0
2008-07-02 10:45:00+00:00,30,7,10,43.2698974609375,64.22985076904297,0,0,0,0,0,0,1,1,1,1,1,1,1,1,1,1,1,0,0,0,0,0,0,0,0
2008-07-02 10:45:00+00:00,30,7,10,23.299821853637695,0.0,0,0,0,1,1,1,1,1,1,1,1,1,1,1,1,1,1,1,1,1,1,1,1,1,1
2008-07-02 10:45:00+00:00,30,7,10,80.62355041503906,26.992021560668945,0,0,0,0,0,0,0,0,0,1,1,1,1,1,1,1,1,0,0,0,0,1,1,1,1
2008-07-02 10:45:00+00:00,30,7,10,33.24641418457031,0.0,0,0,0,0,0,1,1,1,1,1,1,1,1,1,1,1,1,1,1,1,1,1,1,1,1
2008-07-02 10:45:00+00:00,30,7,10,,,0,0,0,0,0,0,0,0,0,0,0,0,0,0,0,0,0,0,0,0,0,0,0,0,0
2008-07-02 11:00:00+00:00,30,7,11,,,0,0,0,0,0,0,0,0,0,0,0,0,0,0,0,0,0,0,0,0,0,0,0,0,0
2008-07-02 11:00:00+00:00,30,7,11,385.0843811035156,345.1015319824219,0,0,0,0,0,0,0,0,0,0,0,0,0,0,0,0,0,0,0,0,0,0,0,0,0
2008-07-02 11:00:00+00:00,30,7,11,62.54228210449219,23.47740936279297,0,0,0,0,0,0,0,0,1,1,1,1,1,1,1,1,1,0,0,0,1,1,1,1,1
2008-07-02 11:00:00+00:00,30,7,11,,,0,0,0,0,0,0,0,0,0,0,0,0,0,0,0,0,0,0,0,0,0,0,0,0,0
2008-07-02 11:00:00+00:00,30,7,11,61.964080810546875,25.176313400268555,0,0,0,0,0,0,0,0,1,1,1,1,1,1,1,1,1,0,0,0,0,1,1,1,1
2008-07-02 11:00:00+00:00,30,7,11,70.8958740234375,49.59148406982422,0,0,0,0,0,0,0,0,1,1,1,1,1,1,1,1,1,0,0,0,0,0,0,1,1
2008-07-02 11:00:00+00:00,30,7,11,44.10178756713867,15.005955696105957,0,0,0,0,0,0,1,1,1,1,1,1,1,1,1,1,1,0,0,1,1,1,1,1,1
2008-07-02 11:00:00+00:00,30,7,11,557.8779296875,,0,0,0,0,0,0,0,0,0,0,0,0,0,0,0,0,0,0,0,0,0,0,0,0,0
2008-07-02 11:00:00+00:00,30,7,11,37.223270416259766,10.578784942626953,0,0,0,0,0,1,1,1,1,1,1,1,1,1,1,1,1,0,1,1,1,1,1,1,1
2008-07-02 11:15:00+00:00,30,7,11,125.9645004272461,134.67955017089844,0,0,0,0,0,0,0,0,0,0,0,1,1,1,1,1,1,0,0,0,0,0,0,0,0
2008-07-02 11:15:00+00:00,30,7,11,305.5434875488281,324.0712890625,0,0,0,0,0,0,0,0,0,0,0,0,0,0,0,0,1,0,0,0,0,0,0,0,0
2008-07-02 11:15:00+00:00,30,7,11,276.4716796875,261.4237976074219,0,0,0,0,0,0,0,0,0,0,0,0,0,0,0,1,1,0,0,0,0,0,0,0,0
2008-07-02 11:15:00+00:00,30,7,11,329.5855712890625,314.53265380859375,0,0,0,0,0,0,0,0,0,0,0,0,0,0,0,0,1,0,0,0,0,0,0,0,0
2008-07-02 11:15:00+00:00,30,7,11,280.544189453125,274.2852478027344,0,0,0,0,0,0,0,0,0,0,0,0,0,0,0,1,1,0,0,0,0,0,0,0,0
2008-07-02 11:15:00+00:00,30,7,11,232.75405883789062,197.26348876953125,0,0,0,0,0,0,0,0,0,0,0,0,0,0,1,1,1,0,0,0,0,0,0,0,0
2008-07-02 11:15:00+00:00,30,7,11,287.4674072265625,347.4674987792969,0,0,0,0,0,0,0,0,0,0,0,0,0,0,0,1,1,0,0,0,0,0,0,0,0
2008-07-02 11:15:00+00:00,30,7,11,,,0,0,0,0,0,0,0,0,0,0,0,0,0,0,0,0,0,0,0,0,0,0,0,0,0
2008-07-02 11:15:00+00:00,30,7,11,198.80894470214844,156.69517517089844,0,0,0,0,0,0,0,0,0,0,0,0,0,1,1,1,1,0,0,0,0,0,0,0,0
2008-07-02 11:15:00+00:00,30,7,11,209.99061584472656,110.21292877197266,0,0,0,0,0,0,0,0,0,0,0,0,0,0,1,1,1,0,0,0,0,0,0,0,0
2008-07-02 11:15:00+00:00,30,7,11,177.1885223388672,110.30828857421875,0,0,0,0,0,0,0,0,0,0,0,0,1,1,1,1,1,0,0,0,0,0,0,0,0
2008-07-02 11:15:00+00:00,30,7,11,226.09361267089844,81.52989196777344,0,0,0,0,0,0,0,0,0,0,0,0,0,0,1,1,1,0,0,0,0,0,0,0,0
2008-07-02 11:15:00+00:00,30,7,11,58.108394622802734,6.399233818054199,0,0,0,0,0,0,0,1,1,1,1,1,1,1,1,1,1,1,1,1,1,1,1,1,1
2008-07-02 11:15:00+00:00,30,7,11,172.01785278320312,11.440303802490234,0,0,0,0,0,0,0,0,0,0,0,0,1,1,1,1,1,0,1,1,1,1,1,1,1
2008-07-02 11:15:00+00:00,30,7,11,442.44903564453125,217.448486328125,0,0,0,0,0,0,0,0,0,0,0,0,0,0,0,0,0,0,0,0,0,0,0,0,0
2008-07-02 11:15:00+00:00,30,7,11,96.13719940185547,29.36767578125,0,0,0,0,0,0,0,0,0,1,1,1,1,1,1,1,1,0,0,0,0,1,1,1,1
2008-07-02 11:15:00+00:00,30,7,11,142.91494750976562,244.48085021972656,0,0,0,0,0,0,0,0,0,0,0,1,1,1,1,1,1,0,0,0,0,0,0,0,0
2008-07-02 11:15:00+00:00,30,7,11,,146.51046752929688,0,0,0,0,0,0,0,0,0,0,0,0,0,0,0,0,0,0,0,0,0,0,0,0,0
2008-07-02 11:15:00+00:00,30,7,11,,12.600584030151367,0,0,0,0,0,0,0,0,0,0,0,0,0,0,0,0,0,0,1,1,1,1,1,1,1
2008-07-02 11:15:00+00:00,30,7,11,92.65019989013672,83.27796936035156,0,0,0,0,0,0,0,0,0,1,1,1,1,1,1,1,1,0,0,0,0,0,0,0,0
2008-07-02 11:15:00+00:00,30,7,11,46.18288803100586,25.354589462280273,0,0,0,0,0,0,1,1,1,1,1,1,1,1,1,1,1,0,0,0,0,1,1,1,1
2008-07-02 11:15:00+00:00,30,7,11,44.082244873046875,22.918943405151367,0,0,0,0,0,0,1,1,1,1,1,1,1,1,1,1,1,0,0,0,1,1,1,1,1
2008-07-02 11:30:00+00:00,30,7,11,,524.343505859375,0,0,0,0,0,0,0,0,0,0,0,0,0,0,0,0,0,0,0,0,0,0,0,0,0
2008-07-02 11:30:00+00:00,30,7,11,321.2621154785156,293.9200744628906,0,0,0,0,0,0,0,0,0,0,0,0,0,0,0,0,1,0,0,0,0,0,0,0,0
2008-07-02 11:30:00+00:00,30,7,11,293.64373779296875,266.5179138183594,0,0,0,0,0,0,0,0,0,0,0,0,0,0,0,1,1,0,0,0,0,0,0,0,0
2008-07-02 11:30:00+00:00,30,7,11,,449.2915954589844,0,0,0,0,0,0,0,0,0,0,0,0,0,0,0,0,0,0,0,0,0,0,0,0,0
2008-07-02 11:30:00+00:00,30,7,11,332.3215637207031,262.5793762207031,0,0,0,0,0,0,0,0,0,0,0,0,0,0,0,0,1,0,0,0,0,0,0,0,0
2008-07-02 11:30:00+00:00,30,7,11,167.83248901367188,9.665485382080078,0,0,0,0,0,0,0,0,0,0,0,0,1,1,1,1,1,1,1,1,1,1,1,1,1
2008-07-02 11:30:00+00:00,30,7,11,217.08761596679688,210.91661071777344,0,0,0,0,0,0,0,0,0,0,0,0,0,0,1,1,1,0,0,0,0,0,0,0,0
2008-07-02 11:30:00+00:00,30,7,11,280.73773193359375,278.4952087402344,0,0,0,0,0,0,0,0,0,0,0,0,0,0,0,1,1,0,0,0,0,0,0,0,0
2008-07-02 11:30:00+00:00,30,7,11,204.54147338867188,97.8455810546875,0,0,0,0,0,0,0,0,0,0,0,0,0,0,1,1,1,0,0,0,0,0,0,0,0
2008-07-02 11:30:00+00:00,30,7,11,,317.49853515625,0,0,0,0,0,0,0,0,0,0,0,0,0,0,0,0,0,0,0,0,0,0,0,0,0
2008-07-02 11:30:00+00:00,30,7,11,204.55613708496094,203.63357543945312,0,0,0,0,0,0,0,0,0,0,0,0,0,0,1,1,1,0,0,0,0,0,0,0,0
2008-07-02 11:30:00+00:00,30,7,11,151.12098693847656,0.0,0,0,0,0,0,0,0,0,0,0,0,0,1,1,1,1,1,1,1,1,1,1,1,1,1
2008-07-02 11:30:00+00:00,30,7,11,,137.68109130859375,0,0,0,0,0,0,0,0,0,0,0,0,0,0,0,0,0,0,0,0,0,0,0,0,0
2008-07-02 11:30:00+00:00,30,7,11,112.55773162841797,64.66674041748047,0,0,0,0,0,0,0,0,0,0,1,1,1,1,1,1,1,0,0,0,0,0,0,0,0
2008-07-02 11:30:00+00:00,30,7,11,57.0279655456543,22.532676696777344,0,0,0,0,0,0,0,1,1,1,1,1,1,1,1,1,1,0,0,0,1,1,1,1,1
2008-07-02 11:30:00+00:00,30,7,11,,,0,0,0,0,0,0,0,0,0,0,0,0,0,0,0,0,0,0,0,0,0,0,0,0,0
2008-07-02 11:30:00+00:00,30,7,11,,,0,0,0,0,0,0,0,0,0,0,0,0,0,0,0,0,0,0,0,0,0,0,0,0,0
2008-07-02 11:45:00+00:00,30,7,11,460.5839538574219,398.681396484375,0,0,0,0,0,0,0,0,0,0,0,0,0,0,0,0,0,0,0,0,0,0,0,0,0
2008-07-02 11:45:00+00:00,30,7,11,93.3584976196289,56.35332107543945,0,0,0,0,0,0,0,0,0,1,1,1,1,1,1,1,1,0,0,0,0,0,0,0,1
2008-07-02 11:45:00+00:00,30,7,11,127.96976470947266,125.56624603271484,0,0,0,0,0,0,0,0,0,0,0,1,1,1,1,1,1,0,0,0,0,0,0,0,0
2008-07-02 11:45:00+00:00,30,7,11,129.7786865234375,12.927331924438477,0,0,0,0,0,0,0,0,0,0,0,1,1,1,1,1,1,0,1,1,1,1,1,1,1
2008-07-02 11:45:00+00:00,30,7,11,63.96714782714844,28.671171188354492,0,0,0,0,0,0,0,0,1,1,1,1,1,1,1,1,1,0,0,0,0,1,1,1,1
2008-07-02 11:45:00+00:00,30,7,11,29.722793579101562,0.0,0,0,0,0,1,1,1,1,1,1,1,1,1,1,1,1,1,1,1,1,1,1,1,1,1
2008-07-02 11:45:00+00:00,30,7,11,101.89205932617188,9.28078842163086,0,0,0,0,0,0,0,0,0,0,1,1,1,1,1,1,1,1,1,1,1,1,1,1,1
2008-07-02 11:45:00+00:00,30,7,11,158.61721801757812,164.2541046142578,0,0,0,0,0,0,0,0,0,0,0,0,1,1,1,1,1,0,0,0,0,0,0,0,0
2008-07-02 11:45:00+00:00,30,7,11,111.01971435546875,61.616432189941406,0,0,0,0,0,0,0,0,0,0,1,1,1,1,1,1,1,0,0,0,0,0,0,0,0
2008-07-02 11:45:00+00:00,30,7,11,128.05198669433594,25.71003532409668,0,0,0,0,0,0,0,0,0,0,0,1,1,1,1,1,1,0,0,0,0,1,1,1,1
2008-07-02 11:45:00+00:00,30,7,11,149.6986541748047,139.3913116455078,0,0,0,0,0,0,0,0,0,0,0,1,1,1,1,1,1,0,0,0,0,0,0,0,0
2008-07-02 11:45:00+00:00,30,7,11,,274.58538818359375,0,0,0,0,0,0,0,0,0,0,0,0,0,0,0,0,0,0,0,0,0,0,0,0,0
2008-07-02 12:00:00+00:00,30,7,12,,,0,0,0,0,0,0,0,0,0,0,0,0,0,0,0,0,0,0,0,0,0,0,0,0,0
2008-07-02 12:00:00+00:00,30,7,12,494.2733154296875,45.041961669921875,0,0,0,0,0,0,0,0,0,0,0,0,0,0,0,0,0,0,0,0,0,0,0,1,1
2008-07-02 12:00:00+00:00,30,7,12,38.48943328857422,36.608882904052734,0,0,0,0,0,1,1,1,1,1,1,1,1,1,1,1,1,0,0,0,0,0,1,1,1
2008-07-02 12:00:00+00:00,30,7,12,32.465702056884766,135.64137268066406,0,0,0,0,0,1,1,1,1,1,1,1,1,1,1,1,1,0,0,0,0,0,0,0,0
2008-07-02 12:00:00+00:00,30,7,12,212.15774536132812,162.28326416015625,0,0,0,0,0,0,0,0,0,0,0,0,0,0,1,1,1,0,0,0,0,0,0,0,0
2008-07-02 12:00:00+00:00,30,7,12,454.6402587890625,462.6322937011719,0,0,0,0,0,0,0,0,0,0,0,0,0,0,0,0,0,0,0,0,0,0,0,0,0
2008-07-02 12:00:00+00:00,30,7,12,115.16168975830078,56.10613250732422,0,0,0,0,0,0,0,0,0,0,1,1,1,1,1,1,1,0,0,0,0,0,0,0,1
2008-07-02 12:00:00+00:00,30,7,12,163.44422912597656,100.57025146484375,0,0,0,0,0,0,0,0,0,0,0,0,1,1,1,1,1,0,0,0,0,0,0,0,0
2008-07-02 12:00:00+00:00,30,7,12,,338.0633239746094,0,0,0,0,0,0,0,0,0,0,0,0,0,0,0,0,0,0,0,0,0,0,0,0,0
2008-07-02 12:15:00+00:00,30,7,12,369.9483642578125,130.04953002929688,0,0,0,0,0,0,0,0,0,0,0,0,0,0,0,0,0,0,0,0,0,0,0,0,0
2008-07-02 12:15:00+00:00,30,7,12,251.50912475585938,130.83409118652344,0,0,0,0,0,0,0,0,0,0,0,0,0,0,0,1,1,0,0,0,0,0,0,0,0
2008-07-02 12:15:00+00:00,30,7,12,,,0,0,0,0,0,0,0,0,0,0,0,0,0,0,0,0,0,0,0,0,0,0,0,0,0
2008-07-02 12:15:00+00:00,30,7,12,59.565086364746094,43.467803955078125,0,0,0,0,0,0,0,1,1,1,1,1,1,1,1,1,1,0,0,0,0,0,0,1,1
2008-07-02 12:15:00+00:00,30,7,12,456.4979553222656,450.33160400390625,0,0,0,0,0,0,0,0,0,0,0,0,0,0,0,0,0,0,0,0,0,0,0,0,0
2008-07-02 12:15:00+00:00,30,7,12,,,0,0,0,0,0,0,0,0,0,0,0,0,0,0,0,0,0,0,0,0,0,0,0,0,0
2008-07-02 12:15:00+00:00,30,7,12,45.344688415527344,0.0,0,0,0,0,0,0,1,1,1,1,1,1,1,1,1,1,1,1,1,1,1,1,1,1,1
2008-07-02 12:15:00+00:00,30,7,12,34.01117706298828,4.864222049713135,0,0,0,0,0,1,1,1,1,1,1,1,1,1,1,1,1,1,1,1,1,1,1,1,1
2008-07-02 12:15:00+00:00,30,7,12,86.89959716796875,152.4277801513672,0,0,0,0,0,0,0,0,0,1,1,1,1,1,1,1,1,0,0,0,0,0,0,0,0
2008-07-02 12:15:00+00:00,30,7,12,234.63230895996094,61.93424606323242,0,0,0,0,0,0,0,0,0,0,0,0,0,0,1,1,1,0,0,0,0,0,0,0,0
2008-07-02 12:15:00+00:00,30,7,12,52.59195327758789,86.35627746582031,0,0,0,0,0,0,0,1,1,1,1,1,1,1,1,1,1,0,0,0,0,0,0,0,0
2008-07-02 12:30:00+00:00,30,7,12,,,0,0,0,0,0,0,0,0,0,0,0,0,0,0,0,0,0,0,0,0,0,0,0,0,0
2008-07-02 12:30:00+00:00,30,7,12,115.49137878417969,106.7625732421875,0,0,0,0,0,0,0,0,0,0,1,1,1,1,1,1,1,0,0,0,0,0,0,0,0
2008-07-02 12:30:00+00:00,30,7,12,147.01351928710938,105.63018798828125,0,0,0,0,0,0,0,0,0,0,0,1,1,1,1,1,1,0,0,0,0,0,0,0,0
2008-07-02 12:30:00+00:00,30,7,12,123.23497772216797,78.4505615234375,0,0,0,0,0,0,0,0,0,0,0,1,1,1,1,1,1,0,0,0,0,0,0,0,0
2008-07-02 12:30:00+00:00,30,7,12,50.98741149902344,22.207977294921875,0,0,0,0,0,0,0,1,1,1,1,1,1,1,1,1,1,0,0,0,1,1,1,1,1
2008-07-02 12:30:00+00:00,30,7,12,171.79840087890625,114.00514221191406,0,0,0,0,0,0,0,0,0,0,0,0,1,1,1,1,1,0,0,0,0,0,0,0,0
2008-07-02 12:30:00+00:00,30,7,12,,,0,0,0,0,0,0,0,0,0,0,0,0,0,0,0,0,0,0,0,0,0,0,0,0,0
2008-07-02 12:30:00+00:00,30,7,12,331.19964599609375,319.0785217285156,0,0,0,0,0,0,0,0,0,0,0,0,0,0,0,0,1,0,0,0,0,0,0,0,0
2008-07-02 12:30:00+00:00,30,7,12,,,0,0,0,0,0,0,0,0,0,0,0,0,0,0,0,0,0,0,0,0,0,0,0,0,0
2008-07-02 12:30:00+00:00,30,7,12,58.33863830566406,97.22867584228516,0,0,0,0,0,0,0,1,1,1,1,1,1,1,1,1,1,0,0,0,0,0,0,0,0
2008-07-02 12:30:00+00:00,30,7,12,,408.63470458984375,0,0,0,0,0,0,0,0,0,0,0,0,0,0,0,0,0,0,0,0,0,0,0,0,0
2008-07-02 12:30:00+00:00,30,7,12,,,0,0,0,0,0,0,0,0,0,0,0,0,0,0,0,0,0,0,0,0,0,0,0,0,0
2008-07-02 12:45:00+00:00,30,7,12,98.54593658447266,107.89146423339844,0,0,0,0,0,0,0,0,0,1,1,1,1,1,1,1,1,0,0,0,0,0,0,0,0
2008-07-02 12:45:00+00:00,30,7,12,109.71649932861328,150.62181091308594,0,0,0,0,0,0,0,0,0,0,1,1,1,1,1,1,1,0,0,0,0,0,0,0,0
2008-07-02 12:45:00+00:00,30,7,12,123.74376678466797,148.84793090820312,0,0,0,0,0,0,0,0,0,0,0,1,1,1,1,1,1,0,0,0,0,0,0,0,0
2008-07-02 12:45:00+00:00,30,7,12,111.3937759399414,27.58820915222168,0,0,0,0,0,0,0,0,0,0,1,1,1,1,1,1,1,0,0,0,0,1,1,1,1
2008-07-02 12:45:00+00:00,30,7,12,99.45824432373047,3.5212841033935547,0,0,0,0,0,0,0,0,0,1,1,1,1,1,1,1,1,1,1,1,1,1,1,1,1
2008-07-02 13:00:00+00:00,30,7,13,,,0,0,0,0,0,0,0,0,0,0,0,0,0,0,0,0,0,0,0,0,0,0,0,0,0
2008-07-02 13:00:00+00:00,30,7,13,47.078617095947266,10.00661849975586,0,0,0,0,0,0,1,1,1,1,1,1,1,1,1,1,1,0,1,1,1,1,1,1,1
2008-07-02 13:00:00+00:00,30,7,13,74.79571533203125,73.20852661132812,0,0,0,0,0,0,0,0,1,1,1,1,1,1,1,1,1,0,0,0,0,0,0,0,0
2008-07-02 13:00:00+00:00,30,7,13,308.862060546875,322.0732116699219,0,0,0,0,0,0,0,0,0,0,0,0,0,0,0,0,1,0,0,0,0,0,0,0,0
2008-07-02 13:00:00+00:00,30,7,13,,,0,0,0,0,0,0,0,0,0,0,0,0,0,0,0,0,0,0,0,0,0,0,0,0,0
2008-07-02 13:00:00+00:00,30,7,13,296.5643310546875,285.0088806152344,0,0,0,0,0,0,0,0,0,0,0,0,0,0,0,1,1,0,0,0,0,0,0,0,0
2008-07-02 13:00:00+00:00,30,7,13,154.521240234375,161.533935546875,0,0,0,0,0,0,0,0,0,0,0,0,1,1,1,1,1,0,0,0,0,0,0,0,0
2008-07-02 13:00:00+00:00,30,7,13,241.7321319580078,209.51443481445312,0,0,0,0,0,0,0,0,0,0,0,0,0,0,1,1,1,0,0,0,0,0,0,0,0
2008-07-02 13:00:00+00:00,30,7,13,171.1197052001953,173.38221740722656,0,0,0,0,0,0,0,0,0,0,0,0,1,1,1,1,1,0,0,0,0,0,0,0,0
2008-07-02 13:00:00+00:00,30,7,13,64.56272888183594,46.99825668334961,0,0,0,0,0,0,0,0,1,1,1,1,1,1,1,1,1,0,0,0,0,0,0,1,1
2008-07-02 13:00:00+00:00,30,7,13,,,0,0,0,0,0,0,0,0,0,0,0,0,0,0,0,0,0,0,0,0,0,0,0,0,0
2008-07-02 13:15:00+00:00,30,7,13,247.74362182617188,262.7632141113281,0,0,0,0,0,0,0,0,0,0,0,0,0,0,1,1,1,0,0,0,0,0,0,0,0
2008-07-02 13:15:00+00:00,30,7,13,324.3298645019531,372.9564208984375,0,0,0,0,0,0,0,0,0,0,0,0,0,0,0,0,1,0,0,0,0,0,0,0,0
2008-07-02 13:15:00+00:00,30,7,13,126.97576904296875,110.14791870117188,0,0,0,0,0,0,0,0,0,0,0,1,1,1,1,1,1,0,0,0,0,0,0,0,0
2008-07-02 13:15:00+00:00,30,7,13,70.74895477294922,50.41129684448242,0,0,0,0,0,0,0,0,1,1,1,1,1,1,1,1,1,0,0,0,0,0,0,0,1
2008-07-02 13:15:00+00:00,30,7,13,58.92165756225586,14.694864273071289,0,0,0,0,0,0,0,1,1,1,1,1,1,1,1,1,1,0,1,1,1,1,1,1,1
2008-07-02 13:15:00+00:00,30,7,13,,,0,0,0,0,0,0,0,0,0,0,0,0,0,0,0,0,0,0,0,0,0,0,0,0,0
2008-07-02 13:30:00+00:00,30,7,13,,,0,0,0,0,0,0,0,0,0,0,0,0,0,0,0,0,0,0,0,0,0,0,0,0,0
2008-07-02 13:30:00+00:00,30,7,13,107.16798400878906,108.49205017089844,0,0,0,0,0,0,0,0,0,0,1,1,1,1,1,1,1,0,0,0,0,0,0,0,0
2008-07-02 13:30:00+00:00,30,7,13,61.49113464355469,30.595916748046875,0,0,0,0,0,0,0,0,1,1,1,1,1,1,1,1,1,0,0,0,0,0,1,1,1
2008-07-02 13:30:00+00:00,30,7,13,,,0,0,0,0,0,0,0,0,0,0,0,0,0,0,0,0,0,0,0,0,0,0,0,0,0
2008-07-02 13:30:00+00:00,30,7,13,,,0,0,0,0,0,0,0,0,0,0,0,0,0,0,0,0,0,0,0,0,0,0,0,0,0
2008-07-02 13:30:00+00:00,30,7,13,303.08526611328125,354.4083251953125,0,0,0,0,0,0,0,0,0,0,0,0,0,0,0,0,1,0,0,0,0,0,0,0,0
2008-07-02 13:30:00+00:00,30,7,13,,,0,0,0,0,0,0,0,0,0,0,0,0,0,0,0,0,0,0,0,0,0,0,0,0,0
2008-07-02 13:30:00+00:00,30,7,13,86.30441284179688,28.210020065307617,0,0,0,0,0,0,0,0,0,1,1,1,1,1,1,1,1,0,0,0,0,1,1,1,1
2008-07-02 13:45:00+00:00,30,7,13,216.70059204101562,230.95751953125,0,0,0,0,0,0,0,0,0,0,0,0,0,0,1,1,1,0,0,0,0,0,0,0,0
2008-07-02 13:45:00+00:00,30,7,13,,151.0667724609375,0,0,0,0,0,0,0,0,0,0,0,0,0,0,0,0,0,0,0,0,0,0,0,0,0
2008-07-02 13:45:00+00:00,30,7,13,,,0,0,0,0,0,0,0,0,0,0,0,0,0,0,0,0,0,0,0,0,0,0,0,0,0
2008-07-02 13:45:00+00:00,30,7,13,127.95435333251953,131.228759765625,0,0,0,0,0,0,0,0,0,0,0,1,1,1,1,1,1,0,0,0,0,0,0,0,0
2008-07-02 13:45:00+00:00,30,7,13,86.0481185913086,96.13916778564453,0,0,0,0,0,0,0,0,0,1,1,1,1,1,1,1,1,0,0,0,0,0,0,0,0
2008-07-02 13:45:00+00:00,30,7,13,82.99919891357422,67.29084014892578,0,0,0,0,0,0,0,0,0,1,1,1,1,1,1,1,1,0,0,0,0,0,0,0,0
2008-07-02 13:45:00+00:00,30,7,13,,415.39263916015625,0,0,0,0,0,0,0,0,0,0,0,0,0,0,0,0,0,0,0,0,0,0,0,0,0
2008-07-02 13:45:00+00:00,30,7,13,,,0,0,0,0,0,0,0,0,0,0,0,0,0,0,0,0,0,0,0,0,0,0,0,0,0
2008-07-02 13:45:00+00:00,30,7,13,163.93807983398438,0.0,0,0,0,0,0,0,0,0,0,0,0,0,1,1,1,1,1,1,1,1,1,1,1,1,1
2008-07-02 13:45:00+00:00,30,7,13,124.39772033691406,81.29280853271484,0,0,0,0,0,0,0,0,0,0,0,1,1,1,1,1,1,0,0,0,0,0,0,0,0
2008-07-02 13:45:00+00:00,30,7,13,167.678955078125,194.30691528320312,0,0,0,0,0,0,0,0,0,0,0,0,1,1,1,1,1,0,0,0,0,0,0,0,0
2008-07-02 13:45:00+00:00,30,7,13,170.86959838867188,208.26773071289062,0,0,0,0,0,0,0,0,0,0,0,0,1,1,1,1,1,0,0,0,0,0,0,0,0
2008-07-02 14:00:00+00:00,30,7,14,,,0,0,0,0,0,0,0,0,0,0,0,0,0,0,0,0,0,0,0,0,0,0,0,0,0
2008-07-02 14:00:00+00:00,30,7,14,75.96996307373047,65.6858901977539,0,0,0,0,0,0,0,0,1,1,1,1,1,1,1,1,1,0,0,0,0,0,0,0,0
2008-07-02 14:00:00+00:00,30,7,14,50.451927185058594,46.60262680053711,0,0,0,0,0,0,0,1,1,1,1,1,1,1,1,1,1,0,0,0,0,0,0,1,1
2008-07-02 14:00:00+00:00,30,7,14,441.1639099121094,419.3834228515625,0,0,0,0,0,0,0,0,0,0,0,0,0,0,0,0,0,0,0,0,0,0,0,0,0
2008-07-02 14:00:00+00:00,30,7,14,451.6644592285156,320.25286865234375,0,0,0,0,0,0,0,0,0,0,0,0,0,0,0,0,0,0,0,0,0,0,0,0,0
2008-07-02 14:00:00+00:00,30,7,14,284.3431091308594,256.16302490234375,0,0,0,0,0,0,0,0,0,0,0,0,0,0,0,1,1,0,0,0,0,0,0,0,0
2008-07-02 14:00:00+00:00,30,7,14,374.2821960449219,359.7884826660156,0,0,0,0,0,0,0,0,0,0,0,0,0,0,0,0,0,0,0,0,0,0,0,0,0
2008-07-02 14:00:00+00:00,30,7,14,446.8529968261719,401.48858642578125,0,0,0,0,0,0,0,0,0,0,0,0,0,0,0,0,0,0,0,0,0,0,0,0,0
2008-07-02 14:00:00+00:00,30,7,14,99.3593978881836,82.4040756225586,0,0,0,0,0,0,0,0,0,1,1,1,1,1,1,1,1,0,0,0,0,0,0,0,0
2008-07-02 14:00:00+00:00,30,7,14,,,0,0,0,0,0,0,0,0,0,0,0,0,0,0,0,0,0,0,0,0,0,0,0,0,0
2008-07-02 14:00:00+00:00,30,7,14,,4.424602508544922,0,0,0,0,0,0,0,0,0,0,0,0,0,0,0,0,0,1,1,1,1,1,1,1,1
2008-07-02 14:00:00+00:00,30,7,14,178.21888732910156,143.58384704589844,0,0,0,0,0,0,0,0,0,0,0,0,1,1,1,1,1,0,0,0,0,0,0,0,0
2008-07-02 14:00:00+00:00,30,7,14,64.74713897705078,181.9501495361328,0,0,0,0,0,0,0,0,1,1,1,1,1,1,1,1,1,0,0,0,0,0,0,0,0
2008-07-02 14:00:00+00:00,30,7,14,282.8326721191406,87.08090209960938,0,0,0,0,0,0,0,0,0,0,0,0,0,0,0,1,1,0,0,0,0,0,0,0,0
2008-07-02 14:15:00+00:00,30,7,14,,,0,0,0,0,0,0,0,0,0,0,0,0,0,0,0,0,0,0,0,0,0,0,0,0,0
2008-07-02 14:15:00+00:00,30,7,14,95.03170013427734,90.28984832763672,0,0,0,0,0,0,0,0,0,1,1,1,1,1,1,1,1,0,0,0,0,0,0,0,0
2008-07-02 14:15:00+00:00,30,7,14,358.4098205566406,309.11492919921875,0,0,0,0,0,0,0,0,0,0,0,0,0,0,0,0,0,0,0,0,0,0,0,0,0
2008-07-02 14:15:00+00:00,30,7,14,395.45989990234375,,0,0,0,0,0,0,0,0,0,0,0,0,0,0,0,0,0,0,0,0,0,0,0,0,0
2008-07-02 14:15:00+00:00,30,7,14,314.7133483886719,132.6554718017578,0,0,0,0,0,0,0,0,0,0,0,0,0,0,0,0,1,0,0,0,0,0,0,0,0
2008-07-02 14:15:00+00:00,30,7,14,205.2845458984375,193.11175537109375,0,0,0,0,0,0,0,0,0,0,0,0,0,0,1,1,1,0,0,0,0,0,0,0,0
2008-07-02 14:15:00+00:00,30,7,14,,341.6787414550781,0,0,0,0,0,0,0,0,0,0,0,0,0,0,0,0,0,0,0,0,0,0,0,0,0
2008-07-02 14:15:00+00:00,30,7,14,,299.19427490234375,0,0,0,0,0,0,0,0,0,0,0,0,0,0,0,0,0,0,0,0,0,0,0,0,0
2008-07-02 14:15:00+00:00,30,7,14,,29.922250747680664,0,0,0,0,0,0,0,0,0,0,0,0,0,0,0,0,0,0,0,0,0,1,1,1,1
2008-07-02 14:15:00+00:00,30,7,14,,,0,0,0,0,0,0,0,0,0,0,0,0,0,0,0,0,0,0,0,0,0,0,0,0,0
2008-07-02 14:15:00+00:00,30,7,14,194.53001403808594,267.05523681640625,0,0,0,0,0,0,0,0,0,0,0,0,0,1,1,1,1,0,0,0,0,0,0,0,0
2008-07-02 14:15:00+00:00,30,7,14,,,0,0,0,0,0,0,0,0,0,0,0,0,0,0,0,0,0,0,0,0,0,0,0,0,0
2008-07-02 14:30:00+00:00,30,7,14,,,0,0,0,0,0,0,0,0,0,0,0,0,0,0,0,0,0,0,0,0,0,0,0,0,0
2008-07-02 14:30:00+00:00,30,7,14,121.79630279541016,147.75958251953125,0,0,0,0,0,0,0,0,0,0,0,1,1,1,1,1,1,0,0,0,0,0,0,0,0
2008-07-02 14:30:00+00:00,30,7,14,167.44711303710938,147.06776428222656,0,0,0,0,0,0,0,0,0,0,0,0,1,1,1,1,1,0,0,0,0,0,0,0,0
2008-07-02 14:30:00+00:00,30,7,14,274.1610107421875,61.91767501831055,0,0,0,0,0,0,0,0,0,0,0,0,0,0,0,1,1,0,0,0,0,0,0,0,0
2008-07-02 14:30:00+00:00,30,7,14,189.11135864257812,198.95980834960938,0,0,0,0,0,0,0,0,0,0,0,0,0,1,1,1,1,0,0,0,0,0,0,0,0
2008-07-02 14:30:00+00:00,30,7,14,279.2868347167969,286.1572570800781,0,0,0,0,0,0,0,0,0,0,0,0,0,0,0,1,1,0,0,0,0,0,0,0,0
2008-07-02 14:30:00+00:00,30,7,14,,227.43304443359375,0,0,0,0,0,0,0,0,0,0,0,0,0,0,0,0,0,0,0,0,0,0,0,0,0
2008-07-02 14:30:00+00:00,30,7,14,,276.3635559082031,0,0,0,0,0,0,0,0,0,0,0,0,0,0,0,0,0,0,0,0,0,0,0,0,0
2008-07-02 14:30:00+00:00,30,7,14,43.983734130859375,,0,0,0,0,0,0,1,1,1,1,1,1,1,1,1,1,1,0,0,0,0,0,0,0,0
2008-07-02 14:30:00+00:00,30,7,14,131.57472229003906,127.21991729736328,0,0,0,0,0,0,0,0,0,0,0,1,1,1,1,1,1,0,0,0,0,0,0,0,0
2008-07-02 14:30:00+00:00,30,7,14,141.83648681640625,3.1790671348571777,0,0,0,0,0,0,0,0,0,0,0,1,1,1,1,1,1,1,1,1,1,1,1,1,1
2008-07-02 14:30:00+00:00,30,7,14,184.12359619140625,284.1675109863281,0,0,0,0,0,0,0,0,0,0,0,0,0,1,1,1,1,0,0,0,0,0,0,0,0
2008-07-02 14:30:00+00:00,30,7,14,39.75507736206055,85.09888458251953,0,0,0,0,0,1,1,1,1,1,1,1,1,1,1,1,1,0,0,0,0,0,0,0,0
2008-07-02 14:30:00+00:00,30,7,14,383.8543701171875,,0,0,0,0,0,0,0,0,0,0,0,0,0,0,0,0,0,0,0,0,0,0,0,0,0
2008-07-02 14:30:00+00:00,30,7,14,,,0,0,0,0,0,0,0,0,0,0,0,0,0,0,0,0,0,0,0,0,0,0,0,0,0
2008-07-02 14:45:00+00:00,30,7,14,,,0,0,0,0,0,0,0,0,0,0,0,0,0,0,0,0,0,0,0,0,0,0,0,0,0
2008-07-02 14:45:00+00:00,30,7,14,,,0,0,0,0,0,0,0,0,0,0,0,0,0,0,0,0,0,0,0,0,0,0,0,0,0
2008-07-02 14:45:00+00:00,30,7,14,37.78114700317383,0.0,0,0,0,0,0,1,1,1,1,1,1,1,1,1,1,1,1,1,1,1,1,1,1,1,1
2008-07-02 14:45:00+00:00,30,7,14,121.09300994873047,137.49752807617188,0,0,0,0,0,0,0,0,0,0,0,1,1,1,1,1,1,0,0,0,0,0,0,0,0
2008-07-02 14:45:00+00:00,30,7,14,146.032470703125,132.667236328125,0,0,0,0,0,0,0,0,0,0,0,1,1,1,1,1,1,0,0,0,0,0,0,0,0
2008-07-02 14:45:00+00:00,30,7,14,63.02885055541992,68.20755004882812,0,0,0,0,0,0,0,0,1,1,1,1,1,1,1,1,1,0,0,0,0,0,0,0,0
2008-07-02 14:45:00+00:00,30,7,14,199.38052368164062,210.31016540527344,0,0,0,0,0,0,0,0,0,0,0,0,0,1,1,1,1,0,0,0,0,0,0,0,0
2008-07-02 14:45:00+00:00,30,7,14,254.62071228027344,237.62179565429688,0,0,0,0,0,0,0,0,0,0,0,0,0,0,0,1,1,0,0,0,0,0,0,0,0
2008-07-02 14:45:00+00:00,30,7,14,86.21385955810547,162.07846069335938,0,0,0,0,0,0,0,0,0,1,1,1,1,1,1,1,1,0,0,0,0,0,0,0,0
2008-07-02 14:45:00+00:00,30,7,14,108.94296264648438,35.79338836669922,0,0,0,0,0,0,0,0,0,0,1,1,1,1,1,1,1,0,0,0,0,0,1,1,1
2008-07-02 14:45:00+00:00,30,7,14,84.86602783203125,57.477787017822266,0,0,0,0,0,0,0,0,0,1,1,1,1,1,1,1,1,0,0,0,0,0,0,0,1
2008-07-02 14:45:00+00:00,30,7,14,137.2603302001953,35.631797790527344,0,0,0,0,0,0,0,0,0,0,0,1,1,1,1,1,1,0,0,0,0,0,1,1,1
2008-07-02 14:45:00+00:00,30,7,14,228.33389282226562,223.57354736328125,0,0,0,0,0,0,0,0,0,0,0,0,0,0,1,1,1,0,0,0,0,0,0,0,0
2008-07-02 14:45:00+00:00,30,7,14,442.2850341796875,456.4600524902344,0,0,0,0,0,0,0,0,0,0,0,0,0,0,0,0,0,0,0,0,0,0,0,0,0
2008-07-02 14:45:00+00:00,30,7,14,,,0,0,0,0,0,0,0,0,0,0,0,0,0,0,0,0,0,0,0,0,0,0,0,0,0
2008-07-02 15:00:00+00:00,30,7,15,202.480712890625,195.61012268066406,0,0,0,0,0,0,0,0,0,0,0,0,0,0,1,1,1,0,0,0,0,0,0,0,0
2008-07-02 15:00:00+00:00,30,7,15,230.8955841064453,237.075439453125,0,0,0,0,0,0,0,0,0,0,0,0,0,0,1,1,1,0,0,0,0,0,0,0,0
2008-07-02 15:00:00+00:00,30,7,15,41.02589797973633,19.145076751708984,0,0,0,0,0,0,1,1,1,1,1,1,1,1,1,1,1,0,0,1,1,1,1,1,1
2008-07-02 15:00:00+00:00,30,7,15,164.31698608398438,147.0037078857422,0,0,0,0,0,0,0,0,0,0,0,0,1,1,1,1,1,0,0,0,0,0,0,0,0
2008-07-02 15:00:00+00:00,30,7,15,251.91114807128906,246.84437561035156,0,0,0,0,0,0,0,0,0,0,0,0,0,0,0,1,1,0,0,0,0,0,0,0,0
2008-07-02 15:00:00+00:00,30,7,15,290.49713134765625,283.0537414550781,0,0,0,0,0,0,0,0,0,0,0,0,0,0,0,1,1,0,0,0,0,0,0,0,0
2008-07-02 15:00:00+00:00,30,7,15,304.7076721191406,287.67510986328125,0,0,0,0,0,0,0,0,0,0,0,0,0,0,0,0,1,0,0,0,0,0,0,0,0
2008-07-02 15:00:00+00:00,30,7,15,158.97921752929688,147.7914581298828,0,0,0,0,0,0,0,0,0,0,0,0,1,1,1,1,1,0,0,0,0,0,0,0,0
2008-07-02 15:00:00+00:00,30,7,15,121.86289978027344,408.0527038574219,0,0,0,0,0,0,0,0,0,0,0,1,1,1,1,1,1,0,0,0,0,0,0,0,0
2008-07-02 15:00:00+00:00,30,7,15,188.06719970703125,307.8721923828125,0,0,0,0,0,0,0,0,0,0,0,0,0,1,1,1,1,0,0,0,0,0,0,0,0
2008-07-02 15:00:00+00:00,30,7,15,100.07575988769531,102.82738494873047,0,0,0,0,0,0,0,0,0,0,1,1,1,1,1,1,1,0,0,0,0,0,0,0,0
2008-07-02 15:00:00+00:00,30,7,15,,,0,0,0,0,0,0,0,0,0,0,0,0,0,0,0,0,0,0,0,0,0,0,0,0,0
2008-07-02 15:00:00+00:00,30,7,15,83.26446533203125,96.340087890625,0,0,0,0,0,0,0,0,0,1,1,1,1,1,1,1,1,0,0,0,0,0,0,0,0
2008-07-02 15:00:00+00:00,30,7,15,,,0,0,0,0,0,0,0,0,0,0,0,0,0,0,0,0,0,0,0,0,0,0,0,0,0
2008-07-02 15:00:00+00:00,30,7,15,,,0,0,0,0,0,0,0,0,0,0,0,0,0,0,0,0,0,0,0,0,0,0,0,0,0
2008-07-02 15:15:00+00:00,30,7,15,92.16542053222656,161.74879455566406,0,0,0,0,0,0,0,0,0,1,1,1,1,1,1,1,1,0,0,0,0,0,0,0,0
2008-07-02 15:15:00+00:00,30,7,15,,,0,0,0,0,0,0,0,0,0,0,0,0,0,0,0,0,0,0,0,0,0,0,0,0,0
2008-07-02 15:15:00+00:00,30,7,15,127.54743957519531,237.06492614746094,0,0,0,0,0,0,0,0,0,0,0,1,1,1,1,1,1,0,0,0,0,0,0,0,0
2008-07-02 15:15:00+00:00,30,7,15,156.17196655273438,114.788330078125,0,0,0,0,0,0,0,0,0,0,0,0,1,1,1,1,1,0,0,0,0,0,0,0,0
2008-07-02 15:15:00+00:00,30,7,15,247.0187530517578,243.23757934570312,0,0,0,0,0,0,0,0,0,0,0,0,0,0,1,1,1,0,0,0,0,0,0,0,0
2008-07-02 15:30:00+00:00,30,7,15,146.8505096435547,95.11474609375,0,0,0,0,0,0,0,0,0,0,0,1,1,1,1,1,1,0,0,0,0,0,0,0,0
2008-07-02 15:30:00+00:00,30,7,15,158.88746643066406,169.41635131835938,0,0,0,0,0,0,0,0,0,0,0,0,1,1,1,1,1,0,0,0,0,0,0,0,0
2008-07-02 15:30:00+00:00,30,7,15,113.96736907958984,105.93509674072266,0,0,0,0,0,0,0,0,0,0,1,1,1,1,1,1,1,0,0,0,0,0,0,0,0
2008-07-02 15:30:00+00:00,30,7,15,409.6793212890625,398.7250671386719,0,0,0,0,0,0,0,0,0,0,0,0,0,0,0,0,0,0,0,0,0,0,0,0,0
2008-07-02 15:30:00+00:00,30,7,15,354.6822509765625,351.8275451660156,0,0,0,0,0,0,0,0,0,0,0,0,0,0,0,0,0,0,0,0,0,0,0,0,0
2008-07-02 15:30:00+00:00,30,7,15,97.93046569824219,87.7523193359375,0,0,0,0,0,0,0,0,0,1,1,1,1,1,1,1,1,0,0,0,0,0,0,0,0
2008-07-02 15:30:00+00:00,30,7,15,311.2232971191406,210.52886962890625,0,0,0,0,0,0,0,0,0,0,0,0,0,0,0,0,1,0,0,0,0,0,0,0,0
2008-07-02 15:30:00+00:00,30,7,15,81.68953704833984,81.68040466308594,0,0,0,0,0,0,0,0,0,1,1,1,1,1,1,1,1,0,0,0,0,0,0,0,0
2008-07-02 15:30:00+00:00,30,7,15,,,0,0,0,0,0,0,0,0,0,0,0,0,0,0,0,0,0,0,0,0,0,0,0,0,0
2008-07-02 15:30:00+00:00,30,7,15,,,0,0,0,0,0,0,0,0,0,0,0,0,0,0,0,0,0,0,0,0,0,0,0,0,0
2008-07-02 15:30:00+00:00,30,7,15,160.99314880371094,98.1216049194336,0,0,0,0,0,0,0,0,0,0,0,0,1,1,1,1,1,0,0,0,0,0,0,0,0
2008-07-02 15:30:00+00:00,30,7,15,19.71451187133789,0.0,0,0,1,1,1,1,1,1,1,1,1,1,1,1,1,1,1,1,1,1,1,1,1,1,1
2008-07-02 15:30:00+00:00,30,7,15,332.2489318847656,330.47479248046875,0,0,0,0,0,0,0,0,0,0,0,0,0,0,0,0,1,0,0,0,0,0,0,0,0
2008-07-02 15:30:00+00:00,30,7,15,286.2593994140625,267.44110107421875,0,0,0,0,0,0,0,0,0,0,0,0,0,0,0,1,1,0,0,0,0,0,0,0,0
2008-07-02 15:30:00+00:00,30,7,15,301.1805114746094,245.93157958984375,0,0,0,0,0,0,0,0,0,0,0,0,0,0,0,0,1,0,0,0,0,0,0,0,0
2008-07-02 15:30:00+00:00,30,7,15,,,0,0,0,0,0,0,0,0,0,0,0,0,0,0,0,0,0,0,0,0,0,0,0,0,0
2008-07-02 15:30:00+00:00,30,7,15,,,0,0,0,0,0,0,0,0,0,0,0,0,0,0,0,0,0,0,0,0,0,0,0,0,0
2008-07-02 15:45:00+00:00,30,7,15,,,0,0,0,0,0,0,0,0,0,0,0,0,0,0,0,0,0,0,0,0,0,0,0,0,0
2008-07-02 15:45:00+00:00,30,7,15,,,0,0,0,0,0,0,0,0,0,0,0,0,0,0,0,0,0,0,0,0,0,0,0,0,0
2008-07-02 15:45:00+00:00,30,7,15,460.3386535644531,478.85968017578125,0,0,0,0,0,0,0,0,0,0,0,0,0,0,0,0,0,0,0,0,0,0,0,0,0
2008-07-02 15:45:00+00:00,30,7,15,,,0,0,0,0,0,0,0,0,0,0,0,0,0,0,0,0,0,0,0,0,0,0,0,0,0
2008-07-02 15:45:00+00:00,30,7,15,,,0,0,0,0,0,0,0,0,0,0,0,0,0,0,0,0,0,0,0,0,0,0,0,0,0
2008-07-02 15:45:00+00:00,30,7,15,143.4076690673828,183.3516387939453,0,0,0,0,0,0,0,0,0,0,0,1,1,1,1,1,1,0,0,0,0,0,0,0,0
2008-07-02 15:45:00+00:00,30,7,15,210.06216430664062,212.29354858398438,0,0,0,0,0,0,0,0,0,0,0,0,0,0,1,1,1,0,0,0,0,0,0,0,0
2008-07-02 15:45:00+00:00,30,7,15,78.08634185791016,78.70703125,0,0,0,0,0,0,0,0,1,1,1,1,1,1,1,1,1,0,0,0,0,0,0,0,0
2008-07-02 15:45:00+00:00,30,7,15,78.11869049072266,102.904296875,0,0,0,0,0,0,0,0,1,1,1,1,1,1,1,1,1,0,0,0,0,0,0,0,0
2008-07-02 15:45:00+00:00,30,7,15,189.25584411621094,170.88043212890625,0,0,0,0,0,0,0,0,0,0,0,0,0,1,1,1,1,0,0,0,0,0,0,0,0
2008-07-02 15:45:00+00:00,30,7,15,121.47445678710938,92.18092346191406,0,0,0,0,0,0,0,0,0,0,0,1,1,1,1,1,1,0,0,0,0,0,0,0,0
2008-07-02 15:45:00+00:00,30,7,15,102.17262268066406,122.28177642822266,0,0,0,0,0,0,0,0,0,0,1,1,1,1,1,1,1,0,0,0,0,0,0,0,0
2008-07-02 16:00:00+00:00,30,7,16,209.92185974121094,259.313720703125,0,0,0,0,0,0,0,0,0,0,0,0,0,0,1,1,1,0,0,0,0,0,0,0,0
2008-07-02 16:00:00+00:00,30,7,16,174.1311492919922,239.91395568847656,0,0,0,0,0,0,0,0,0,0,0,0,1,1,1,1,1,0,0,0,0,0,0,0,0
2008-07-02 16:00:00+00:00,30,7,16,280.2357482910156,,0,0,0,0,0,0,0,0,0,0,0,0,0,0,0,1,1,0,0,0,0,0,0,0,0
2008-07-02 16:00:00+00:00,30,7,16,41.210350036621094,33.64704132080078,0,0,0,0,0,0,1,1,1,1,1,1,1,1,1,1,1,0,0,0,0,0,1,1,1
2008-07-02 16:00:00+00:00,30,7,16,324.44293212890625,,0,0,0,0,0,0,0,0,0,0,0,0,0,0,0,0,1,0,0,0,0,0,0,0,0
2008-07-02 16:00:00+00:00,30,7,16,119.06941986083984,20.200044631958008,0,0,0,0,0,0,0,0,0,0,1,1,1,1,1,1,1,0,0,0,1,1,1,1,1
2008-07-02 16:00:00+00:00,30,7,16,245.92637634277344,231.44891357421875,0,0,0,0,0,0,0,0,0,0,0,0,0,0,1,1,1,0,0,0,0,0,0,0,0
2008-07-02 16:00:00+00:00,30,7,16,311.9868469238281,298.62188720703125,0,0,0,0,0,0,0,0,0,0,0,0,0,0,0,0,1,0,0,0,0,0,0,0,0
2008-07-02 16:00:00+00:00,30,7,16,,,0,0,0,0,0,0,0,0,0,0,0,0,0,0,0,0,0,0,0,0,0,0,0,0,0
2008-07-02 16:00:00+00:00,30,7,16,192.5274200439453,,0,0,0,0,0,0,0,0,0,0,0,0,0,1,1,1,1,0,0,0,0,0,0,0,0
2008-07-02 16:00:00+00:00,30,7,16,368.27886962890625,,0,0,0,0,0,0,0,0,0,0,0,0,0,0,0,0,0,0,0,0,0,0,0,0,0
2008-07-02 16:00:00+00:00,30,7,16,212.56932067871094,3.209829568862915,0,0,0,0,0,0,0,0,0,0,0,0,0,0,1,1,1,1,1,1,1,1,1,1,1
2008-07-02 16:15:00+00:00,30,7,16,231.60911560058594,,0,0,0,0,0,0,0,0,0,0,0,0,0,0,1,1,1,0,0,0,0,0,0,0,0
2008-07-02 16:15:00+00:00,30,7,16,262.28240966796875,265.33856201171875,0,0,0,0,0,0,0,0,0,0,0,0,0,0,0,1,1,0,0,0,0,0,0,0,0
2008-07-02 16:15:00+00:00,30,7,16,219.75254821777344,232.2303924560547,0,0,0,0,0,0,0,0,0,0,0,0,0,0,1,1,1,0,0,0,0,0,0,0,0
2008-07-02 16:15:00+00:00,30,7,16,483.86285400390625,123.98448944091797,0,0,0,0,0,0,0,0,0,0,0,0,0,0,0,0,0,0,0,0,0,0,0,0,0
2008-07-02 16:15:00+00:00,30,7,16,268.57305908203125,424.7740478515625,0,0,0,0,0,0,0,0,0,0,0,0,0,0,0,1,1,0,0,0,0,0,0,0,0
2008-07-02 16:15:00+00:00,30,7,16,85.80359649658203,57.82857894897461,0,0,0,0,0,0,0,0,0,1,1,1,1,1,1,1,1,0,0,0,0,0,0,0,1
2008-07-02 16:15:00+00:00,30,7,16,38.584678649902344,38.119632720947266,0,0,0,0,0,1,1,1,1,1,1,1,1,1,1,1,1,0,0,0,0,0,1,1,1
2008-07-02 16:15:00+00:00,30,7,16,,,0,0,0,0,0,0,0,0,0,0,0,0,0,0,0,0,0,0,0,0,0,0,0,0,0
2008-07-02 16:15:00+00:00,30,7,16,,,0,0,0,0,0,0,0,0,0,0,0,0,0,0,0,0,0,0,0,0,0,0,0,0,0
2008-07-02 16:30:00+00:00,30,7,16,,43.84560775756836,0,0,0,0,0,0,0,0,0,0,0,0,0,0,0,0,0,0,0,0,0,0,0,1,1
2008-07-02 16:30:00+00:00,30,7,16,216.32028198242188,42.63988494873047,0,0,0,0,0,0,0,0,0,0,0,0,0,0,1,1,1,0,0,0,0,0,0,1,1
2008-07-02 16:30:00+00:00,30,7,16,,165.62689208984375,0,0,0,0,0,0,0,0,0,0,0,0,0,0,0,0,0,0,0,0,0,0,0,0,0
2008-07-02 16:30:00+00:00,30,7,16,299.2962341308594,159.8732452392578,0,0,0,0,0,0,0,0,0,0,0,0,0,0,0,1,1,0,0,0,0,0,0,0,0
2008-07-02 16:30:00+00:00,30,7,16,135.32394409179688,118.82510375976562,0,0,0,0,0,0,0,0,0,0,0,1,1,1,1,1,1,0,0,0,0,0,0,0,0
2008-07-02 16:30:00+00:00,30,7,16,32.27670669555664,3.183974504470825,0,0,0,0,0,1,1,1,1,1,1,1,1,1,1,1,1,1,1,1,1,1,1,1,1
2008-07-02 16:30:00+00:00,30,7,16,64.30428314208984,508.5074768066406,0,0,0,0,0,0,0,0,1,1,1,1,1,1,1,1,1,0,0,0,0,0,0,0,0
2008-07-02 16:30:00+00:00,30,7,16,,,0,0,0,0,0,0,0,0,0,0,0,0,0,0,0,0,0,0,0,0,0,0,0,0,0
2008-07-02 16:45:00+00:00,30,7,16,,6.759884834289551,0,0,0,0,0,0,0,0,0,0,0,0,0,0,0,0,0,1,1,1,1,1,1,1,1
2008-07-02 16:45:00+00:00,30,7,16,103.69905853271484,90.23944854736328,0,0,0,0,0,0,0,0,0,0,1,1,1,1,1,1,1,0,0,0,0,0,0,0,0
2008-07-02 16:45:00+00:00,30,7,16,62.113258361816406,49.2932014465332,0,0,0,0,0,0,0,0,1,1,1,1,1,1,1,1,1,0,0,0,0,0,0,1,1
2008-07-02 16:45:00+00:00,30,7,16,169.0991973876953,,0,0,0,0,0,0,0,0,0,0,0,0,1,1,1,1,1,0,0,0,0,0,0,0,0
2008-07-02 16:45:00+00:00,30,7,16,303.2402038574219,434.4844970703125,0,0,0,0,0,0,0,0,0,0,0,0,0,0,0,0,1,0,0,0,0,0,0,0,0
2008-07-02 16:45:00+00:00,30,7,16,322.7165832519531,,0,0,0,0,0,0,0,0,0,0,0,0,0,0,0,0,1,0,0,0,0,0,0,0,0
2008-07-02 16:45:00+00:00,30,7,16,,,0,0,0,0,0,0,0,0,0,0,0,0,0,0,0,0,0,0,0,0,0,0,0,0,0
2008-07-02 17:00:00+00:00,30,7,17,196.6528778076172,98.1927719116211,0,0,0,0,0,0,0,0,0,0,0,0,0,1,1,1,1,0,0,0,0,0,0,0,0
2008-07-02 17:00:00+00:00,30,7,17,254.24961853027344,394.384521484375,0,0,0,0,0,0,0,0,0,0,0,0,0,0,0,1,1,0,0,0,0,0,0,0,0
2008-07-02 17:00:00+00:00,30,7,17,,,0,0,0,0,0,0,0,0,0,0,0,0,0,0,0,0,0,0,0,0,0,0,0,0,0
2008-07-02 17:15:00+00:00,30,7,17,30.957124710083008,357.7527770996094,0,0,0,0,0,1,1,1,1,1,1,1,1,1,1,1,1,0,0,0,0,0,0,0,0
2008-07-02 17:15:00+00:00,30,7,17,264.9919128417969,268.7537841796875,0,0,0,0,0,0,0,0,0,0,0,0,0,0,0,1,1,0,0,0,0,0,0,0,0
2008-07-02 17:15:00+00:00,30,7,17,126.12175750732422,125.59246826171875,0,0,0,0,0,0,0,0,0,0,0,1,1,1,1,1,1,0,0,0,0,0,0,0,0
2008-07-02 17:15:00+00:00,30,7,17,190.3050079345703,200.3944091796875,0,0,0,0,0,0,0,0,0,0,0,0,0,1,1,1,1,0,0,0,0,0,0,0,0
2008-07-02 17:15:00+00:00,30,7,17,,,0,0,0,0,0,0,0,0,0,0,0,0,0,0,0,0,0,0,0,0,0,0,0,0,0
2008-07-02 17:15:00+00:00,30,7,17,,,0,0,0,0,0,0,0,0,0,0,0,0,0,0,0,0,0,0,0,0,0,0,0,0,0
2008-07-02 17:15:00+00:00,30,7,17,,,0,0,0,0,0,0,0,0,0,0,0,0,0,0,0,0,0,0,0,0,0,0,0,0,0
2008-07-02 17:30:00+00:00,30,7,17,,,0,0,0,0,0,0,0,0,0,0,0,0,0,0,0,0,0,0,0,0,0,0,0,0,0
2008-07-02 17:45:00+00:00,30,7,17,48.168941497802734,59.03623962402344,0,0,0,0,0,0,1,1,1,1,1,1,1,1,1,1,1,0,0,0,0,0,0,0,1
2008-07-02 17:45:00+00:00,30,7,17,,,0,0,0,0,0,0,0,0,0,0,0,0,0,0,0,0,0,0,0,0,0,0,0,0,0
2008-07-02 17:45:00+00:00,30,7,17,102.38534545898438,94.9353256225586,0,0,0,0,0,0,0,0,0,0,1,1,1,1,1,1,1,0,0,0,0,0,0,0,0
2008-07-02 17:45:00+00:00,30,7,17,99.5889892578125,103.46249389648438,0,0,0,0,0,0,0,0,0,1,1,1,1,1,1,1,1,0,0,0,0,0,0,0,0
2008-07-02 17:45:00+00:00,30,7,17,285.38873291015625,328.36181640625,0,0,0,0,0,0,0,0,0,0,0,0,0,0,0,1,1,0,0,0,0,0,0,0,0
2008-07-02 17:45:00+00:00,30,7,17,,,0,0,0,0,0,0,0,0,0,0,0,0,0,0,0,0,0,0,0,0,0,0,0,0,0
2008-07-03 10:00:00+00:00,30,7,10,264.3822937011719,247.6931915283203,0,0,0,0,0,0,0,0,0,0,0,0,0,0,0,1,1,0,0,0,0,0,0,0,0
2008-07-03 10:00:00+00:00,30,7,10,150.91038513183594,122.28897094726562,0,0,0,0,0,0,0,0,0,0,0,0,1,1,1,1,1,0,0,0,0,0,0,0,0
2008-07-03 10:15:00+00:00,30,7,10,,,0,0,0,0,0,0,0,0,0,0,0,0,0,0,0,0,0,0,0,0,0,0,0,0,0
2008-07-03 10:15:00+00:00,30,7,10,388.6682434082031,408.19805908203125,0,0,0,0,0,0,0,0,0,0,0,0,0,0,0,0,0,0,0,0,0,0,0,0,0
2008-07-03 10:15:00+00:00,30,7,10,,,0,0,0,0,0,0,0,0,0,0,0,0,0,0,0,0,0,0,0,0,0,0,0,0,0
2008-07-03 10:15:00+00:00,30,7,10,97.5806884765625,56.36528015136719,0,0,0,0,0,0,0,0,0,1,1,1,1,1,1,1,1,0,0,0,0,0,0,0,1
2008-07-03 10:30:00+00:00,30,7,10,167.93472290039062,167.8739471435547,0,0,0,0,0,0,0,0,0,0,0,0,1,1,1,1,1,0,0,0,0,0,0,0,0
2008-07-03 10:30:00+00:00,30,7,10,,6.508175849914551,0,0,0,0,0,0,0,0,0,0,0,0,0,0,0,0,0,1,1,1,1,1,1,1,1
2008-07-03 10:30:00+00:00,30,7,10,,15.764421463012695,0,0,0,0,0,0,0,0,0,0,0,0,0,0,0,0,0,0,0,1,1,1,1,1,1
2008-07-03 10:30:00+00:00,30,7,10,291.5399475097656,306.053466796875,0,0,0,0,0,0,0,0,0,0,0,0,0,0,0,1,1,0,0,0,0,0,0,0,0
2008-07-03 10:30:00+00:00,30,7,10,329.0843505859375,342.6582336425781,0,0,0,0,0,0,0,0,0,0,0,0,0,0,0,0,1,0,0,0,0,0,0,0,0
2008-07-03 10:45:00+00:00,30,7,10,,290.02960205078125,0,0,0,0,0,0,0,0,0,0,0,0,0,0,0,0,0,0,0,0,0,0,0,0,0
2008-07-03 10:45:00+00:00,30,7,10,,,0,0,0,0,0,0,0,0,0,0,0,0,0,0,0,0,0,0,0,0,0,0,0,0,0
2008-07-03 11:00:00+00:00,30,7,11,115.32667541503906,57.05887985229492,0,0,0,0,0,0,0,0,0,0,1,1,1,1,1,1,1,0,0,0,0,0,0,0,1
2008-07-03 11:00:00+00:00,30,7,11,,,0,0,0,0,0,0,0,0,0,0,0,0,0,0,0,0,0,0,0,0,0,0,0,0,0
2008-07-03 11:00:00+00:00,30,7,11,297.69488525390625,141.92098999023438,0,0,0,0,0,0,0,0,0,0,0,0,0,0,0,1,1,0,0,0,0,0,0,0,0
2008-07-03 11:00:00+00:00,30,7,11,372.0974426269531,243.13136291503906,0,0,0,0,0,0,0,0,0,0,0,0,0,0,0,0,0,0,0,0,0,0,0,0,0
2008-07-03 11:00:00+00:00,30,7,11,271.2174377441406,,0,0,0,0,0,0,0,0,0,0,0,0,0,0,0,1,1,0,0,0,0,0,0,0,0
2008-07-03 11:00:00+00:00,30,7,11,238.2019500732422,16.209720611572266,0,0,0,0,0,0,0,0,0,0,0,0,0,0,1,1,1,0,0,1,1,1,1,1,1
2008-07-03 11:15:00+00:00,30,7,11,235.87353515625,209.30712890625,0,0,0,0,0,0,0,0,0,0,0,0,0,0,1,1,1,0,0,0,0,0,0,0,0
2008-07-03 11:15:00+00:00,30,7,11,147.57485961914062,130.06881713867188,0,0,0,0,0,0,0,0,0,0,0,1,1,1,1,1,1,0,0,0,0,0,0,0,0
2008-07-03 11:15:00+00:00,30,7,11,172.9526824951172,112.29432678222656,0,0,0,0,0,0,0,0,0,0,0,0,1,1,1,1,1,0,0,0,0,0,0,0,0
2008-07-03 11:15:00+00:00,30,7,11,251.38641357421875,249.13302612304688,0,0,0,0,0,0,0,0,0,0,0,0,0,0,0,1,1,0,0,0,0,0,0,0,0
2008-07-03 11:15:00+00:00,30,7,11,348.9972839355469,73.24181365966797,0,0,0,0,0,0,0,0,0,0,0,0,0,0,0,0,1,0,0,0,0,0,0,0,0
2008-07-03 11:15:00+00:00,30,7,11,574.848388671875,259.4259948730469,0,0,0,0,0,0,0,0,0,0,0,0,0,0,0,0,0,0,0,0,0,0,0,0,0
2008-07-03 11:30:00+00:00,30,7,11,223.77313232421875,222.02691650390625,0,0,0,0,0,0,0,0,0,0,0,0,0,0,1,1,1,0,0,0,0,0,0,0,0
2008-07-03 11:30:00+00:00,30,7,11,215.51873779296875,209.0139617919922,0,0,0,0,0,0,0,0,0,0,0,0,0,0,1,1,1,0,0,0,0,0,0,0,0
2008-07-03 11:30:00+00:00,30,7,11,,,0,0,0,0,0,0,0,0,0,0,0,0,0,0,0,0,0,0,0,0,0,0,0,0,0
2008-07-03 11:30:00+00:00,30,7,11,175.35696411132812,254.36529541015625,0,0,0,0,0,0,0,0,0,0,0,0,1,1,1,1,1,0,0,0,0,0,0,0,0
2008-07-03 11:30:00+00:00,30,7,11,104.4256362915039,183.77432250976562,0,0,0,0,0,0,0,0,0,0,1,1,1,1,1,1,1,0,0,0,0,0,0,0,0
2008-07-03 11:30:00+00:00,30,7,11,218.90206909179688,210.8572998046875,0,0,0,0,0,0,0,0,0,0,0,0,0,0,1,1,1,0,0,0,0,0,0,0,0
2008-07-03 11:30:00+00:00,30,7,11,,,0,0,0,0,0,0,0,0,0,0,0,0,0,0,0,0,0,0,0,0,0,0,0,0,0
2008-07-03 11:45:00+00:00,30,7,11,198.43911743164062,197.95480346679688,0,0,0,0,0,0,0,0,0,0,0,0,0,1,1,1,1,0,0,0,0,0,0,0,0
2008-07-03 11:45:00+00:00,30,7,11,,,0,0,0,0,0,0,0,0,0,0,0,0,0,0,0,0,0,0,0,0,0,0,0,0,0
2008-07-03 11:45:00+00:00,30,7,11,,,0,0,0,0,0,0,0,0,0,0,0,0,0,0,0,0,0,0,0,0,0,0,0,0,0
2008-07-03 11:45:00+00:00,30,7,11,241.30494689941406,206.89378356933594,0,0,0,0,0,0,0,0,0,0,0,0,0,0,1,1,1,0,0,0,0,0,0,0,0
2008-07-03 11:45:00+00:00,30,7,11,93.79002380371094,74.83551025390625,0,0,0,0,0,0,0,0,0,1,1,1,1,1,1,1,1,0,0,0,0,0,0,0,0
2008-07-03 11:45:00+00:00,30,7,11,162.7105255126953,137.2843780517578,0,0,0,0,0,0,0,0,0,0,0,0,1,1,1,1,1,0,0,0,0,0,0,0,0
2008-07-03 11:45:00+00:00,30,7,11,245.671875,273.1376037597656,0,0,0,0,0,0,0,0,0,0,0,0,0,0,1,1,1,0,0,0,0,0,0,0,0
2008-07-03 11:45:00+00:00,30,7,11,331.964599609375,316.8790588378906,0,0,0,0,0,0,0,0,0,0,0,0,0,0,0,0,1,0,0,0,0,0,0,0,0
2008-07-03 12:00:00+00:00,30,7,12,165.84262084960938,150.17152404785156,0,0,0,0,0,0,0,0,0,0,0,0,1,1,1,1,1,0,0,0,0,0,0,0,0
2008-07-03 12:00:00+00:00,30,7,12,276.4455871582031,250.70802307128906,0,0,0,0,0,0,0,0,0,0,0,0,0,0,0,1,1,0,0,0,0,0,0,0,0
2008-07-03 12:00:00+00:00,30,7,12,350.21575927734375,,0,0,0,0,0,0,0,0,0,0,0,0,0,0,0,0,0,0,0,0,0,0,0,0,0
2008-07-03 12:00:00+00:00,30,7,12,290.6238708496094,267.2286071777344,0,0,0,0,0,0,0,0,0,0,0,0,0,0,0,1,1,0,0,0,0,0,0,0,0
2008-07-03 12:00:00+00:00,30,7,12,,,0,0,0,0,0,0,0,0,0,0,0,0,0,0,0,0,0,0,0,0,0,0,0,0,0
2008-07-03 12:00:00+00:00,30,7,12,181.9722900390625,,0,0,0,0,0,0,0,0,0,0,0,0,0,1,1,1,1,0,0,0,0,0,0,0,0
2008-07-03 12:00:00+00:00,30,7,12,116.43717193603516,0.0,0,0,0,0,0,0,0,0,0,0,1,1,1,1,1,1,1,1,1,1,1,1,1,1,1
2008-07-03 12:00:00+00:00,30,7,12,,,0,0,0,0,0,0,0,0,0,0,0,0,0,0,0,0,0,0,0,0,0,0,0,0,0
2008-07-03 12:00:00+00:00,30,7,12,,165.8178253173828,0,0,0,0,0,0,0,0,0,0,0,0,0,0,0,0,0,0,0,0,0,0,0,0,0
2008-07-03 12:15:00+00:00,30,7,12,126.21805572509766,98.95377349853516,0,0,0,0,0,0,0,0,0,0,0,1,1,1,1,1,1,0,0,0,0,0,0,0,0
2008-07-03 12:15:00+00:00,30,7,12,292.9157409667969,274.7530822753906,0,0,0,0,0,0,0,0,0,0,0,0,0,0,0,1,1,0,0,0,0,0,0,0,0
2008-07-03 12:15:00+00:00,30,7,12,206.8365478515625,88.0319595336914,0,0,0,0,0,0,0,0,0,0,0,0,0,0,1,1,1,0,0,0,0,0,0,0,0
2008-07-03 12:15:00+00:00,30,7,12,,,0,0,0,0,0,0,0,0,0,0,0,0,0,0,0,0,0,0,0,0,0,0,0,0,0
2008-07-03 12:30:00+00:00,30,7,12,98.41500854492188,98.5313720703125,0,0,0,0,0,0,0,0,0,1,1,1,1,1,1,1,1,0,0,0,0,0,0,0,0
2008-07-03 12:30:00+00:00,30,7,12,235.97476196289062,176.03656005859375,0,0,0,0,0,0,0,0,0,0,0,0,0,0,1,1,1,0,0,0,0,0,0,0,0
2008-07-03 12:30:00+00:00,30,7,12,,,0,0,0,0,0,0,0,0,0,0,0,0,0,0,0,0,0,0,0,0,0,0,0,0,0
2008-07-03 12:30:00+00:00,30,7,12,333.8313293457031,313.0970458984375,0,0,0,0,0,0,0,0,0,0,0,0,0,0,0,0,1,0,0,0,0,0,0,0,0
2008-07-03 12:30:00+00:00,30,7,12,,82.25692749023438,0,0,0,0,0,0,0,0,0,0,0,0,0,0,0,0,0,0,0,0,0,0,0,0,0
2008-07-03 12:30:00+00:00,30,7,12,641.2296142578125,542.45458984375,0,0,0,0,0,0,0,0,0,0,0,0,0,0,0,0,0,0,0,0,0,0,0,0,0
2008-07-03 12:30:00+00:00,30,7,12,316.9416809082031,295.9201354980469,0,0,0,0,0,0,0,0,0,0,0,0,0,0,0,0,1,0,0,0,0,0,0,0,0
2008-07-03 12:30:00+00:00,30,7,12,276.06109619140625,248.3135986328125,0,0,0,0,0,0,0,0,0,0,0,0,0,0,0,1,1,0,0,0,0,0,0,0,0
2008-07-03 12:30:00+00:00,30,7,12,54.59390640258789,60.81835174560547,0,0,0,0,0,0,0,1,1,1,1,1,1,1,1,1,1,0,0,0,0,0,0,0,0
2008-07-03 12:30:00+00:00,30,7,12,89.33029174804688,91.59515380859375,0,0,0,0,0,0,0,0,0,1,1,1,1,1,1,1,1,0,0,0,0,0,0,0,0
2008-07-03 12:45:00+00:00,30,7,12,174.6704864501953,113.17156219482422,0,0,0,0,0,0,0,0,0,0,0,0,1,1,1,1,1,0,0,0,0,0,0,0,0
2008-07-03 12:45:00+00:00,30,7,12,,,0,0,0,0,0,0,0,0,0,0,0,0,0,0,0,0,0,0,0,0,0,0,0,0,0
2008-07-03 12:45:00+00:00,30,7,12,224.83265686035156,217.62374877929688,0,0,0,0,0,0,0,0,0,0,0,0,0,0,1,1,1,0,0,0,0,0,0,0,0
2008-07-03 12:45:00+00:00,30,7,12,102.6884536743164,88.93041229248047,0,0,0,0,0,0,0,0,0,0,1,1,1,1,1,1,1,0,0,0,0,0,0,0,0
2008-07-03 12:45:00+00:00,30,7,12,,,0,0,0,0,0,0,0,0,0,0,0,0,0,0,0,0,0,0,0,0,0,0,0,0,0
2008-07-03 12:45:00+00:00,30,7,12,397.4841613769531,57.1507453918457,0,0,0,0,0,0,0,0,0,0,0,0,0,0,0,0,0,0,0,0,0,0,0,0,1
2008-07-03 13:00:00+00:00,30,7,13,275.2839050292969,272.5048522949219,0,0,0,0,0,0,0,0,0,0,0,0,0,0,0,1,1,0,0,0,0,0,0,0,0
2008-07-03 13:00:00+00:00,30,7,13,,,0,0,0,0,0,0,0,0,0,0,0,0,0,0,0,0,0,0,0,0,0,0,0,0,0
2008-07-03 13:00:00+00:00,30,7,13,,,0,0,0,0,0,0,0,0,0,0,0,0,0,0,0,0,0,0,0,0,0,0,0,0,0
2008-07-03 13:00:00+00:00,30,7,13,,,0,0,0,0,0,0,0,0,0,0,0,0,0,0,0,0,0,0,0,0,0,0,0,0,0
2008-07-03 13:00:00+00:00,30,7,13,,525.8818359375,0,0,0,0,0,0,0,0,0,0,0,0,0,0,0,0,0,0,0,0,0,0,0,0,0
2008-07-03 13:00:00+00:00,30,7,13,,,0,0,0,0,0,0,0,0,0,0,0,0,0,0,0,0,0,0,0,0,0,0,0,0,0
2008-07-03 13:00:00+00:00,30,7,13,,,0,0,0,0,0,0,0,0,0,0,0,0,0,0,0,0,0,0,0,0,0,0,0,0,0
2008-07-03 13:00:00+00:00,30,7,13,,,0,0,0,0,0,0,0,0,0,0,0,0,0,0,0,0,0,0,0,0,0,0,0,0,0
2008-07-03 13:00:00+00:00,30,7,13,,384.9445495605469,0,0,0,0,0,0,0,0,0,0,0,0,0,0,0,0,0,0,0,0,0,0,0,0,0
2008-07-03 13:00:00+00:00,30,7,13,115.60171508789062,59.183406829833984,0,0,0,0,0,0,0,0,0,0,1,1,1,1,1,1,1,0,0,0,0,0,0,0,1
2008-07-03 13:00:00+00:00,30,7,13,112.12618255615234,126.2744140625,0,0,0,0,0,0,0,0,0,0,1,1,1,1,1,1,1,0,0,0,0,0,0,0,0
2008-07-03 13:00:00+00:00,30,7,13,232.99685668945312,242.7151641845703,0,0,0,0,0,0,0,0,0,0,0,0,0,0,1,1,1,0,0,0,0,0,0,0,0
2008-07-03 13:00:00+00:00,30,7,13,91.92124938964844,99.2359848022461,0,0,0,0,0,0,0,0,0,1,1,1,1,1,1,1,1,0,0,0,0,0,0,0,0
2008-07-03 13:00:00+00:00,30,7,13,94.79664611816406,60.03752899169922,0,0,0,0,0,0,0,0,0,1,1,1,1,1,1,1,1,0,0,0,0,0,0,0,0
2008-07-03 13:00:00+00:00,30,7,13,124.96331787109375,16.912639617919922,0,0,0,0,0,0,0,0,0,0,0,1,1,1,1,1,1,0,0,1,1,1,1,1,1
2008-07-03 13:15:00+00:00,30,7,13,42.9283447265625,51.33702850341797,0,0,0,0,0,0,1,1,1,1,1,1,1,1,1,1,1,0,0,0,0,0,0,0,1
2008-07-03 13:15:00+00:00,30,7,13,,,0,0,0,0,0,0,0,0,0,0,0,0,0,0,0,0,0,0,0,0,0,0,0,0,0
2008-07-03 13:15:00+00:00,30,7,13,252.9501190185547,247.89315795898438,0,0,0,0,0,0,0,0,0,0,0,0,0,0,0,1,1,0,0,0,0,0,0,0,0
2008-07-03 13:15:00+00:00,30,7,13,,,0,0,0,0,0,0,0,0,0,0,0,0,0,0,0,0,0,0,0,0,0,0,0,0,0
2008-07-03 13:15:00+00:00,30,7,13,157.75379943847656,79.97775268554688,0,0,0,0,0,0,0,0,0,0,0,0,1,1,1,1,1,0,0,0,0,0,0,0,0
2008-07-03 13:15:00+00:00,30,7,13,130.66201782226562,124.3033676147461,0,0,0,0,0,0,0,0,0,0,0,1,1,1,1,1,1,0,0,0,0,0,0,0,0
2008-07-03 13:15:00+00:00,30,7,13,230.40701293945312,210.64572143554688,0,0,0,0,0,0,0,0,0,0,0,0,0,0,1,1,1,0,0,0,0,0,0,0,0
2008-07-03 13:15:00+00:00,30,7,13,116.02251434326172,90.8385238647461,0,0,0,0,0,0,0,0,0,0,1,1,1,1,1,1,1,0,0,0,0,0,0,0,0
2008-07-03 13:30:00+00:00,30,7,13,,,0,0,0,0,0,0,0,0,0,0,0,0,0,0,0,0,0,0,0,0,0,0,0,0,0
2008-07-03 13:30:00+00:00,30,7,13,,,0,0,0,0,0,0,0,0,0,0,0,0,0,0,0,0,0,0,0,0,0,0,0,0,0
2008-07-03 13:30:00+00:00,30,7,13,,,0,0,0,0,0,0,0,0,0,0,0,0,0,0,0,0,0,0,0,0,0,0,0,0,0
2008-07-03 13:30:00+00:00,30,7,13,,,0,0,0,0,0,0,0,0,0,0,0,0,0,0,0,0,0,0,0,0,0,0,0,0,0
2008-07-03 13:30:00+00:00,30,7,13,341.1921691894531,340.3052673339844,0,0,0,0,0,0,0,0,0,0,0,0,0,0,0,0,1,0,0,0,0,0,0,0,0
2008-07-03 13:30:00+00:00,30,7,13,350.2588195800781,351.0524597167969,0,0,0,0,0,0,0,0,0,0,0,0,0,0,0,0,0,0,0,0,0,0,0,0,0
2008-07-03 13:30:00+00:00,30,7,13,,,0,0,0,0,0,0,0,0,0,0,0,0,0,0,0,0,0,0,0,0,0,0,0,0,0
2008-07-03 13:30:00+00:00,30,7,13,289.35205078125,188.2013397216797,0,0,0,0,0,0,0,0,0,0,0,0,0,0,0,1,1,0,0,0,0,0,0,0,0
2008-07-03 13:30:00+00:00,30,7,13,235.6453857421875,244.89505004882812,0,0,0,0,0,0,0,0,0,0,0,0,0,0,1,1,1,0,0,0,0,0,0,0,0
2008-07-03 13:30:00+00:00,30,7,13,,,0,0,0,0,0,0,0,0,0,0,0,0,0,0,0,0,0,0,0,0,0,0,0,0,0
2008-07-03 13:30:00+00:00,30,7,13,83.78434753417969,53.34109878540039,0,0,0,0,0,0,0,0,0,1,1,1,1,1,1,1,1,0,0,0,0,0,0,0,1
2008-07-03 13:30:00+00:00,30,7,13,91.80569458007812,3.0720887184143066,0,0,0,0,0,0,0,0,0,1,1,1,1,1,1,1,1,1,1,1,1,1,1,1,1
2008-07-03 13:30:00+00:00,30,7,13,340.2385559082031,287.70574951171875,0,0,0,0,0,0,0,0,0,0,0,0,0,0,0,0,1,0,0,0,0,0,0,0,0
2008-07-03 13:30:00+00:00,30,7,13,80.55571746826172,9.72372055053711,0,0,0,0,0,0,0,0,0,1,1,1,1,1,1,1,1,1,1,1,1,1,1,1,1
2008-07-03 13:45:00+00:00,30,7,13,279.614990234375,181.01976013183594,0,0,0,0,0,0,0,0,0,0,0,0,0,0,0,1,1,0,0,0,0,0,0,0,0
2008-07-03 13:45:00+00:00,30,7,13,99.27552795410156,107.02372741699219,0,0,0,0,0,0,0,0,0,1,1,1,1,1,1,1,1,0,0,0,0,0,0,0,0
2008-07-03 13:45:00+00:00,30,7,13,364.1400146484375,362.2093505859375,0,0,0,0,0,0,0,0,0,0,0,0,0,0,0,0,0,0,0,0,0,0,0,0,0
2008-07-03 13:45:00+00:00,30,7,13,471.2073059082031,477.3256530761719,0,0,0,0,0,0,0,0,0,0,0,0,0,0,0,0,0,0,0,0,0,0,0,0,0
2008-07-03 13:45:00+00:00,30,7,13,340.3893127441406,341.03564453125,0,0,0,0,0,0,0,0,0,0,0,0,0,0,0,0,1,0,0,0,0,0,0,0,0
2008-07-03 13:45:00+00:00,30,7,13,,,0,0,0,0,0,0,0,0,0,0,0,0,0,0,0,0,0,0,0,0,0,0,0,0,0
2008-07-03 13:45:00+00:00,30,7,13,264.0693054199219,257.48077392578125,0,0,0,0,0,0,0,0,0,0,0,0,0,0,0,1,1,0,0,0,0,0,0,0,0
2008-07-03 13:45:00+00:00,30,7,13,322.6969299316406,330.586669921875,0,0,0,0,0,0,0,0,0,0,0,0,0,0,0,0,1,0,0,0,0,0,0,0,0
2008-07-03 13:45:00+00:00,30,7,13,297.0679626464844,303.4183044433594,0,0,0,0,0,0,0,0,0,0,0,0,0,0,0,1,1,0,0,0,0,0,0,0,0
2008-07-03 13:45:00+00:00,30,7,13,43.418800354003906,40.2702751159668,0,0,0,0,0,0,1,1,1,1,1,1,1,1,1,1,1,0,0,0,0,0,0,1,1
2008-07-03 13:45:00+00:00,30,7,13,,,0,0,0,0,0,0,0,0,0,0,0,0,0,0,0,0,0,0,0,0,0,0,0,0,0
2008-07-03 13:45:00+00:00,30,7,13,265.6172790527344,271.78759765625,0,0,0,0,0,0,0,0,0,0,0,0,0,0,0,1,1,0,0,0,0,0,0,0,0
2008-07-03 13:45:00+00:00,30,7,13,,,0,0,0,0,0,0,0,0,0,0,0,0,0,0,0,0,0,0,0,0,0,0,0,0,0
2008-07-03 13:45:00+00:00,30,7,13,,,0,0,0,0,0,0,0,0,0,0,0,0,0,0,0,0,0,0,0,0,0,0,0,0,0
2008-07-03 13:45:00+00:00,30,7,13,,25.237621307373047,0,0,0,0,0,0,0,0,0,0,0,0,0,0,0,0,0,0,0,0,0,1,1,1,1
2008-07-03 13:45:00+00:00,30,7,13,,12.54012393951416,0,0,0,0,0,0,0,0,0,0,0,0,0,0,0,0,0,0,1,1,1,1,1,1,1
2008-07-03 13:45:00+00:00,30,7,13,329.1910095214844,313.447998046875,0,0,0,0,0,0,0,0,0,0,0,0,0,0,0,0,1,0,0,0,0,0,0,0,0
2008-07-03 13:45:00+00:00,30,7,13,282.87432861328125,254.55899047851562,0,0,0,0,0,0,0,0,0,0,0,0,0,0,0,1,1,0,0,0,0,0,0,0,0
2008-07-03 13:45:00+00:00,30,7,13,97.43470764160156,84.96278381347656,0,0,0,0,0,0,0,0,0,1,1,1,1,1,1,1,1,0,0,0,0,0,0,0,0
2008-07-03 13:45:00+00:00,30,7,13,58.27977752685547,36.685302734375,0,0,0,0,0,0,0,1,1,1,1,1,1,1,1,1,1,0,0,0,0,0,1,1,1
2008-07-03 13:45:00+00:00,30,7,13,278.69903564453125,274.45745849609375,0,0,0,0,0,0,0,0,0,0,0,0,0,0,0,1,1,0,0,0,0,0,0,0,0
2008-07-03 13:45:00+00:00,30,7,13,141.7271270751953,134.2505645751953,0,0,0,0,0,0,0,0,0,0,0,1,1,1,1,1,1,0,0,0,0,0,0,0,0
2008-07-03 14:00:00+00:00,30,7,14,,,0,0,0,0,0,0,0,0,0,0,0,0,0,0,0,0,0,0,0,0,0,0,0,0,0
2008-07-03 14:00:00+00:00,30,7,14,,292.41259765625,0,0,0,0,0,0,0,0,0,0,0,0,0,0,0,0,0,0,0,0,0,0,0,0,0
2008-07-03 14:00:00+00:00,30,7,14,,,0,0,0,0,0,0,0,0,0,0,0,0,0,0,0,0,0,0,0,0,0,0,0,0,0
2008-07-03 14:00:00+00:00,30,7,14,,134.5067596435547,0,0,0,0,0,0,0,0,0,0,0,0,0,0,0,0,0,0,0,0,0,0,0,0,0
2008-07-03 14:00:00+00:00,30,7,14,,,0,0,0,0,0,0,0,0,0,0,0,0,0,0,0,0,0,0,0,0,0,0,0,0,0
2008-07-03 14:00:00+00:00,30,7,14,,113.50352478027344,0,0,0,0,0,0,0,0,0,0,0,0,0,0,0,0,0,0,0,0,0,0,0,0,0
2008-07-03 14:00:00+00:00,30,7,14,406.73291015625,486.2615051269531,0,0,0,0,0,0,0,0,0,0,0,0,0,0,0,0,0,0,0,0,0,0,0,0,0
2008-07-03 14:00:00+00:00,30,7,14,260.1273193359375,142.99502563476562,0,0,0,0,0,0,0,0,0,0,0,0,0,0,0,1,1,0,0,0,0,0,0,0,0
2008-07-03 14:00:00+00:00,30,7,14,268.3671569824219,185.2869873046875,0,0,0,0,0,0,0,0,0,0,0,0,0,0,0,1,1,0,0,0,0,0,0,0,0
2008-07-03 14:00:00+00:00,30,7,14,,124.46430206298828,0,0,0,0,0,0,0,0,0,0,0,0,0,0,0,0,0,0,0,0,0,0,0,0,0
2008-07-03 14:00:00+00:00,30,7,14,243.9738006591797,195.88673400878906,0,0,0,0,0,0,0,0,0,0,0,0,0,0,1,1,1,0,0,0,0,0,0,0,0
2008-07-03 14:00:00+00:00,30,7,14,40.71229553222656,0.0,0,0,0,0,0,0,1,1,1,1,1,1,1,1,1,1,1,1,1,1,1,1,1,1,1
2008-07-03 14:15:00+00:00,30,7,14,394.1867980957031,219.13926696777344,0,0,0,0,0,0,0,0,0,0,0,0,0,0,0,0,0,0,0,0,0,0,0,0,0
2008-07-03 14:15:00+00:00,30,7,14,68.0193099975586,31.767229080200195,0,0,0,0,0,0,0,0,1,1,1,1,1,1,1,1,1,0,0,0,0,0,1,1,1
2008-07-03 14:15:00+00:00,30,7,14,251.68348693847656,87.55567932128906,0,0,0,0,0,0,0,0,0,0,0,0,0,0,0,1,1,0,0,0,0,0,0,0,0
2008-07-03 14:15:00+00:00,30,7,14,254.9423370361328,88.55052185058594,0,0,0,0,0,0,0,0,0,0,0,0,0,0,0,1,1,0,0,0,0,0,0,0,0
2008-07-03 14:15:00+00:00,30,7,14,207.3189239501953,138.95787048339844,0,0,0,0,0,0,0,0,0,0,0,0,0,0,1,1,1,0,0,0,0,0,0,0,0
2008-07-03 14:15:00+00:00,30,7,14,140.3590087890625,0.0,0,0,0,0,0,0,0,0,0,0,0,1,1,1,1,1,1,1,1,1,1,1,1,1,1
2008-07-03 14:15:00+00:00,30,7,14,37.91891098022461,38.57487487792969,0,0,0,0,0,1,1,1,1,1,1,1,1,1,1,1,1,0,0,0,0,0,1,1,1
2008-07-03 14:15:00+00:00,30,7,14,210.88314819335938,153.40977478027344,0,0,0,0,0,0,0,0,0,0,0,0,0,0,1,1,1,0,0,0,0,0,0,0,0
2008-07-03 14:15:00+00:00,30,7,14,384.5365905761719,115.02791595458984,0,0,0,0,0,0,0,0,0,0,0,0,0,0,0,0,0,0,0,0,0,0,0,0,0
2008-07-03 14:15:00+00:00,30,7,14,27.989093780517578,0.0,0,0,0,0,1,1,1,1,1,1,1,1,1,1,1,1,1,1,1,1,1,1,1,1,1
2008-07-03 14:15:00+00:00,30,7,14,,,0,0,0,0,0,0,0,0,0,0,0,0,0,0,0,0,0,0,0,0,0,0,0,0,0
2008-07-03 14:30:00+00:00,30,7,14,,412.85272216796875,0,0,0,0,0,0,0,0,0,0,0,0,0,0,0,0,0,0,0,0,0,0,0,0,0
2008-07-03 14:30:00+00:00,30,7,14,313.93597412109375,358.3131408691406,0,0,0,0,0,0,0,0,0,0,0,0,0,0,0,0,1,0,0,0,0,0,0,0,0
2008-07-03 14:30:00+00:00,30,7,14,,48.185726165771484,0,0,0,0,0,0,0,0,0,0,0,0,0,0,0,0,0,0,0,0,0,0,0,1,1
2008-07-03 14:30:00+00:00,30,7,14,183.42420959472656,196.46751403808594,0,0,0,0,0,0,0,0,0,0,0,0,0,1,1,1,1,0,0,0,0,0,0,0,0
2008-07-03 14:30:00+00:00,30,7,14,,,0,0,0,0,0,0,0,0,0,0,0,0,0,0,0,0,0,0,0,0,0,0,0,0,0
2008-07-03 14:30:00+00:00,30,7,14,332.5355224609375,33.208744049072266,0,0,0,0,0,0,0,0,0,0,0,0,0,0,0,0,1,0,0,0,0,0,1,1,1
2008-07-03 14:30:00+00:00,30,7,14,490.1515197753906,165.1170654296875,0,0,0,0,0,0,0,0,0,0,0,0,0,0,0,0,0,0,0,0,0,0,0,0,0
2008-07-03 14:30:00+00:00,30,7,14,382.9794616699219,371.58135986328125,0,0,0,0,0,0,0,0,0,0,0,0,0,0,0,0,0,0,0,0,0,0,0,0,0
2008-07-03 14:30:00+00:00,30,7,14,126.6037826538086,102.80558776855469,0,0,0,0,0,0,0,0,0,0,0,1,1,1,1,1,1,0,0,0,0,0,0,0,0
2008-07-03 14:30:00+00:00,30,7,14,196.36749267578125,175.97698974609375,0,0,0,0,0,0,0,0,0,0,0,0,0,1,1,1,1,0,0,0,0,0,0,0,0
2008-07-03 14:30:00+00:00,30,7,14,324.3164367675781,194.8858642578125,0,0,0,0,0,0,0,0,0,0,0,0,0,0,0,0,1,0,0,0,0,0,0,0,0
2008-07-03 14:45:00+00:00,30,7,14,,191.2009735107422,0,0,0,0,0,0,0,0,0,0,0,0,0,0,0,0,0,0,0,0,0,0,0,0,0
2008-07-03 14:45:00+00:00,30,7,14,374.8495788574219,71.39041137695312,0,0,0,0,0,0,0,0,0,0,0,0,0,0,0,0,0,0,0,0,0,0,0,0,0
2008-07-03 14:45:00+00:00,30,7,14,325.3912658691406,299.8620300292969,0,0,0,0,0,0,0,0,0,0,0,0,0,0,0,0,1,0,0,0,0,0,0,0,0
2008-07-03 14:45:00+00:00,30,7,14,66.75382232666016,77.15681457519531,0,0,0,0,0,0,0,0,1,1,1,1,1,1,1,1,1,0,0,0,0,0,0,0,0
2008-07-03 14:45:00+00:00,30,7,14,250.72763061523438,244.5791473388672,0,0,0,0,0,0,0,0,0,0,0,0,0,0,0,1,1,0,0,0,0,0,0,0,0
2008-07-03 14:45:00+00:00,30,7,14,126.30744934082031,74.3182144165039,0,0,0,0,0,0,0,0,0,0,0,1,1,1,1,1,1,0,0,0,0,0,0,0,0
2008-07-03 14:45:00+00:00,30,7,14,169.09701538085938,235.07957458496094,0,0,0,0,0,0,0,0,0,0,0,0,1,1,1,1,1,0,0,0,0,0,0,0,0
2008-07-03 14:45:00+00:00,30,7,14,285.3383483886719,173.351318359375,0,0,0,0,0,0,0,0,0,0,0,0,0,0,0,1,1,0,0,0,0,0,0,0,0
2008-07-03 14:45:00+00:00,30,7,14,110.3292007446289,46.50542449951172,0,0,0,0,0,0,0,0,0,0,1,1,1,1,1,1,1,0,0,0,0,0,0,1,1
2008-07-03 14:45:00+00:00,30,7,14,,544.6995849609375,0,0,0,0,0,0,0,0,0,0,0,0,0,0,0,0,0,0,0,0,0,0,0,0,0
2008-07-03 14:45:00+00:00,30,7,14,153.87062072753906,132.70310974121094,0,0,0,0,0,0,0,0,0,0,0,0,1,1,1,1,1,0,0,0,0,0,0,0,0
2008-07-03 14:45:00+00:00,30,7,14,151.07437133789062,134.76162719726562,0,0,0,0,0,0,0,0,0,0,0,0,1,1,1,1,1,0,0,0,0,0,0,0,0
2008-07-03 14:45:00+00:00,30,7,14,215.83958435058594,173.7543182373047,0,0,0,0,0,0,0,0,0,0,0,0,0,0,1,1,1,0,0,0,0,0,0,0,0
2008-07-03 14:45:00+00:00,30,7,14,81.92137908935547,9.759696006774902,0,0,0,0,0,0,0,0,0,1,1,1,1,1,1,1,1,1,1,1,1,1,1,1,1
2008-07-03 14:45:00+00:00,30,7,14,99.63121032714844,4.79572057723999,0,0,0,0,0,0,0,0,0,1,1,1,1,1,1,1,1,1,1,1,1,1,1,1,1
2008-07-03 14:45:00+00:00,30,7,14,47.582740783691406,116.38483428955078,0,0,0,0,0,0,1,1,1,1,1,1,1,1,1,1,1,0,0,0,0,0,0,0,0
2008-07-03 14:45:00+00:00,30,7,14,118.74385070800781,120.91624450683594,0,0,0,0,0,0,0,0,0,0,1,1,1,1,1,1,1,0,0,0,0,0,0,0,0
2008-07-03 14:45:00+00:00,30,7,14,,,0,0,0,0,0,0,0,0,0,0,0,0,0,0,0,0,0,0,0,0,0,0,0,0,0
2008-07-03 15:00:00+00:00,30,7,15,111.32018280029297,126.58507537841797,0,0,0,0,0,0,0,0,0,0,1,1,1,1,1,1,1,0,0,0,0,0,0,0,0
2008-07-03 15:00:00+00:00,30,7,15,253.7422332763672,225.76962280273438,0,0,0,0,0,0,0,0,0,0,0,0,0,0,0,1,1,0,0,0,0,0,0,0,0
2008-07-03 15:00:00+00:00,30,7,15,200.88525390625,195.7065887451172,0,0,0,0,0,0,0,0,0,0,0,0,0,0,1,1,1,0,0,0,0,0,0,0,0
2008-07-03 15:00:00+00:00,30,7,15,101.44327545166016,94.84822845458984,0,0,0,0,0,0,0,0,0,0,1,1,1,1,1,1,1,0,0,0,0,0,0,0,0
2008-07-03 15:00:00+00:00,30,7,15,46.57138442993164,0.0,0,0,0,0,0,0,1,1,1,1,1,1,1,1,1,1,1,1,1,1,1,1,1,1,1
2008-07-03 15:00:00+00:00,30,7,15,353.4561767578125,360.5918884277344,0,0,0,0,0,0,0,0,0,0,0,0,0,0,0,0,0,0,0,0,0,0,0,0,0
2008-07-03 15:00:00+00:00,30,7,15,429.0835876464844,159.75741577148438,0,0,0,0,0,0,0,0,0,0,0,0,0,0,0,0,0,0,0,0,0,0,0,0,0
2008-07-03 15:00:00+00:00,30,7,15,59.95988845825195,12.506128311157227,0,0,0,0,0,0,0,1,1,1,1,1,1,1,1,1,1,0,1,1,1,1,1,1,1
2008-07-03 15:00:00+00:00,30,7,15,105.05319213867188,55.96512222290039,0,0,0,0,0,0,0,0,0,0,1,1,1,1,1,1,1,0,0,0,0,0,0,0,1
2008-07-03 15:00:00+00:00,30,7,15,267.5295715332031,51.11836242675781,0,0,0,0,0,0,0,0,0,0,0,0,0,0,0,1,1,0,0,0,0,0,0,0,1
2008-07-03 15:00:00+00:00,30,7,15,87.46782684326172,71.80077362060547,0,0,0,0,0,0,0,0,0,1,1,1,1,1,1,1,1,0,0,0,0,0,0,0,0
2008-07-03 15:00:00+00:00,30,7,15,153.29122924804688,135.4785919189453,0,0,0,0,0,0,0,0,0,0,0,0,1,1,1,1,1,0,0,0,0,0,0,0,0
2008-07-03 15:00:00+00:00,30,7,15,160.38092041015625,167.03945922851562,0,0,0,0,0,0,0,0,0,0,0,0,1,1,1,1,1,0,0,0,0,0,0,0,0
2008-07-03 15:00:00+00:00,30,7,15,152.50784301757812,158.91815185546875,0,0,0,0,0,0,0,0,0,0,0,0,1,1,1,1,1,0,0,0,0,0,0,0,0
2008-07-03 15:00:00+00:00,30,7,15,52.96340560913086,7.2718353271484375,0,0,0,0,0,0,0,1,1,1,1,1,1,1,1,1,1,1,1,1,1,1,1,1,1
2008-07-03 15:00:00+00:00,30,7,15,,,0,0,0,0,0,0,0,0,0,0,0,0,0,0,0,0,0,0,0,0,0,0,0,0,0
2008-07-03 15:15:00+00:00,30,7,15,288.01275634765625,245.4031219482422,0,0,0,0,0,0,0,0,0,0,0,0,0,0,0,1,1,0,0,0,0,0,0,0,0
2008-07-03 15:15:00+00:00,30,7,15,83.98885345458984,70.57740783691406,0,0,0,0,0,0,0,0,0,1,1,1,1,1,1,1,1,0,0,0,0,0,0,0,0
2008-07-03 15:15:00+00:00,30,7,15,120.14200592041016,70.09122467041016,0,0,0,0,0,0,0,0,0,0,0,1,1,1,1,1,1,0,0,0,0,0,0,0,0
2008-07-03 15:15:00+00:00,30,7,15,100.05618286132812,0.0,0,0,0,0,0,0,0,0,0,0,1,1,1,1,1,1,1,1,1,1,1,1,1,1,1
2008-07-03 15:15:00+00:00,30,7,15,150.1675262451172,112.18709564208984,0,0,0,0,0,0,0,0,0,0,0,0,1,1,1,1,1,0,0,0,0,0,0,0,0
2008-07-03 15:15:00+00:00,30,7,15,216.04530334472656,164.6898651123047,0,0,0,0,0,0,0,0,0,0,0,0,0,0,1,1,1,0,0,0,0,0,0,0,0
2008-07-03 15:15:00+00:00,30,7,15,220.30120849609375,210.86041259765625,0,0,0,0,0,0,0,0,0,0,0,0,0,0,1,1,1,0,0,0,0,0,0,0,0
2008-07-03 15:15:00+00:00,30,7,15,556.0050659179688,466.1646423339844,0,0,0,0,0,0,0,0,0,0,0,0,0,0,0,0,0,0,0,0,0,0,0,0,0
2008-07-03 15:15:00+00:00,30,7,15,,,0,0,0,0,0,0,0,0,0,0,0,0,0,0,0,0,0,0,0,0,0,0,0,0,0
2008-07-03 15:15:00+00:00,30,7,15,,,0,0,0,0,0,0,0,0,0,0,0,0,0,0,0,0,0,0,0,0,0,0,0,0,0
2008-07-03 15:15:00+00:00,30,7,15,,,0,0,0,0,0,0,0,0,0,0,0,0,0,0,0,0,0,0,0,0,0,0,0,0,0
2008-07-03 15:30:00+00:00,30,7,15,197.6669158935547,206.8837127685547,0,0,0,0,0,0,0,0,0,0,0,0,0,1,1,1,1,0,0,0,0,0,0,0,0
2008-07-03 15:30:00+00:00,30,7,15,361.6070861816406,340.6301574707031,0,0,0,0,0,0,0,0,0,0,0,0,0,0,0,0,0,0,0,0,0,0,0,0,0
2008-07-03 15:30:00+00:00,30,7,15,303.54412841796875,290.60302734375,0,0,0,0,0,0,0,0,0,0,0,0,0,0,0,0,1,0,0,0,0,0,0,0,0
2008-07-03 15:30:00+00:00,30,7,15,200.39462280273438,104.00560760498047,0,0,0,0,0,0,0,0,0,0,0,0,0,0,1,1,1,0,0,0,0,0,0,0,0
2008-07-03 15:30:00+00:00,30,7,15,155.71670532226562,165.1879425048828,0,0,0,0,0,0,0,0,0,0,0,0,1,1,1,1,1,0,0,0,0,0,0,0,0
2008-07-03 15:30:00+00:00,30,7,15,90.90585327148438,56.1910285949707,0,0,0,0,0,0,0,0,0,1,1,1,1,1,1,1,1,0,0,0,0,0,0,0,1
2008-07-03 15:30:00+00:00,30,7,15,112.85383605957031,112.50141143798828,0,0,0,0,0,0,0,0,0,0,1,1,1,1,1,1,1,0,0,0,0,0,0,0,0
2008-07-03 15:45:00+00:00,30,7,15,463.1170654296875,,0,0,0,0,0,0,0,0,0,0,0,0,0,0,0,0,0,0,0,0,0,0,0,0,0
2008-07-03 15:45:00+00:00,30,7,15,413.7733459472656,,0,0,0,0,0,0,0,0,0,0,0,0,0,0,0,0,0,0,0,0,0,0,0,0,0
2008-07-03 15:45:00+00:00,30,7,15,104.92572784423828,100.00383758544922,0,0,0,0,0,0,0,0,0,0,1,1,1,1,1,1,1,0,0,0,0,0,0,0,0
2008-07-03 15:45:00+00:00,30,7,15,468.0233154296875,358.28277587890625,0,0,0,0,0,0,0,0,0,0,0,0,0,0,0,0,0,0,0,0,0,0,0,0,0
2008-07-03 15:45:00+00:00,30,7,15,121.00434112548828,320.7647399902344,0,0,0,0,0,0,0,0,0,0,0,1,1,1,1,1,1,0,0,0,0,0,0,0,0
2008-07-03 15:45:00+00:00,30,7,15,361.8824157714844,331.3163146972656,0,0,0,0,0,0,0,0,0,0,0,0,0,0,0,0,0,0,0,0,0,0,0,0,0
2008-07-03 15:45:00+00:00,30,7,15,178.3413848876953,246.6774139404297,0,0,0,0,0,0,0,0,0,0,0,0,1,1,1,1,1,0,0,0,0,0,0,0,0
2008-07-03 15:45:00+00:00,30,7,15,276.5461120605469,284.714599609375,0,0,0,0,0,0,0,0,0,0,0,0,0,0,0,1,1,0,0,0,0,0,0,0,0
2008-07-03 15:45:00+00:00,30,7,15,71.48735046386719,105.01301574707031,0,0,0,0,0,0,0,0,1,1,1,1,1,1,1,1,1,0,0,0,0,0,0,0,0
2008-07-03 15:45:00+00:00,30,7,15,271.9093017578125,246.06906127929688,0,0,0,0,0,0,0,0,0,0,0,0,0,0,0,1,1,0,0,0,0,0,0,0,0
2008-07-03 15:45:00+00:00,30,7,15,,,0,0,0,0,0,0,0,0,0,0,0,0,0,0,0,0,0,0,0,0,0,0,0,0,0
2008-07-03 15:45:00+00:00,30,7,15,,,0,0,0,0,0,0,0,0,0,0,0,0,0,0,0,0,0,0,0,0,0,0,0,0,0
2008-07-03 16:00:00+00:00,30,7,16,378.6772155761719,413.7020263671875,0,0,0,0,0,0,0,0,0,0,0,0,0,0,0,0,0,0,0,0,0,0,0,0,0
2008-07-03 16:00:00+00:00,30,7,16,364.5180358886719,,0,0,0,0,0,0,0,0,0,0,0,0,0,0,0,0,0,0,0,0,0,0,0,0,0
2008-07-03 16:00:00+00:00,30,7,16,257.90826416015625,251.67138671875,0,0,0,0,0,0,0,0,0,0,0,0,0,0,0,1,1,0,0,0,0,0,0,0,0
2008-07-03 16:00:00+00:00,30,7,16,137.8848419189453,129.61175537109375,0,0,0,0,0,0,0,0,0,0,0,1,1,1,1,1,1,0,0,0,0,0,0,0,0
2008-07-03 16:00:00+00:00,30,7,16,255.79153442382812,236.51963806152344,0,0,0,0,0,0,0,0,0,0,0,0,0,0,0,1,1,0,0,0,0,0,0,0,0
2008-07-03 16:00:00+00:00,30,7,16,115.61323547363281,195.76129150390625,0,0,0,0,0,0,0,0,0,0,1,1,1,1,1,1,1,0,0,0,0,0,0,0,0
2008-07-03 16:00:00+00:00,30,7,16,313.65985107421875,326.8279724121094,0,0,0,0,0,0,0,0,0,0,0,0,0,0,0,0,1,0,0,0,0,0,0,0,0
2008-07-03 16:00:00+00:00,30,7,16,47.587886810302734,45.81133270263672,0,0,0,0,0,0,1,1,1,1,1,1,1,1,1,1,1,0,0,0,0,0,0,1,1
2008-07-03 16:00:00+00:00,30,7,16,118.9393081665039,142.16778564453125,0,0,0,0,0,0,0,0,0,0,1,1,1,1,1,1,1,0,0,0,0,0,0,0,0
2008-07-03 16:15:00+00:00,30,7,16,361.91253662109375,115.88787078857422,0,0,0,0,0,0,0,0,0,0,0,0,0,0,0,0,0,0,0,0,0,0,0,0,0
2008-07-03 16:15:00+00:00,30,7,16,115.43914794921875,167.02603149414062,0,0,0,0,0,0,0,0,0,0,1,1,1,1,1,1,1,0,0,0,0,0,0,0,0
2008-07-03 16:15:00+00:00,30,7,16,84.57147979736328,114.31189727783203,0,0,0,0,0,0,0,0,0,1,1,1,1,1,1,1,1,0,0,0,0,0,0,0,0
2008-07-03 16:15:00+00:00,30,7,16,207.1883544921875,186.4912567138672,0,0,0,0,0,0,0,0,0,0,0,0,0,0,1,1,1,0,0,0,0,0,0,0,0
2008-07-03 16:15:00+00:00,30,7,16,66.54075622558594,85.30776977539062,0,0,0,0,0,0,0,0,1,1,1,1,1,1,1,1,1,0,0,0,0,0,0,0,0
2008-07-03 16:15:00+00:00,30,7,16,48.73651885986328,35.26742935180664,0,0,0,0,0,0,1,1,1,1,1,1,1,1,1,1,1,0,0,0,0,0,1,1,1
2008-07-03 16:15:00+00:00,30,7,16,311.25823974609375,120.98767852783203,0,0,0,0,0,0,0,0,0,0,0,0,0,0,0,0,1,0,0,0,0,0,0,0,0
2008-07-03 16:15:00+00:00,30,7,16,87.85417175292969,132.031982421875,0,0,0,0,0,0,0,0,0,1,1,1,1,1,1,1,1,0,0,0,0,0,0,0,0
2008-07-03 16:15:00+00:00,30,7,16,127.3382797241211,102.59269714355469,0,0,0,0,0,0,0,0,0,0,0,1,1,1,1,1,1,0,0,0,0,0,0,0,0
2008-07-03 16:15:00+00:00,30,7,16,102.73194122314453,99.62675476074219,0,0,0,0,0,0,0,0,0,0,1,1,1,1,1,1,1,0,0,0,0,0,0,0,0
2008-07-03 16:15:00+00:00,30,7,16,126.73550415039062,123.70320892333984,0,0,0,0,0,0,0,0,0,0,0,1,1,1,1,1,1,0,0,0,0,0,0,0,0
2008-07-03 16:15:00+00:00,30,7,16,155.91673278808594,158.54530334472656,0,0,0,0,0,0,0,0,0,0,0,0,1,1,1,1,1,0,0,0,0,0,0,0,0
2008-07-03 16:15:00+00:00,30,7,16,,,0,0,0,0,0,0,0,0,0,0,0,0,0,0,0,0,0,0,0,0,0,0,0,0,0
2008-07-03 16:15:00+00:00,30,7,16,,,0,0,0,0,0,0,0,0,0,0,0,0,0,0,0,0,0,0,0,0,0,0,0,0,0
2008-07-03 16:15:00+00:00,30,7,16,,,0,0,0,0,0,0,0,0,0,0,0,0,0,0,0,0,0,0,0,0,0,0,0,0,0
2008-07-03 16:30:00+00:00,30,7,16,,,0,0,0,0,0,0,0,0,0,0,0,0,0,0,0,0,0,0,0,0,0,0,0,0,0
2008-07-03 16:30:00+00:00,30,7,16,305.0758972167969,89.45670318603516,0,0,0,0,0,0,0,0,0,0,0,0,0,0,0,0,1,0,0,0,0,0,0,0,0
2008-07-03 16:30:00+00:00,30,7,16,156.301025390625,135.59744262695312,0,0,0,0,0,0,0,0,0,0,0,0,1,1,1,1,1,0,0,0,0,0,0,0,0
2008-07-03 16:30:00+00:00,30,7,16,78.45794677734375,81.97452545166016,0,0,0,0,0,0,0,0,1,1,1,1,1,1,1,1,1,0,0,0,0,0,0,0,0
2008-07-03 16:30:00+00:00,30,7,16,,,0,0,0,0,0,0,0,0,0,0,0,0,0,0,0,0,0,0,0,0,0,0,0,0,0
2008-07-03 16:30:00+00:00,30,7,16,45.26808166503906,25.343666076660156,0,0,0,0,0,0,1,1,1,1,1,1,1,1,1,1,1,0,0,0,0,1,1,1,1
2008-07-03 16:30:00+00:00,30,7,16,229.26290893554688,233.32994079589844,0,0,0,0,0,0,0,0,0,0,0,0,0,0,1,1,1,0,0,0,0,0,0,0,0
2008-07-03 16:30:00+00:00,30,7,16,124.3600082397461,100.27033996582031,0,0,0,0,0,0,0,0,0,0,0,1,1,1,1,1,1,0,0,0,0,0,0,0,0
2008-07-03 16:30:00+00:00,30,7,16,,,0,0,0,0,0,0,0,0,0,0,0,0,0,0,0,0,0,0,0,0,0,0,0,0,0
2008-07-03 16:30:00+00:00,30,7,16,66.67639923095703,42.289608001708984,0,0,0,0,0,0,0,0,1,1,1,1,1,1,1,1,1,0,0,0,0,0,0,1,1
2008-07-03 16:30:00+00:00,30,7,16,208.5065155029297,45.53654479980469,0,0,0,0,0,0,0,0,0,0,0,0,0,0,1,1,1,0,0,0,0,0,0,1,1
2008-07-03 16:45:00+00:00,30,7,16,226.2486572265625,210.78436279296875,0,0,0,0,0,0,0,0,0,0,0,0,0,0,1,1,1,0,0,0,0,0,0,0,0
2008-07-03 16:45:00+00:00,30,7,16,98.23658752441406,84.65548706054688,0,0,0,0,0,0,0,0,0,1,1,1,1,1,1,1,1,0,0,0,0,0,0,0,0
2008-07-03 16:45:00+00:00,30,7,16,146.8936004638672,133.53138732910156,0,0,0,0,0,0,0,0,0,0,0,1,1,1,1,1,1,0,0,0,0,0,0,0,0
2008-07-03 17:00:00+00:00,30,7,17,,,0,0,0,0,0,0,0,0,0,0,0,0,0,0,0,0,0,0,0,0,0,0,0,0,0
2008-07-03 17:00:00+00:00,30,7,17,244.4258575439453,362.9369201660156,0,0,0,0,0,0,0,0,0,0,0,0,0,0,1,1,1,0,0,0,0,0,0,0,0
2008-07-03 17:00:00+00:00,30,7,17,102.14419555664062,161.29124450683594,0,0,0,0,0,0,0,0,0,0,1,1,1,1,1,1,1,0,0,0,0,0,0,0,0
2008-07-03 17:00:00+00:00,30,7,17,96.21070861816406,199.02484130859375,0,0,0,0,0,0,0,0,0,1,1,1,1,1,1,1,1,0,0,0,0,0,0,0,0
2008-07-03 17:00:00+00:00,30,7,17,373.90777587890625,115.7782974243164,0,0,0,0,0,0,0,0,0,0,0,0,0,0,0,0,0,0,0,0,0,0,0,0,0
2008-07-03 17:00:00+00:00,30,7,17,73.29314422607422,106.46983337402344,0,0,0,0,0,0,0,0,1,1,1,1,1,1,1,1,1,0,0,0,0,0,0,0,0
2008-07-03 17:00:00+00:00,30,7,17,28.826467514038086,0.0,0,0,0,0,1,1,1,1,1,1,1,1,1,1,1,1,1,1,1,1,1,1,1,1,1
2008-07-03 17:00:00+00:00,30,7,17,72.99998474121094,44.288089752197266,0,0,0,0,0,0,0,0,1,1,1,1,1,1,1,1,1,0,0,0,0,0,0,1,1
2008-07-03 17:00:00+00:00,30,7,17,,110.12295532226562,0,0,0,0,0,0,0,0,0,0,0,0,0,0,0,0,0,0,0,0,0,0,0,0,0
2008-07-03 17:15:00+00:00,30,7,17,129.49021911621094,164.8624725341797,0,0,0,0,0,0,0,0,0,0,0,1,1,1,1,1,1,0,0,0,0,0,0,0,0
2008-07-03 17:15:00+00:00,30,7,17,183.99229431152344,196.41961669921875,0,0,0,0,0,0,0,0,0,0,0,0,0,1,1,1,1,0,0,0,0,0,0,0,0
2008-07-03 17:15:00+00:00,30,7,17,59.181976318359375,52.0173454284668,0,0,0,0,0,0,0,1,1,1,1,1,1,1,1,1,1,0,0,0,0,0,0,0,1
2008-07-03 17:15:00+00:00,30,7,17,403.9599914550781,347.1651916503906,0,0,0,0,0,0,0,0,0,0,0,0,0,0,0,0,0,0,0,0,0,0,0,0,0
2008-07-03 17:15:00+00:00,30,7,17,62.81320571899414,67.70378875732422,0,0,0,0,0,0,0,0,1,1,1,1,1,1,1,1,1,0,0,0,0,0,0,0,0
2008-07-03 17:15:00+00:00,30,7,17,,,0,0,0,0,0,0,0,0,0,0,0,0,0,0,0,0,0,0,0,0,0,0,0,0,0
2008-07-03 17:15:00+00:00,30,7,17,41.8637809753418,3.153010845184326,0,0,0,0,0,0,1,1,1,1,1,1,1,1,1,1,1,1,1,1,1,1,1,1,1
2008-07-03 17:15:00+00:00,30,7,17,316.5666809082031,309.9317626953125,0,0,0,0,0,0,0,0,0,0,0,0,0,0,0,0,1,0,0,0,0,0,0,0,0
2008-07-03 17:30:00+00:00,30,7,17,319.78643798828125,305.090576171875,0,0,0,0,0,0,0,0,0,0,0,0,0,0,0,0,1,0,0,0,0,0,0,0,0
2008-07-03 17:30:00+00:00,30,7,17,212.29434204101562,223.27613830566406,0,0,0,0,0,0,0,0,0,0,0,0,0,0,1,1,1,0,0,0,0,0,0,0,0
2008-07-03 17:30:00+00:00,30,7,17,76.65626525878906,91.87390899658203,0,0,0,0,0,0,0,0,1,1,1,1,1,1,1,1,1,0,0,0,0,0,0,0,0
2008-07-03 17:45:00+00:00,30,7,17,96.02113342285156,71.00621795654297,0,0,0,0,0,0,0,0,0,1,1,1,1,1,1,1,1,0,0,0,0,0,0,0,0
2008-07-03 17:45:00+00:00,30,7,17,78.17269897460938,104.24640655517578,0,0,0,0,0,0,0,0,1,1,1,1,1,1,1,1,1,0,0,0,0,0,0,0,0
2008-07-03 17:45:00+00:00,30,7,17,156.1702423095703,140.22715759277344,0,0,0,0,0,0,0,0,0,0,0,0,1,1,1,1,1,0,0,0,0,0,0,0,0
2008-07-03 17:45:00+00:00,30,7,17,128.7366485595703,38.69566345214844,0,0,0,0,0,0,0,0,0,0,0,1,1,1,1,1,1,0,0,0,0,0,1,1,1
2008-07-06 10:00:00+00:00,30,7,10,,,0,0,0,0,0,0,0,0,0,0,0,0,0,0,0,0,0,0,0,0,0,0,0,0,0
2008-07-06 10:00:00+00:00,30,7,10,148.28651428222656,104.5381088256836,0,0,0,0,0,0,0,0,0,0,0,1,1,1,1,1,1,0,0,0,0,0,0,0,0
2008-07-06 10:00:00+00:00,30,7,10,258.0326843261719,70.2417221069336,0,0,0,0,0,0,0,0,0,0,0,0,0,0,0,1,1,0,0,0,0,0,0,0,0
2008-07-06 10:00:00+00:00,30,7,10,109.7507553100586,117.74639892578125,0,0,0,0,0,0,0,0,0,0,1,1,1,1,1,1,1,0,0,0,0,0,0,0,0
2008-07-06 10:00:00+00:00,30,7,10,59.769020080566406,59.24596405029297,0,0,0,0,0,0,0,1,1,1,1,1,1,1,1,1,1,0,0,0,0,0,0,0,1
2008-07-06 10:00:00+00:00,30,7,10,102.86720275878906,21.90625762939453,0,0,0,0,0,0,0,0,0,0,1,1,1,1,1,1,1,0,0,0,1,1,1,1,1
2008-07-06 10:00:00+00:00,30,7,10,142.06820678710938,55.70106506347656,0,0,0,0,0,0,0,0,0,0,0,1,1,1,1,1,1,0,0,0,0,0,0,0,1
2008-07-06 10:00:00+00:00,30,7,10,,3.1416432857513428,0,0,0,0,0,0,0,0,0,0,0,0,0,0,0,0,0,1,1,1,1,1,1,1,1
2008-07-06 10:00:00+00:00,30,7,10,,6.313929557800293,0,0,0,0,0,0,0,0,0,0,0,0,0,0,0,0,0,1,1,1,1,1,1,1,1
2008-07-06 10:00:00+00:00,30,7,10,,0.0,0,0,0,0,0,0,0,0,0,0,0,0,0,0,0,0,0,1,1,1,1,1,1,1,1
2008-07-06 10:00:00+00:00,30,7,10,,14.3912935256958,0,0,0,0,0,0,0,0,0,0,0,0,0,0,0,0,0,0,1,1,1,1,1,1,1
2008-07-06 10:15:00+00:00,30,7,10,,,0,0,0,0,0,0,0,0,0,0,0,0,0,0,0,0,0,0,0,0,0,0,0,0,0
2008-07-06 10:15:00+00:00,30,7,10,584.7711791992188,575.375,0,0,0,0,0,0,0,0,0,0,0,0,0,0,0,0,0,0,0,0,0,0,0,0,0
2008-07-06 10:15:00+00:00,30,7,10,344.57147216796875,317.3268737792969,0,0,0,0,0,0,0,0,0,0,0,0,0,0,0,0,1,0,0,0,0,0,0,0,0
2008-07-06 10:15:00+00:00,30,7,10,177.58006286621094,168.05482482910156,0,0,0,0,0,0,0,0,0,0,0,0,1,1,1,1,1,0,0,0,0,0,0,0,0
2008-07-06 10:15:00+00:00,30,7,10,44.197227478027344,34.61202621459961,0,0,0,0,0,0,1,1,1,1,1,1,1,1,1,1,1,0,0,0,0,0,1,1,1
2008-07-06 10:15:00+00:00,30,7,10,44.76518630981445,43.6799430847168,0,0,0,0,0,0,1,1,1,1,1,1,1,1,1,1,1,0,0,0,0,0,0,1,1
2008-07-06 10:15:00+00:00,30,7,10,37.873409271240234,4.689756393432617,0,0,0,0,0,1,1,1,1,1,1,1,1,1,1,1,1,1,1,1,1,1,1,1,1
2008-07-06 10:15:00+00:00,30,7,10,60.442440032958984,68.5572509765625,0,0,0,0,0,0,0,0,1,1,1,1,1,1,1,1,1,0,0,0,0,0,0,0,0
2008-07-06 10:15:00+00:00,30,7,10,134.87693786621094,115.68025207519531,0,0,0,0,0,0,0,0,0,0,0,1,1,1,1,1,1,0,0,0,0,0,0,0,0
2008-07-06 10:15:00+00:00,30,7,10,231.65684509277344,141.94393920898438,0,0,0,0,0,0,0,0,0,0,0,0,0,0,1,1,1,0,0,0,0,0,0,0,0
2008-07-06 10:15:00+00:00,30,7,10,,372.5762939453125,0,0,0,0,0,0,0,0,0,0,0,0,0,0,0,0,0,0,0,0,0,0,0,0,0
2008-07-06 10:15:00+00:00,30,7,10,,453.66351318359375,0,0,0,0,0,0,0,0,0,0,0,0,0,0,0,0,0,0,0,0,0,0,0,0,0
2008-07-06 10:30:00+00:00,30,7,10,,,0,0,0,0,0,0,0,0,0,0,0,0,0,0,0,0,0,0,0,0,0,0,0,0,0
2008-07-06 10:30:00+00:00,30,7,10,277.31866455078125,263.42236328125,0,0,0,0,0,0,0,0,0,0,0,0,0,0,0,1,1,0,0,0,0,0,0,0,0
2008-07-06 10:30:00+00:00,30,7,10,114.32252502441406,109.02910614013672,0,0,0,0,0,0,0,0,0,0,1,1,1,1,1,1,1,0,0,0,0,0,0,0,0
2008-07-06 10:30:00+00:00,30,7,10,363.4095764160156,276.74798583984375,0,0,0,0,0,0,0,0,0,0,0,0,0,0,0,0,0,0,0,0,0,0,0,0,0
2008-07-06 10:30:00+00:00,30,7,10,105.28255462646484,11.70327377319336,0,0,0,0,0,0,0,0,0,0,1,1,1,1,1,1,1,0,1,1,1,1,1,1,1
2008-07-06 10:30:00+00:00,30,7,10,149.18911743164062,119.96468353271484,0,0,0,0,0,0,0,0,0,0,0,1,1,1,1,1,1,0,0,0,0,0,0,0,0
2008-07-06 10:30:00+00:00,30,7,10,201.07814025878906,185.4038848876953,0,0,0,0,0,0,0,0,0,0,0,0,0,0,1,1,1,0,0,0,0,0,0,0,0
2008-07-06 10:30:00+00:00,30,7,10,115.03282928466797,109.45415496826172,0,0,0,0,0,0,0,0,0,0,1,1,1,1,1,1,1,0,0,0,0,0,0,0,0
2008-07-06 10:30:00+00:00,30,7,10,83.70838928222656,53.27736282348633,0,0,0,0,0,0,0,0,0,1,1,1,1,1,1,1,1,0,0,0,0,0,0,0,1
2008-07-06 10:30:00+00:00,30,7,10,80.52007293701172,9.437440872192383,0,0,0,0,0,0,0,0,0,1,1,1,1,1,1,1,1,1,1,1,1,1,1,1,1
2008-07-06 10:30:00+00:00,30,7,10,73.92839813232422,11.427653312683105,0,0,0,0,0,0,0,0,1,1,1,1,1,1,1,1,1,0,1,1,1,1,1,1,1
2008-07-06 10:30:00+00:00,30,7,10,174.72674560546875,209.1831817626953,0,0,0,0,0,0,0,0,0,0,0,0,1,1,1,1,1,0,0,0,0,0,0,0,0
2008-07-06 10:30:00+00:00,30,7,10,47.65160369873047,55.67988967895508,0,0,0,0,0,0,1,1,1,1,1,1,1,1,1,1,1,0,0,0,0,0,0,0,1
2008-07-06 10:30:00+00:00,30,7,10,138.03109741210938,21.135936737060547,0,0,0,0,0,0,0,0,0,0,0,1,1,1,1,1,1,0,0,0,1,1,1,1,1
2008-07-06 10:30:00+00:00,30,7,10,490.5504455566406,493.6158447265625,0,0,0,0,0,0,0,0,0,0,0,0,0,0,0,0,0,0,0,0,0,0,0,0,0
2008-07-06 10:30:00+00:00,30,7,10,,480.68096923828125,0,0,0,0,0,0,0,0,0,0,0,0,0,0,0,0,0,0,0,0,0,0,0,0,0
2008-07-06 10:45:00+00:00,30,7,10,,,0,0,0,0,0,0,0,0,0,0,0,0,0,0,0,0,0,0,0,0,0,0,0,0,0
2008-07-06 10:45:00+00:00,30,7,10,213.29635620117188,65.44039916992188,0,0,0,0,0,0,0,0,0,0,0,0,0,0,1,1,1,0,0,0,0,0,0,0,0
2008-07-06 10:45:00+00:00,30,7,10,150.86599731445312,46.34531784057617,0,0,0,0,0,0,0,0,0,0,0,0,1,1,1,1,1,0,0,0,0,0,0,1,1
2008-07-06 10:45:00+00:00,30,7,10,345.8365478515625,149.73455810546875,0,0,0,0,0,0,0,0,0,0,0,0,0,0,0,0,1,0,0,0,0,0,0,0,0
2008-07-06 10:45:00+00:00,30,7,10,149.0165557861328,88.64497375488281,0,0,0,0,0,0,0,0,0,0,0,1,1,1,1,1,1,0,0,0,0,0,0,0,0
2008-07-06 10:45:00+00:00,30,7,10,293.72869873046875,239.3830108642578,0,0,0,0,0,0,0,0,0,0,0,0,0,0,0,1,1,0,0,0,0,0,0,0,0
2008-07-06 10:45:00+00:00,30,7,10,204.74163818359375,67.92617797851562,0,0,0,0,0,0,0,0,0,0,0,0,0,0,1,1,1,0,0,0,0,0,0,0,0
2008-07-06 10:45:00+00:00,30,7,10,111.08502960205078,94.99552917480469,0,0,0,0,0,0,0,0,0,0,1,1,1,1,1,1,1,0,0,0,0,0,0,0,0
2008-07-06 10:45:00+00:00,30,7,10,338.6142883300781,351.8688659667969,0,0,0,0,0,0,0,0,0,0,0,0,0,0,0,0,1,0,0,0,0,0,0,0,0
2008-07-06 10:45:00+00:00,30,7,10,278.5910949707031,282.0315856933594,0,0,0,0,0,0,0,0,0,0,0,0,0,0,0,1,1,0,0,0,0,0,0,0,0
2008-07-06 10:45:00+00:00,30,7,10,83.69722747802734,83.23673248291016,0,0,0,0,0,0,0,0,0,1,1,1,1,1,1,1,1,0,0,0,0,0,0,0,0
2008-07-06 10:45:00+00:00,30,7,10,296.4085388183594,273.01678466796875,0,0,0,0,0,0,0,0,0,0,0,0,0,0,0,1,1,0,0,0,0,0,0,0,0
2008-07-06 10:45:00+00:00,30,7,10,142.5952911376953,135.74270629882812,0,0,0,0,0,0,0,0,0,0,0,1,1,1,1,1,1,0,0,0,0,0,0,0,0
2008-07-06 11:00:00+00:00,30,7,11,,,0,0,0,0,0,0,0,0,0,0,0,0,0,0,0,0,0,0,0,0,0,0,0,0,0
2008-07-06 11:00:00+00:00,30,7,11,163.81686401367188,166.8510284423828,0,0,0,0,0,0,0,0,0,0,0,0,1,1,1,1,1,0,0,0,0,0,0,0,0
2008-07-06 11:00:00+00:00,30,7,11,81.00835418701172,125.25381469726562,0,0,0,0,0,0,0,0,0,1,1,1,1,1,1,1,1,0,0,0,0,0,0,0,0
2008-07-06 11:00:00+00:00,30,7,11,56.90309143066406,62.68773651123047,0,0,0,0,0,0,0,1,1,1,1,1,1,1,1,1,1,0,0,0,0,0,0,0,0
2008-07-06 11:00:00+00:00,30,7,11,35.521583557128906,38.35734939575195,0,0,0,0,0,1,1,1,1,1,1,1,1,1,1,1,1,0,0,0,0,0,1,1,1
2008-07-06 11:00:00+00:00,30,7,11,167.36953735351562,102.15504455566406,0,0,0,0,0,0,0,0,0,0,0,0,1,1,1,1,1,0,0,0,0,0,0,0,0
2008-07-06 11:00:00+00:00,30,7,11,193.7733612060547,149.98947143554688,0,0,0,0,0,0,0,0,0,0,0,0,0,1,1,1,1,0,0,0,0,0,0,0,0
2008-07-06 11:00:00+00:00,30,7,11,85.18992614746094,69.05840301513672,0,0,0,0,0,0,0,0,0,1,1,1,1,1,1,1,1,0,0,0,0,0,0,0,0
2008-07-06 11:00:00+00:00,30,7,11,228.1935272216797,8.07742691040039,0,0,0,0,0,0,0,0,0,0,0,0,0,0,1,1,1,1,1,1,1,1,1,1,1
2008-07-06 11:00:00+00:00,30,7,11,113.0608901977539,100.45752716064453,0,0,0,0,0,0,0,0,0,0,1,1,1,1,1,1,1,0,0,0,0,0,0,0,0
2008-07-06 11:00:00+00:00,30,7,11,465.30010986328125,278.3010559082031,0,0,0,0,0,0,0,0,0,0,0,0,0,0,0,0,0,0,0,0,0,0,0,0,0
2008-07-06 11:00:00+00:00,30,7,11,52.49262237548828,54.914615631103516,0,0,0,0,0,0,0,1,1,1,1,1,1,1,1,1,1,0,0,0,0,0,0,0,1
2008-07-06 11:00:00+00:00,30,7,11,,,0,0,0,0,0,0,0,0,0,0,0,0,0,0,0,0,0,0,0,0,0,0,0,0,0
2008-07-06 11:00:00+00:00,30,7,11,128.33070373535156,136.5238494873047,0,0,0,0,0,0,0,0,0,0,0,1,1,1,1,1,1,0,0,0,0,0,0,0,0
2008-07-06 11:15:00+00:00,30,7,11,274.79638671875,266.6038513183594,0,0,0,0,0,0,0,0,0,0,0,0,0,0,0,1,1,0,0,0,0,0,0,0,0
2008-07-06 11:15:00+00:00,30,7,11,280.3125,268.0946044921875,0,0,0,0,0,0,0,0,0,0,0,0,0,0,0,1,1,0,0,0,0,0,0,0,0
2008-07-06 11:15:00+00:00,30,7,11,324.6304626464844,327.15911865234375,0,0,0,0,0,0,0,0,0,0,0,0,0,0,0,0,1,0,0,0,0,0,0,0,0
2008-07-06 11:15:00+00:00,30,7,11,331.8582458496094,326.0960388183594,0,0,0,0,0,0,0,0,0,0,0,0,0,0,0,0,1,0,0,0,0,0,0,0,0
2008-07-06 11:15:00+00:00,30,7,11,401.3520202636719,70.2746353149414,0,0,0,0,0,0,0,0,0,0,0,0,0,0,0,0,0,0,0,0,0,0,0,0,0
2008-07-06 11:30:00+00:00,30,7,11,139.35589599609375,102.71807861328125,0,0,0,0,0,0,0,0,0,0,0,1,1,1,1,1,1,0,0,0,0,0,0,0,0
2008-07-06 11:30:00+00:00,30,7,11,243.20797729492188,258.12847900390625,0,0,0,0,0,0,0,0,0,0,0,0,0,0,1,1,1,0,0,0,0,0,0,0,0
2008-07-06 11:30:00+00:00,30,7,11,96.9892807006836,78.46060943603516,0,0,0,0,0,0,0,0,0,1,1,1,1,1,1,1,1,0,0,0,0,0,0,0,0
2008-07-06 11:30:00+00:00,30,7,11,89.85188293457031,95.04279327392578,0,0,0,0,0,0,0,0,0,1,1,1,1,1,1,1,1,0,0,0,0,0,0,0,0
2008-07-06 11:30:00+00:00,30,7,11,164.6510009765625,186.8878631591797,0,0,0,0,0,0,0,0,0,0,0,0,1,1,1,1,1,0,0,0,0,0,0,0,0
2008-07-06 11:30:00+00:00,30,7,11,285.7786865234375,,0,0,0,0,0,0,0,0,0,0,0,0,0,0,0,1,1,0,0,0,0,0,0,0,0
2008-07-06 11:30:00+00:00,30,7,11,118.5094985961914,122.01607513427734,0,0,0,0,0,0,0,0,0,0,1,1,1,1,1,1,1,0,0,0,0,0,0,0,0
2008-07-06 11:30:00+00:00,30,7,11,489.2043762207031,,0,0,0,0,0,0,0,0,0,0,0,0,0,0,0,0,0,0,0,0,0,0,0,0,0
2008-07-06 11:30:00+00:00,30,7,11,,53.56071472167969,0,0,0,0,0,0,0,0,0,0,0,0,0,0,0,0,0,0,0,0,0,0,0,0,1
2008-07-06 11:45:00+00:00,30,7,11,238.7687530517578,250.77667236328125,0,0,0,0,0,0,0,0,0,0,0,0,0,0,1,1,1,0,0,0,0,0,0,0,0
2008-07-06 11:45:00+00:00,30,7,11,104.12845611572266,76.7803955078125,0,0,0,0,0,0,0,0,0,0,1,1,1,1,1,1,1,0,0,0,0,0,0,0,0
2008-07-06 11:45:00+00:00,30,7,11,138.5010986328125,124.35514068603516,0,0,0,0,0,0,0,0,0,0,0,1,1,1,1,1,1,0,0,0,0,0,0,0,0
2008-07-06 11:45:00+00:00,30,7,11,169.5003204345703,145.32809448242188,0,0,0,0,0,0,0,0,0,0,0,0,1,1,1,1,1,0,0,0,0,0,0,0,0
2008-07-06 11:45:00+00:00,30,7,11,,,0,0,0,0,0,0,0,0,0,0,0,0,0,0,0,0,0,0,0,0,0,0,0,0,0
2008-07-06 11:45:00+00:00,30,7,11,247.9104461669922,3.2256250381469727,0,0,0,0,0,0,0,0,0,0,0,0,0,0,1,1,1,1,1,1,1,1,1,1,1
2008-07-06 11:45:00+00:00,30,7,11,100.26171112060547,121.41654968261719,0,0,0,0,0,0,0,0,0,0,1,1,1,1,1,1,1,0,0,0,0,0,0,0,0
2008-07-06 11:45:00+00:00,30,7,11,197.65660095214844,210.01181030273438,0,0,0,0,0,0,0,0,0,0,0,0,0,1,1,1,1,0,0,0,0,0,0,0,0
2008-07-06 11:45:00+00:00,30,7,11,227.30953979492188,241.70362854003906,0,0,0,0,0,0,0,0,0,0,0,0,0,0,1,1,1,0,0,0,0,0,0,0,0
2008-07-06 12:00:00+00:00,30,7,12,,,0,0,0,0,0,0,0,0,0,0,0,0,0,0,0,0,0,0,0,0,0,0,0,0,0
2008-07-06 12:00:00+00:00,30,7,12,67.84062957763672,78.68528747558594,0,0,0,0,0,0,0,0,1,1,1,1,1,1,1,1,1,0,0,0,0,0,0,0,0
2008-07-06 12:00:00+00:00,30,7,12,169.48094177246094,152.38674926757812,0,0,0,0,0,0,0,0,0,0,0,0,1,1,1,1,1,0,0,0,0,0,0,0,0
2008-07-06 12:00:00+00:00,30,7,12,160.53489685058594,139.65274047851562,0,0,0,0,0,0,0,0,0,0,0,0,1,1,1,1,1,0,0,0,0,0,0,0,0
2008-07-06 12:00:00+00:00,30,7,12,367.1860656738281,126.68940734863281,0,0,0,0,0,0,0,0,0,0,0,0,0,0,0,0,0,0,0,0,0,0,0,0,0
2008-07-06 12:00:00+00:00,30,7,12,183.12599182128906,132.84637451171875,0,0,0,0,0,0,0,0,0,0,0,0,0,1,1,1,1,0,0,0,0,0,0,0,0
2008-07-06 12:00:00+00:00,30,7,12,66.13496398925781,52.734127044677734,0,0,0,0,0,0,0,0,1,1,1,1,1,1,1,1,1,0,0,0,0,0,0,0,1
2008-07-06 12:00:00+00:00,30,7,12,153.35052490234375,107.2895278930664,0,0,0,0,0,0,0,0,0,0,0,0,1,1,1,1,1,0,0,0,0,0,0,0,0
2008-07-06 12:00:00+00:00,30,7,12,57.345279693603516,87.7136001586914,0,0,0,0,0,0,0,1,1,1,1,1,1,1,1,1,1,0,0,0,0,0,0,0,0
2008-07-06 12:00:00+00:00,30,7,12,159.06805419921875,133.85028076171875,0,0,0,0,0,0,0,0,0,0,0,0,1,1,1,1,1,0,0,0,0,0,0,0,0
2008-07-06 12:15:00+00:00,30,7,12,242.67372131347656,260.9349365234375,0,0,0,0,0,0,0,0,0,0,0,0,0,0,1,1,1,0,0,0,0,0,0,0,0
2008-07-06 12:15:00+00:00,30,7,12,,,0,0,0,0,0,0,0,0,0,0,0,0,0,0,0,0,0,0,0,0,0,0,0,0,0
2008-07-06 12:15:00+00:00,30,7,12,192.1980438232422,231.5606231689453,0,0,0,0,0,0,0,0,0,0,0,0,0,1,1,1,1,0,0,0,0,0,0,0,0
2008-07-06 12:15:00+00:00,30,7,12,179.66592407226562,18.188114166259766,0,0,0,0,0,0,0,0,0,0,0,0,1,1,1,1,1,0,0,1,1,1,1,1,1
2008-07-06 12:15:00+00:00,30,7,12,107.37027740478516,71.261962890625,0,0,0,0,0,0,0,0,0,0,1,1,1,1,1,1,1,0,0,0,0,0,0,0,0
2008-07-06 12:15:00+00:00,30,7,12,73.06562805175781,18.48067855834961,0,0,0,0,0,0,0,0,1,1,1,1,1,1,1,1,1,0,0,1,1,1,1,1,1
2008-07-06 12:15:00+00:00,30,7,12,124.3773422241211,102.63997650146484,0,0,0,0,0,0,0,0,0,0,0,1,1,1,1,1,1,0,0,0,0,0,0,0,0
2008-07-06 12:15:00+00:00,30,7,12,,,0,0,0,0,0,0,0,0,0,0,0,0,0,0,0,0,0,0,0,0,0,0,0,0,0
2008-07-06 12:15:00+00:00,30,7,12,89.36288452148438,75.79714965820312,0,0,0,0,0,0,0,0,0,1,1,1,1,1,1,1,1,0,0,0,0,0,0,0,0
2008-07-06 12:30:00+00:00,30,7,12,,,0,0,0,0,0,0,0,0,0,0,0,0,0,0,0,0,0,0,0,0,0,0,0,0,0
2008-07-06 12:30:00+00:00,30,7,12,158.00576782226562,140.197265625,0,0,0,0,0,0,0,0,0,0,0,0,1,1,1,1,1,0,0,0,0,0,0,0,0
2008-07-06 12:30:00+00:00,30,7,12,300.49554443359375,285.5805358886719,0,0,0,0,0,0,0,0,0,0,0,0,0,0,0,0,1,0,0,0,0,0,0,0,0
2008-07-06 12:30:00+00:00,30,7,12,207.4288330078125,186.72386169433594,0,0,0,0,0,0,0,0,0,0,0,0,0,0,1,1,1,0,0,0,0,0,0,0,0
2008-07-06 12:30:00+00:00,30,7,12,,,0,0,0,0,0,0,0,0,0,0,0,0,0,0,0,0,0,0,0,0,0,0,0,0,0
2008-07-06 12:30:00+00:00,30,7,12,112.16887664794922,110.26461791992188,0,0,0,0,0,0,0,0,0,0,1,1,1,1,1,1,1,0,0,0,0,0,0,0,0
2008-07-06 12:30:00+00:00,30,7,12,,,0,0,0,0,0,0,0,0,0,0,0,0,0,0,0,0,0,0,0,0,0,0,0,0,0
2008-07-06 12:30:00+00:00,30,7,12,385.1540832519531,90.56326293945312,0,0,0,0,0,0,0,0,0,0,0,0,0,0,0,0,0,0,0,0,0,0,0,0,0
2008-07-06 12:30:00+00:00,30,7,12,379.9890441894531,14.583391189575195,0,0,0,0,0,0,0,0,0,0,0,0,0,0,0,0,0,0,1,1,1,1,1,1,1
2008-07-06 12:30:00+00:00,30,7,12,177.54879760742188,96.1627197265625,0,0,0,0,0,0,0,0,0,0,0,0,1,1,1,1,1,0,0,0,0,0,0,0,0
2008-07-06 12:30:00+00:00,30,7,12,204.16253662109375,73.93448638916016,0,0,0,0,0,0,0,0,0,0,0,0,0,0,1,1,1,0,0,0,0,0,0,0,0
2008-07-06 12:30:00+00:00,30,7,12,96.21414947509766,76.82997131347656,0,0,0,0,0,0,0,0,0,1,1,1,1,1,1,1,1,0,0,0,0,0,0,0,0
2008-07-06 12:30:00+00:00,30,7,12,151.59454345703125,5.182199001312256,0,0,0,0,0,0,0,0,0,0,0,0,1,1,1,1,1,1,1,1,1,1,1,1,1
2008-07-06 12:30:00+00:00,30,7,12,125.51860046386719,0.0,0,0,0,0,0,0,0,0,0,0,0,1,1,1,1,1,1,1,1,1,1,1,1,1,1
2008-07-06 12:30:00+00:00,30,7,12,104.26253509521484,9.656264305114746,0,0,0,0,0,0,0,0,0,0,1,1,1,1,1,1,1,1,1,1,1,1,1,1,1
2008-07-06 12:30:00+00:00,30,7,12,89.30501556396484,41.008541107177734,0,0,0,0,0,0,0,0,0,1,1,1,1,1,1,1,1,0,0,0,0,0,0,1,1
2008-07-06 12:30:00+00:00,30,7,12,112.11129760742188,7.730325222015381,0,0,0,0,0,0,0,0,0,0,1,1,1,1,1,1,1,1,1,1,1,1,1,1,1
2008-07-06 12:30:00+00:00,30,7,12,,,0,0,0,0,0,0,0,0,0,0,0,0,0,0,0,0,0,0,0,0,0,0,0,0,0
2008-07-06 12:30:00+00:00,30,7,12,87.6535873413086,23.057077407836914,0,0,0,0,0,0,0,0,0,1,1,1,1,1,1,1,1,0,0,0,1,1,1,1,1
2008-07-06 12:30:00+00:00,30,7,12,329.64288330078125,69.13665771484375,0,0,0,0,0,0,0,0,0,0,0,0,0,0,0,0,1,0,0,0,0,0,0,0,0
2008-07-06 12:30:00+00:00,30,7,12,135.8317413330078,134.57302856445312,0,0,0,0,0,0,0,0,0,0,0,1,1,1,1,1,1,0,0,0,0,0,0,0,0
2008-07-06 12:45:00+00:00,30,7,12,,,0,0,0,0,0,0,0,0,0,0,0,0,0,0,0,0,0,0,0,0,0,0,0,0,0
2008-07-06 12:45:00+00:00,30,7,12,211.48780822753906,215.8805389404297,0,0,0,0,0,0,0,0,0,0,0,0,0,0,1,1,1,0,0,0,0,0,0,0,0
2008-07-06 12:45:00+00:00,30,7,12,111.2764663696289,7.837998390197754,0,0,0,0,0,0,0,0,0,0,1,1,1,1,1,1,1,1,1,1,1,1,1,1,1
2008-07-06 12:45:00+00:00,30,7,12,156.48446655273438,137.7197265625,0,0,0,0,0,0,0,0,0,0,0,0,1,1,1,1,1,0,0,0,0,0,0,0,0
2008-07-06 12:45:00+00:00,30,7,12,113.74131774902344,53.36502456665039,0,0,0,0,0,0,0,0,0,0,1,1,1,1,1,1,1,0,0,0,0,0,0,0,1
2008-07-06 12:45:00+00:00,30,7,12,,,0,0,0,0,0,0,0,0,0,0,0,0,0,0,0,0,0,0,0,0,0,0,0,0,0
2008-07-06 12:45:00+00:00,30,7,12,81.20631408691406,54.61692810058594,0,0,0,0,0,0,0,0,0,1,1,1,1,1,1,1,1,0,0,0,0,0,0,0,1
2008-07-06 12:45:00+00:00,30,7,12,120.5287857055664,231.16262817382812,0,0,0,0,0,0,0,0,0,0,0,1,1,1,1,1,1,0,0,0,0,0,0,0,0
2008-07-06 12:45:00+00:00,30,7,12,379.6773376464844,96.92350769042969,0,0,0,0,0,0,0,0,0,0,0,0,0,0,0,0,0,0,0,0,0,0,0,0,0
2008-07-06 12:45:00+00:00,30,7,12,,0.0,0,0,0,0,0,0,0,0,0,0,0,0,0,0,0,0,0,1,1,1,1,1,1,1,1
2008-07-06 12:45:00+00:00,30,7,12,54.11762237548828,31.54908561706543,0,0,0,0,0,0,0,1,1,1,1,1,1,1,1,1,1,0,0,0,0,0,1,1,1
2008-07-06 13:00:00+00:00,30,7,13,,,0,0,0,0,0,0,0,0,0,0,0,0,0,0,0,0,0,0,0,0,0,0,0,0,0
2008-07-06 13:00:00+00:00,30,7,13,127.98189544677734,95.10365295410156,0,0,0,0,0,0,0,0,0,0,0,1,1,1,1,1,1,0,0,0,0,0,0,0,0
2008-07-06 13:00:00+00:00,30,7,13,,,0,0,0,0,0,0,0,0,0,0,0,0,0,0,0,0,0,0,0,0,0,0,0,0,0
2008-07-06 13:00:00+00:00,30,7,13,77.01502227783203,90.12347412109375,0,0,0,0,0,0,0,0,1,1,1,1,1,1,1,1,1,0,0,0,0,0,0,0,0
2008-07-06 13:00:00+00:00,30,7,13,,378.5788269042969,0,0,0,0,0,0,0,0,0,0,0,0,0,0,0,0,0,0,0,0,0,0,0,0,0
2008-07-06 13:00:00+00:00,30,7,13,321.1441955566406,332.38031005859375,0,0,0,0,0,0,0,0,0,0,0,0,0,0,0,0,1,0,0,0,0,0,0,0,0
2008-07-06 13:00:00+00:00,30,7,13,,30.931943893432617,0,0,0,0,0,0,0,0,0,0,0,0,0,0,0,0,0,0,0,0,0,0,1,1,1
2008-07-06 13:00:00+00:00,30,7,13,,42.74946594238281,0,0,0,0,0,0,0,0,0,0,0,0,0,0,0,0,0,0,0,0,0,0,0,1,1
2008-07-06 13:00:00+00:00,30,7,13,48.53401184082031,396.16351318359375,0,0,0,0,0,0,1,1,1,1,1,1,1,1,1,1,1,0,0,0,0,0,0,0,0
2008-07-06 13:00:00+00:00,30,7,13,,100.81275177001953,0,0,0,0,0,0,0,0,0,0,0,0,0,0,0,0,0,0,0,0,0,0,0,0,0
2008-07-06 13:00:00+00:00,30,7,13,280.3648986816406,142.7222900390625,0,0,0,0,0,0,0,0,0,0,0,0,0,0,0,1,1,0,0,0,0,0,0,0,0
2008-07-06 13:15:00+00:00,30,7,13,,,0,0,0,0,0,0,0,0,0,0,0,0,0,0,0,0,0,0,0,0,0,0,0,0,0
2008-07-06 13:15:00+00:00,30,7,13,,,0,0,0,0,0,0,0,0,0,0,0,0,0,0,0,0,0,0,0,0,0,0,0,0,0
2008-07-06 13:15:00+00:00,30,7,13,111.54248046875,78.55880737304688,0,0,0,0,0,0,0,0,0,0,1,1,1,1,1,1,1,0,0,0,0,0,0,0,0
2008-07-06 13:15:00+00:00,30,7,13,,,0,0,0,0,0,0,0,0,0,0,0,0,0,0,0,0,0,0,0,0,0,0,0,0,0
2008-07-06 13:15:00+00:00,30,7,13,,,0,0,0,0,0,0,0,0,0,0,0,0,0,0,0,0,0,0,0,0,0,0,0,0,0
2008-07-06 13:15:00+00:00,30,7,13,,,0,0,0,0,0,0,0,0,0,0,0,0,0,0,0,0,0,0,0,0,0,0,0,0,0
2008-07-06 13:15:00+00:00,30,7,13,113.01526641845703,126.69405364990234,0,0,0,0,0,0,0,0,0,0,1,1,1,1,1,1,1,0,0,0,0,0,0,0,0
2008-07-06 13:15:00+00:00,30,7,13,,,0,0,0,0,0,0,0,0,0,0,0,0,0,0,0,0,0,0,0,0,0,0,0,0,0
2008-07-06 13:15:00+00:00,30,7,13,,,0,0,0,0,0,0,0,0,0,0,0,0,0,0,0,0,0,0,0,0,0,0,0,0,0
2008-07-06 13:15:00+00:00,30,7,13,402.4815673828125,363.969482421875,0,0,0,0,0,0,0,0,0,0,0,0,0,0,0,0,0,0,0,0,0,0,0,0,0
2008-07-06 13:15:00+00:00,30,7,13,107.056640625,199.44970703125,0,0,0,0,0,0,0,0,0,0,1,1,1,1,1,1,1,0,0,0,0,0,0,0,0
2008-07-06 13:15:00+00:00,30,7,13,,,0,0,0,0,0,0,0,0,0,0,0,0,0,0,0,0,0,0,0,0,0,0,0,0,0
2008-07-06 13:15:00+00:00,30,7,13,53.13942337036133,53.13942337036133,0,0,0,0,0,0,0,1,1,1,1,1,1,1,1,1,1,0,0,0,0,0,0,0,1
2008-07-06 13:15:00+00:00,30,7,13,44.60818099975586,0.0,0,0,0,0,0,0,1,1,1,1,1,1,1,1,1,1,1,1,1,1,1,1,1,1,1
2008-07-06 13:15:00+00:00,30,7,13,,,0,0,0,0,0,0,0,0,0,0,0,0,0,0,0,0,0,0,0,0,0,0,0,0,0
2008-07-06 13:30:00+00:00,30,7,13,170.4940948486328,242.94158935546875,0,0,0,0,0,0,0,0,0,0,0,0,1,1,1,1,1,0,0,0,0,0,0,0,0
2008-07-06 13:30:00+00:00,30,7,13,120.49365997314453,123.0413818359375,0,0,0,0,0,0,0,0,0,0,0,1,1,1,1,1,1,0,0,0,0,0,0,0,0
2008-07-06 13:30:00+00:00,30,7,13,,,0,0,0,0,0,0,0,0,0,0,0,0,0,0,0,0,0,0,0,0,0,0,0,0,0
2008-07-06 13:30:00+00:00,30,7,13,191.28555297851562,176.2366180419922,0,0,0,0,0,0,0,0,0,0,0,0,0,1,1,1,1,0,0,0,0,0,0,0,0
2008-07-06 13:30:00+00:00,30,7,13,213.5133056640625,190.6622772216797,0,0,0,0,0,0,0,0,0,0,0,0,0,0,1,1,1,0,0,0,0,0,0,0,0
2008-07-06 13:30:00+00:00,30,7,13,257.21514892578125,242.04086303710938,0,0,0,0,0,0,0,0,0,0,0,0,0,0,0,1,1,0,0,0,0,0,0,0,0
2008-07-06 13:30:00+00:00,30,7,13,379.9410705566406,373.1762390136719,0,0,0,0,0,0,0,0,0,0,0,0,0,0,0,0,0,0,0,0,0,0,0,0,0
2008-07-06 13:30:00+00:00,30,7,13,420.52587890625,,0,0,0,0,0,0,0,0,0,0,0,0,0,0,0,0,0,0,0,0,0,0,0,0,0
2008-07-06 13:30:00+00:00,30,7,13,288.5436706542969,369.15679931640625,0,0,0,0,0,0,0,0,0,0,0,0,0,0,0,1,1,0,0,0,0,0,0,0,0
2008-07-06 13:30:00+00:00,30,7,13,89.31775665283203,196.18150329589844,0,0,0,0,0,0,0,0,0,1,1,1,1,1,1,1,1,0,0,0,0,0,0,0,0
2008-07-06 13:30:00+00:00,30,7,13,264.62371826171875,239.04180908203125,0,0,0,0,0,0,0,0,0,0,0,0,0,0,0,1,1,0,0,0,0,0,0,0,0
2008-07-06 13:30:00+00:00,30,7,13,,8.590972900390625,0,0,0,0,0,0,0,0,0,0,0,0,0,0,0,0,0,1,1,1,1,1,1,1,1
2008-07-06 13:30:00+00:00,30,7,13,282.04559326171875,130.43289184570312,0,0,0,0,0,0,0,0,0,0,0,0,0,0,0,1,1,0,0,0,0,0,0,0,0
2008-07-06 13:30:00+00:00,30,7,13,,,0,0,0,0,0,0,0,0,0,0,0,0,0,0,0,0,0,0,0,0,0,0,0,0,0
2008-07-06 13:30:00+00:00,30,7,13,288.7391662597656,361.32421875,0,0,0,0,0,0,0,0,0,0,0,0,0,0,0,1,1,0,0,0,0,0,0,0,0
2008-07-06 13:30:00+00:00,30,7,13,100.45811462402344,73.2166976928711,0,0,0,0,0,0,0,0,0,0,1,1,1,1,1,1,1,0,0,0,0,0,0,0,0
2008-07-06 13:30:00+00:00,30,7,13,338.9756774902344,334.7752685546875,0,0,0,0,0,0,0,0,0,0,0,0,0,0,0,0,1,0,0,0,0,0,0,0,0
2008-07-06 13:45:00+00:00,30,7,13,,,0,0,0,0,0,0,0,0,0,0,0,0,0,0,0,0,0,0,0,0,0,0,0,0,0
2008-07-06 13:45:00+00:00,30,7,13,325.4012451171875,151.55123901367188,0,0,0,0,0,0,0,0,0,0,0,0,0,0,0,0,1,0,0,0,0,0,0,0,0
2008-07-06 13:45:00+00:00,30,7,13,112.22154235839844,93.38264465332031,0,0,0,0,0,0,0,0,0,0,1,1,1,1,1,1,1,0,0,0,0,0,0,0,0
2008-07-06 13:45:00+00:00,30,7,13,187.2437286376953,105.54389953613281,0,0,0,0,0,0,0,0,0,0,0,0,0,1,1,1,1,0,0,0,0,0,0,0,0
2008-07-06 13:45:00+00:00,30,7,13,109.92788696289062,90.5105209350586,0,0,0,0,0,0,0,0,0,0,1,1,1,1,1,1,1,0,0,0,0,0,0,0,0
2008-07-06 13:45:00+00:00,30,7,13,,,0,0,0,0,0,0,0,0,0,0,0,0,0,0,0,0,0,0,0,0,0,0,0,0,0
2008-07-06 13:45:00+00:00,30,7,13,116.068603515625,87.30587005615234,0,0,0,0,0,0,0,0,0,0,1,1,1,1,1,1,1,0,0,0,0,0,0,0,0
2008-07-06 13:45:00+00:00,30,7,13,41.012916564941406,4.439207553863525,0,0,0,0,0,0,1,1,1,1,1,1,1,1,1,1,1,1,1,1,1,1,1,1,1
2008-07-06 13:45:00+00:00,30,7,13,336.3222961425781,349.25323486328125,0,0,0,0,0,0,0,0,0,0,0,0,0,0,0,0,1,0,0,0,0,0,0,0,0
2008-07-06 13:45:00+00:00,30,7,13,362.30206298828125,374.5266418457031,0,0,0,0,0,0,0,0,0,0,0,0,0,0,0,0,0,0,0,0,0,0,0,0,0
2008-07-06 13:45:00+00:00,30,7,13,188.561279296875,152.31797790527344,0,0,0,0,0,0,0,0,0,0,0,0,0,1,1,1,1,0,0,0,0,0,0,0,0
2008-07-06 14:00:00+00:00,30,7,14,,,0,0,0,0,0,0,0,0,0,0,0,0,0,0,0,0,0,0,0,0,0,0,0,0,0
2008-07-06 14:00:00+00:00,30,7,14,84.64759826660156,,0,0,0,0,0,0,0,0,0,1,1,1,1,1,1,1,1,0,0,0,0,0,0,0,0
2008-07-06 14:00:00+00:00,30,7,14,73.2107162475586,57.22651290893555,0,0,0,0,0,0,0,0,1,1,1,1,1,1,1,1,1,0,0,0,0,0,0,0,1
2008-07-06 14:00:00+00:00,30,7,14,49.30120086669922,68.06172943115234,0,0,0,0,0,0,1,1,1,1,1,1,1,1,1,1,1,0,0,0,0,0,0,0,0
2008-07-06 14:00:00+00:00,30,7,14,,,0,0,0,0,0,0,0,0,0,0,0,0,0,0,0,0,0,0,0,0,0,0,0,0,0
2008-07-06 14:00:00+00:00,30,7,14,69.81361389160156,35.62568283081055,0,0,0,0,0,0,0,0,1,1,1,1,1,1,1,1,1,0,0,0,0,0,1,1,1
2008-07-06 14:00:00+00:00,30,7,14,419.9850769042969,377.5910949707031,0,0,0,0,0,0,0,0,0,0,0,0,0,0,0,0,0,0,0,0,0,0,0,0,0
2008-07-06 14:00:00+00:00,30,7,14,149.06817626953125,201.5595245361328,0,0,0,0,0,0,0,0,0,0,0,1,1,1,1,1,1,0,0,0,0,0,0,0,0
2008-07-06 14:15:00+00:00,30,7,14,,361.5814514160156,0,0,0,0,0,0,0,0,0,0,0,0,0,0,0,0,0,0,0,0,0,0,0,0,0
2008-07-06 14:15:00+00:00,30,7,14,244.10342407226562,195.95582580566406,0,0,0,0,0,0,0,0,0,0,0,0,0,0,1,1,1,0,0,0,0,0,0,0,0
2008-07-06 14:15:00+00:00,30,7,14,67.85514831542969,240.2447052001953,0,0,0,0,0,0,0,0,1,1,1,1,1,1,1,1,1,0,0,0,0,0,0,0,0
2008-07-06 14:15:00+00:00,30,7,14,117.96975708007812,119.22714233398438,0,0,0,0,0,0,0,0,0,0,1,1,1,1,1,1,1,0,0,0,0,0,0,0,0
2008-07-06 14:15:00+00:00,30,7,14,,,0,0,0,0,0,0,0,0,0,0,0,0,0,0,0,0,0,0,0,0,0,0,0,0,0
2008-07-06 14:15:00+00:00,30,7,14,,,0,0,0,0,0,0,0,0,0,0,0,0,0,0,0,0,0,0,0,0,0,0,0,0,0
2008-07-06 14:15:00+00:00,30,7,14,178.43190002441406,291.1062316894531,0,0,0,0,0,0,0,0,0,0,0,0,1,1,1,1,1,0,0,0,0,0,0,0,0
2008-07-06 14:15:00+00:00,30,7,14,168.61795043945312,154.37860107421875,0,0,0,0,0,0,0,0,0,0,0,0,1,1,1,1,1,0,0,0,0,0,0,0,0
2008-07-06 14:15:00+00:00,30,7,14,,41.24845504760742,0,0,0,0,0,0,0,0,0,0,0,0,0,0,0,0,0,0,0,0,0,0,0,1,1
2008-07-06 14:15:00+00:00,30,7,14,252.9464569091797,271.4571838378906,0,0,0,0,0,0,0,0,0,0,0,0,0,0,0,1,1,0,0,0,0,0,0,0,0
2008-07-06 14:15:00+00:00,30,7,14,55.03307342529297,16.154890060424805,0,0,0,0,0,0,0,1,1,1,1,1,1,1,1,1,1,0,0,1,1,1,1,1,1
2008-07-06 14:15:00+00:00,30,7,14,172.3211212158203,190.25143432617188,0,0,0,0,0,0,0,0,0,0,0,0,1,1,1,1,1,0,0,0,0,0,0,0,0
2008-07-06 14:15:00+00:00,30,7,14,179.60069274902344,145.30186462402344,0,0,0,0,0,0,0,0,0,0,0,0,1,1,1,1,1,0,0,0,0,0,0,0,0
2008-07-06 14:15:00+00:00,30,7,14,,,0,0,0,0,0,0,0,0,0,0,0,0,0,0,0,0,0,0,0,0,0,0,0,0,0
2008-07-06 14:15:00+00:00,30,7,14,372.04461669921875,152.6012725830078,0,0,0,0,0,0,0,0,0,0,0,0,0,0,0,0,0,0,0,0,0,0,0,0,0
2008-07-06 14:30:00+00:00,30,7,14,,,0,0,0,0,0,0,0,0,0,0,0,0,0,0,0,0,0,0,0,0,0,0,0,0,0
2008-07-06 14:30:00+00:00,30,7,14,,202.8252716064453,0,0,0,0,0,0,0,0,0,0,0,0,0,0,0,0,0,0,0,0,0,0,0,0,0
2008-07-06 14:30:00+00:00,30,7,14,,355.25634765625,0,0,0,0,0,0,0,0,0,0,0,0,0,0,0,0,0,0,0,0,0,0,0,0,0
2008-07-06 14:30:00+00:00,30,7,14,241.45809936523438,249.64950561523438,0,0,0,0,0,0,0,0,0,0,0,0,0,0,1,1,1,0,0,0,0,0,0,0,0
2008-07-06 14:30:00+00:00,30,7,14,182.806396484375,164.42837524414062,0,0,0,0,0,0,0,0,0,0,0,0,0,1,1,1,1,0,0,0,0,0,0,0,0
2008-07-06 14:30:00+00:00,30,7,14,349.3802795410156,365.3258972167969,0,0,0,0,0,0,0,0,0,0,0,0,0,0,0,0,1,0,0,0,0,0,0,0,0
2008-07-06 14:30:00+00:00,30,7,14,107.96272277832031,82.1572265625,0,0,0,0,0,0,0,0,0,0,1,1,1,1,1,1,1,0,0,0,0,0,0,0,0
2008-07-06 14:30:00+00:00,30,7,14,256.93817138671875,213.77401733398438,0,0,0,0,0,0,0,0,0,0,0,0,0,0,0,1,1,0,0,0,0,0,0,0,0
2008-07-06 14:45:00+00:00,30,7,14,,,0,0,0,0,0,0,0,0,0,0,0,0,0,0,0,0,0,0,0,0,0,0,0,0,0
2008-07-06 14:45:00+00:00,30,7,14,,228.41966247558594,0,0,0,0,0,0,0,0,0,0,0,0,0,0,0,0,0,0,0,0,0,0,0,0,0
2008-07-06 14:45:00+00:00,30,7,14,75.91883850097656,74.2015151977539,0,0,0,0,0,0,0,0,1,1,1,1,1,1,1,1,1,0,0,0,0,0,0,0,0
2008-07-06 14:45:00+00:00,30,7,14,203.79559326171875,200.48846435546875,0,0,0,0,0,0,0,0,0,0,0,0,0,0,1,1,1,0,0,0,0,0,0,0,0
2008-07-06 14:45:00+00:00,30,7,14,242.5021514892578,242.43043518066406,0,0,0,0,0,0,0,0,0,0,0,0,0,0,1,1,1,0,0,0,0,0,0,0,0
2008-07-06 14:45:00+00:00,30,7,14,82.67064666748047,6.9972920417785645,0,0,0,0,0,0,0,0,0,1,1,1,1,1,1,1,1,1,1,1,1,1,1,1,1
2008-07-06 14:45:00+00:00,30,7,14,,211.81639099121094,0,0,0,0,0,0,0,0,0,0,0,0,0,0,0,0,0,0,0,0,0,0,0,0,0
2008-07-06 14:45:00+00:00,30,7,14,183.68453979492188,41.2089729309082,0,0,0,0,0,0,0,0,0,0,0,0,0,1,1,1,1,0,0,0,0,0,0,1,1
2008-07-06 14:45:00+00:00,30,7,14,146.6375274658203,41.999908447265625,0,0,0,0,0,0,0,0,0,0,0,1,1,1,1,1,1,0,0,0,0,0,0,1,1
2008-07-06 15:00:00+00:00,30,7,15,,,0,0,0,0,0,0,0,0,0,0,0,0,0,0,0,0,0,0,0,0,0,0,0,0,0
2008-07-06 15:00:00+00:00,30,7,15,245.55838012695312,215.55410766601562,0,0,0,0,0,0,0,0,0,0,0,0,0,0,1,1,1,0,0,0,0,0,0,0,0
2008-07-06 15:00:00+00:00,30,7,15,186.6204833984375,198.92323303222656,0,0,0,0,0,0,0,0,0,0,0,0,0,1,1,1,1,0,0,0,0,0,0,0,0
2008-07-06 15:00:00+00:00,30,7,15,344.3725891113281,48.43153381347656,0,0,0,0,0,0,0,0,0,0,0,0,0,0,0,0,1,0,0,0,0,0,0,1,1
2008-07-06 15:00:00+00:00,30,7,15,48.09809494018555,6.898507595062256,0,0,0,0,0,0,1,1,1,1,1,1,1,1,1,1,1,1,1,1,1,1,1,1,1
2008-07-06 15:00:00+00:00,30,7,15,,,0,0,0,0,0,0,0,0,0,0,0,0,0,0,0,0,0,0,0,0,0,0,0,0,0
2008-07-06 15:00:00+00:00,30,7,15,81.23934936523438,60.70018005371094,0,0,0,0,0,0,0,0,0,1,1,1,1,1,1,1,1,0,0,0,0,0,0,0,0
2008-07-06 15:00:00+00:00,30,7,15,,,0,0,0,0,0,0,0,0,0,0,0,0,0,0,0,0,0,0,0,0,0,0,0,0,0
2008-07-06 15:15:00+00:00,30,7,15,216.30340576171875,287.2615966796875,0,0,0,0,0,0,0,0,0,0,0,0,0,0,1,1,1,0,0,0,0,0,0,0,0
2008-07-06 15:15:00+00:00,30,7,15,49.6259765625,72.26454162597656,0,0,0,0,0,0,1,1,1,1,1,1,1,1,1,1,1,0,0,0,0,0,0,0,0
2008-07-06 15:15:00+00:00,30,7,15,165.33982849121094,179.11178588867188,0,0,0,0,0,0,0,0,0,0,0,0,1,1,1,1,1,0,0,0,0,0,0,0,0
2008-07-06 15:15:00+00:00,30,7,15,193.88525390625,182.51260375976562,0,0,0,0,0,0,0,0,0,0,0,0,0,1,1,1,1,0,0,0,0,0,0,0,0
2008-07-06 15:15:00+00:00,30,7,15,233.58489990234375,221.95603942871094,0,0,0,0,0,0,0,0,0,0,0,0,0,0,1,1,1,0,0,0,0,0,0,0,0
2008-07-06 15:15:00+00:00,30,7,15,132.53775024414062,235.4610595703125,0,0,0,0,0,0,0,0,0,0,0,1,1,1,1,1,1,0,0,0,0,0,0,0,0
2008-07-06 15:15:00+00:00,30,7,15,109.46742248535156,101.04546356201172,0,0,0,0,0,0,0,0,0,0,1,1,1,1,1,1,1,0,0,0,0,0,0,0,0
2008-07-06 15:15:00+00:00,30,7,15,76.12513732910156,25.613759994506836,0,0,0,0,0,0,0,0,1,1,1,1,1,1,1,1,1,0,0,0,0,1,1,1,1
2008-07-06 15:30:00+00:00,30,7,15,307.33514404296875,276.59490966796875,0,0,0,0,0,0,0,0,0,0,0,0,0,0,0,0,1,0,0,0,0,0,0,0,0
2008-07-06 15:30:00+00:00,30,7,15,183.3702850341797,156.63853454589844,0,0,0,0,0,0,0,0,0,0,0,0,0,1,1,1,1,0,0,0,0,0,0,0,0
2008-07-06 15:30:00+00:00,30,7,15,36.97822570800781,12.322457313537598,0,0,0,0,0,1,1,1,1,1,1,1,1,1,1,1,1,0,1,1,1,1,1,1,1
2008-07-06 15:30:00+00:00,30,7,15,,,0,0,0,0,0,0,0,0,0,0,0,0,0,0,0,0,0,0,0,0,0,0,0,0,0
2008-07-06 15:30:00+00:00,30,7,15,,,0,0,0,0,0,0,0,0,0,0,0,0,0,0,0,0,0,0,0,0,0,0,0,0,0
2008-07-06 15:30:00+00:00,30,7,15,,,0,0,0,0,0,0,0,0,0,0,0,0,0,0,0,0,0,0,0,0,0,0,0,0,0
2008-07-06 15:30:00+00:00,30,7,15,64.03501892089844,46.425567626953125,0,0,0,0,0,0,0,0,1,1,1,1,1,1,1,1,1,0,0,0,0,0,0,1,1
2008-07-06 15:30:00+00:00,30,7,15,167.14854431152344,228.59242248535156,0,0,0,0,0,0,0,0,0,0,0,0,1,1,1,1,1,0,0,0,0,0,0,0,0
2008-07-06 15:30:00+00:00,30,7,15,104.95993041992188,104.25550842285156,0,0,0,0,0,0,0,0,0,0,1,1,1,1,1,1,1,0,0,0,0,0,0,0,0
2008-07-06 15:30:00+00:00,30,7,15,118.11905670166016,133.93392944335938,0,0,0,0,0,0,0,0,0,0,1,1,1,1,1,1,1,0,0,0,0,0,0,0,0
2008-07-06 15:45:00+00:00,30,7,15,144.17491149902344,100.8765869140625,0,0,0,0,0,0,0,0,0,0,0,1,1,1,1,1,1,0,0,0,0,0,0,0,0
2008-07-06 15:45:00+00:00,30,7,15,134.71080017089844,169.76686096191406,0,0,0,0,0,0,0,0,0,0,0,1,1,1,1,1,1,0,0,0,0,0,0,0,0
2008-07-06 15:45:00+00:00,30,7,15,234.11419677734375,253.1307830810547,0,0,0,0,0,0,0,0,0,0,0,0,0,0,1,1,1,0,0,0,0,0,0,0,0
2008-07-06 15:45:00+00:00,30,7,15,100.19695281982422,53.71641540527344,0,0,0,0,0,0,0,0,0,0,1,1,1,1,1,1,1,0,0,0,0,0,0,0,1
2008-07-06 15:45:00+00:00,30,7,15,70.92622375488281,9.217878341674805,0,0,0,0,0,0,0,0,1,1,1,1,1,1,1,1,1,1,1,1,1,1,1,1,1
2008-07-06 15:45:00+00:00,30,7,15,,,0,0,0,0,0,0,0,0,0,0,0,0,0,0,0,0,0,0,0,0,0,0,0,0,0
2008-07-06 16:00:00+00:00,30,7,16,294.82623291015625,101.77347564697266,0,0,0,0,0,0,0,0,0,0,0,0,0,0,0,1,1,0,0,0,0,0,0,0,0
2008-07-06 16:00:00+00:00,30,7,16,164.63702392578125,77.36003112792969,0,0,0,0,0,0,0,0,0,0,0,0,1,1,1,1,1,0,0,0,0,0,0,0,0
2008-07-06 16:00:00+00:00,30,7,16,183.8225860595703,165.58636474609375,0,0,0,0,0,0,0,0,0,0,0,0,0,1,1,1,1,0,0,0,0,0,0,0,0
2008-07-06 16:00:00+00:00,30,7,16,132.5717315673828,151.5281219482422,0,0,0,0,0,0,0,0,0,0,0,1,1,1,1,1,1,0,0,0,0,0,0,0,0
2008-07-06 16:15:00+00:00,30,7,16,,,0,0,0,0,0,0,0,0,0,0,0,0,0,0,0,0,0,0,0,0,0,0,0,0,0
2008-07-06 16:15:00+00:00,30,7,16,83.61481475830078,108.44218444824219,0,0,0,0,0,0,0,0,0,1,1,1,1,1,1,1,1,0,0,0,0,0,0,0,0
2008-07-06 16:15:00+00:00,30,7,16,44.91331481933594,31.432228088378906,0,0,0,0,0,0,1,1,1,1,1,1,1,1,1,1,1,0,0,0,0,0,1,1,1
2008-07-06 16:30:00+00:00,30,7,16,184.06846618652344,181.4445037841797,0,0,0,0,0,0,0,0,0,0,0,0,0,1,1,1,1,0,0,0,0,0,0,0,0
2008-07-06 16:30:00+00:00,30,7,16,266.5013122558594,,0,0,0,0,0,0,0,0,0,0,0,0,0,0,0,1,1,0,0,0,0,0,0,0,0
2008-07-06 16:30:00+00:00,30,7,16,131.0806427001953,125.01553344726562,0,0,0,0,0,0,0,0,0,0,0,1,1,1,1,1,1,0,0,0,0,0,0,0,0
2008-07-06 16:30:00+00:00,30,7,16,273.55303955078125,181.7543182373047,0,0,0,0,0,0,0,0,0,0,0,0,0,0,0,1,1,0,0,0,0,0,0,0,0
2008-07-06 16:30:00+00:00,30,7,16,98.2140121459961,86.10264587402344,0,0,0,0,0,0,0,0,0,1,1,1,1,1,1,1,1,0,0,0,0,0,0,0,0
2008-07-06 16:30:00+00:00,30,7,16,50.37576675415039,53.87459945678711,0,0,0,0,0,0,0,1,1,1,1,1,1,1,1,1,1,0,0,0,0,0,0,0,1
2008-07-06 16:30:00+00:00,30,7,16,120.9612045288086,121.7188491821289,0,0,0,0,0,0,0,0,0,0,0,1,1,1,1,1,1,0,0,0,0,0,0,0,0
2008-07-06 16:45:00+00:00,30,7,16,,,0,0,0,0,0,0,0,0,0,0,0,0,0,0,0,0,0,0,0,0,0,0,0,0,0
2008-07-06 16:45:00+00:00,30,7,16,269.3506164550781,162.6717071533203,0,0,0,0,0,0,0,0,0,0,0,0,0,0,0,1,1,0,0,0,0,0,0,0,0
2008-07-06 16:45:00+00:00,30,7,16,267.6835632324219,141.9008026123047,0,0,0,0,0,0,0,0,0,0,0,0,0,0,0,1,1,0,0,0,0,0,0,0,0
2008-07-06 16:45:00+00:00,30,7,16,481.16412353515625,434.9001159667969,0,0,0,0,0,0,0,0,0,0,0,0,0,0,0,0,0,0,0,0,0,0,0,0,0
2008-07-06 16:45:00+00:00,30,7,16,325.1691589355469,6.757574081420898,0,0,0,0,0,0,0,0,0,0,0,0,0,0,0,0,1,1,1,1,1,1,1,1,1
2008-07-06 17:00:00+00:00,30,7,17,308.7617492675781,367.6492919921875,0,0,0,0,0,0,0,0,0,0,0,0,0,0,0,0,1,0,0,0,0,0,0,0,0
2008-07-06 17:00:00+00:00,30,7,17,79.23116302490234,51.822208404541016,0,0,0,0,0,0,0,0,1,1,1,1,1,1,1,1,1,0,0,0,0,0,0,0,1
2008-07-06 17:00:00+00:00,30,7,17,100.08702087402344,82.93399810791016,0,0,0,0,0,0,0,0,0,0,1,1,1,1,1,1,1,0,0,0,0,0,0,0,0
2008-07-06 17:00:00+00:00,30,7,17,231.49050903320312,169.4918670654297,0,0,0,0,0,0,0,0,0,0,0,0,0,0,1,1,1,0,0,0,0,0,0,0,0
2008-07-06 17:00:00+00:00,30,7,17,138.95620727539062,242.79251098632812,0,0,0,0,0,0,0,0,0,0,0,1,1,1,1,1,1,0,0,0,0,0,0,0,0
2008-07-06 17:00:00+00:00,30,7,17,100.74161529541016,86.59384155273438,0,0,0,0,0,0,0,0,0,0,1,1,1,1,1,1,1,0,0,0,0,0,0,0,0
2008-07-06 17:00:00+00:00,30,7,17,42.07415008544922,3.0798237323760986,0,0,0,0,0,0,1,1,1,1,1,1,1,1,1,1,1,1,1,1,1,1,1,1,1
2008-07-06 17:15:00+00:00,30,7,17,456.08673095703125,10.484938621520996,0,0,0,0,0,0,0,0,0,0,0,0,0,0,0,0,0,0,1,1,1,1,1,1,1
2008-07-06 17:15:00+00:00,30,7,17,185.0657196044922,156.31069946289062,0,0,0,0,0,0,0,0,0,0,0,0,0,1,1,1,1,0,0,0,0,0,0,0,0
2008-07-06 17:15:00+00:00,30,7,17,,,0,0,0,0,0,0,0,0,0,0,0,0,0,0,0,0,0,0,0,0,0,0,0,0,0
2008-07-06 17:30:00+00:00,30,7,17,202.65826416015625,260.22900390625,0,0,0,0,0,0,0,0,0,0,0,0,0,0,1,1,1,0,0,0,0,0,0,0,0
2008-07-06 17:45:00+00:00,30,7,17,197.5137481689453,160.4178009033203,0,0,0,0,0,0,0,0,0,0,0,0,0,1,1,1,1,0,0,0,0,0,0,0,0
2008-07-06 17:45:00+00:00,30,7,17,340.7831726074219,368.1163024902344,0,0,0,0,0,0,0,0,0,0,0,0,0,0,0,0,1,0,0,0,0,0,0,0,0
2008-07-06 17:45:00+00:00,30,7,17,,,0,0,0,0,0,0,0,0,0,0,0,0,0,0,0,0,0,0,0,0,0,0,0,0,0
2008-07-07 10:00:00+00:00,30,7,10,,,0,0,0,0,0,0,0,0,0,0,0,0,0,0,0,0,0,0,0,0,0,0,0,0,0
2008-07-07 10:00:00+00:00,30,7,10,,,0,0,0,0,0,0,0,0,0,0,0,0,0,0,0,0,0,0,0,0,0,0,0,0,0
2008-07-07 10:00:00+00:00,30,7,10,,318.0289611816406,0,0,0,0,0,0,0,0,0,0,0,0,0,0,0,0,0,0,0,0,0,0,0,0,0
2008-07-07 10:00:00+00:00,30,7,10,422.50750732421875,381.0332336425781,0,0,0,0,0,0,0,0,0,0,0,0,0,0,0,0,0,0,0,0,0,0,0,0,0
2008-07-07 10:00:00+00:00,30,7,10,456.7584533691406,407.2817687988281,0,0,0,0,0,0,0,0,0,0,0,0,0,0,0,0,0,0,0,0,0,0,0,0,0
2008-07-07 10:00:00+00:00,30,7,10,350.95452880859375,222.17007446289062,0,0,0,0,0,0,0,0,0,0,0,0,0,0,0,0,0,0,0,0,0,0,0,0,0
2008-07-07 10:00:00+00:00,30,7,10,468.6409912109375,348.60650634765625,0,0,0,0,0,0,0,0,0,0,0,0,0,0,0,0,0,0,0,0,0,0,0,0,0
2008-07-07 10:00:00+00:00,30,7,10,399.1746520996094,89.91207885742188,0,0,0,0,0,0,0,0,0,0,0,0,0,0,0,0,0,0,0,0,0,0,0,0,0
2008-07-07 10:15:00+00:00,30,7,10,,,0,0,0,0,0,0,0,0,0,0,0,0,0,0,0,0,0,0,0,0,0,0,0,0,0
2008-07-07 10:15:00+00:00,30,7,10,,,0,0,0,0,0,0,0,0,0,0,0,0,0,0,0,0,0,0,0,0,0,0,0,0,0
2008-07-07 10:15:00+00:00,30,7,10,,,0,0,0,0,0,0,0,0,0,0,0,0,0,0,0,0,0,0,0,0,0,0,0,0,0
2008-07-07 10:15:00+00:00,30,7,10,315.1845703125,306.66497802734375,0,0,0,0,0,0,0,0,0,0,0,0,0,0,0,0,1,0,0,0,0,0,0,0,0
2008-07-07 10:15:00+00:00,30,7,10,482.18524169921875,395.041748046875,0,0,0,0,0,0,0,0,0,0,0,0,0,0,0,0,0,0,0,0,0,0,0,0,0
2008-07-07 10:15:00+00:00,30,7,10,,,0,0,0,0,0,0,0,0,0,0,0,0,0,0,0,0,0,0,0,0,0,0,0,0,0
2008-07-07 10:15:00+00:00,30,7,10,73.40743255615234,60.442955017089844,0,0,0,0,0,0,0,0,1,1,1,1,1,1,1,1,1,0,0,0,0,0,0,0,0
2008-07-07 10:15:00+00:00,30,7,10,317.8025207519531,328.67730712890625,0,0,0,0,0,0,0,0,0,0,0,0,0,0,0,0,1,0,0,0,0,0,0,0,0
2008-07-07 10:15:00+00:00,30,7,10,77.88194274902344,62.34065628051758,0,0,0,0,0,0,0,0,1,1,1,1,1,1,1,1,1,0,0,0,0,0,0,0,0
2008-07-07 10:15:00+00:00,30,7,10,118.92435455322266,130.58016967773438,0,0,0,0,0,0,0,0,0,0,1,1,1,1,1,1,1,0,0,0,0,0,0,0,0
2008-07-07 10:15:00+00:00,30,7,10,356.45587158203125,78.70476531982422,0,0,0,0,0,0,0,0,0,0,0,0,0,0,0,0,0,0,0,0,0,0,0,0,0
2008-07-07 10:15:00+00:00,30,7,10,352.87384033203125,89.4502944946289,0,0,0,0,0,0,0,0,0,0,0,0,0,0,0,0,0,0,0,0,0,0,0,0,0
2008-07-07 10:15:00+00:00,30,7,10,,,0,0,0,0,0,0,0,0,0,0,0,0,0,0,0,0,0,0,0,0,0,0,0,0,0
2008-07-07 10:15:00+00:00,30,7,10,,,0,0,0,0,0,0,0,0,0,0,0,0,0,0,0,0,0,0,0,0,0,0,0,0,0
2008-07-07 10:30:00+00:00,30,7,10,,,0,0,0,0,0,0,0,0,0,0,0,0,0,0,0,0,0,0,0,0,0,0,0,0,0
2008-07-07 10:30:00+00:00,30,7,10,,,0,0,0,0,0,0,0,0,0,0,0,0,0,0,0,0,0,0,0,0,0,0,0,0,0
2008-07-07 10:30:00+00:00,30,7,10,,160.33612060546875,0,0,0,0,0,0,0,0,0,0,0,0,0,0,0,0,0,0,0,0,0,0,0,0,0
2008-07-07 10:30:00+00:00,30,7,10,196.35610961914062,6.627562046051025,0,0,0,0,0,0,0,0,0,0,0,0,0,1,1,1,1,1,1,1,1,1,1,1,1
2008-07-07 10:30:00+00:00,30,7,10,84.98487091064453,63.15963363647461,0,0,0,0,0,0,0,0,0,1,1,1,1,1,1,1,1,0,0,0,0,0,0,0,0
2008-07-07 10:30:00+00:00,30,7,10,49.93024826049805,21.9755859375,0,0,0,0,0,0,1,1,1,1,1,1,1,1,1,1,1,0,0,0,1,1,1,1,1
2008-07-07 10:30:00+00:00,30,7,10,,355.39898681640625,0,0,0,0,0,0,0,0,0,0,0,0,0,0,0,0,0,0,0,0,0,0,0,0,0
2008-07-07 10:45:00+00:00,30,7,10,,,0,0,0,0,0,0,0,0,0,0,0,0,0,0,0,0,0,0,0,0,0,0,0,0,0
2008-07-07 10:45:00+00:00,30,7,10,,,0,0,0,0,0,0,0,0,0,0,0,0,0,0,0,0,0,0,0,0,0,0,0,0,0
2008-07-07 10:45:00+00:00,30,7,10,,,0,0,0,0,0,0,0,0,0,0,0,0,0,0,0,0,0,0,0,0,0,0,0,0,0
2008-07-07 10:45:00+00:00,30,7,10,293.4739990234375,301.1305236816406,0,0,0,0,0,0,0,0,0,0,0,0,0,0,0,1,1,0,0,0,0,0,0,0,0
2008-07-07 10:45:00+00:00,30,7,10,173.9112091064453,109.37271118164062,0,0,0,0,0,0,0,0,0,0,0,0,1,1,1,1,1,0,0,0,0,0,0,0,0
2008-07-07 10:45:00+00:00,30,7,10,89.86966705322266,74.76160430908203,0,0,0,0,0,0,0,0,0,1,1,1,1,1,1,1,1,0,0,0,0,0,0,0,0
2008-07-07 10:45:00+00:00,30,7,10,182.6896514892578,132.58154296875,0,0,0,0,0,0,0,0,0,0,0,0,0,1,1,1,1,0,0,0,0,0,0,0,0
2008-07-07 10:45:00+00:00,30,7,10,,187.16302490234375,0,0,0,0,0,0,0,0,0,0,0,0,0,0,0,0,0,0,0,0,0,0,0,0,0
2008-07-07 10:45:00+00:00,30,7,10,,265.14886474609375,0,0,0,0,0,0,0,0,0,0,0,0,0,0,0,0,0,0,0,0,0,0,0,0,0
2008-07-07 11:00:00+00:00,30,7,11,,,0,0,0,0,0,0,0,0,0,0,0,0,0,0,0,0,0,0,0,0,0,0,0,0,0
2008-07-07 11:00:00+00:00,30,7,11,,,0,0,0,0,0,0,0,0,0,0,0,0,0,0,0,0,0,0,0,0,0,0,0,0,0
2008-07-07 11:00:00+00:00,30,7,11,,,0,0,0,0,0,0,0,0,0,0,0,0,0,0,0,0,0,0,0,0,0,0,0,0,0
2008-07-07 11:00:00+00:00,30,7,11,154.53460693359375,,0,0,0,0,0,0,0,0,0,0,0,0,1,1,1,1,1,0,0,0,0,0,0,0,0
2008-07-07 11:00:00+00:00,30,7,11,15.4995698928833,0.0,0,0,1,1,1,1,1,1,1,1,1,1,1,1,1,1,1,1,1,1,1,1,1,1,1
2008-07-07 11:00:00+00:00,30,7,11,,,0,0,0,0,0,0,0,0,0,0,0,0,0,0,0,0,0,0,0,0,0,0,0,0,0
2008-07-07 11:00:00+00:00,30,7,11,225.82821655273438,94.49591064453125,0,0,0,0,0,0,0,0,0,0,0,0,0,0,1,1,1,0,0,0,0,0,0,0,0
2008-07-07 11:00:00+00:00,30,7,11,217.2897186279297,15.502591133117676,0,0,0,0,0,0,0,0,0,0,0,0,0,0,1,1,1,0,0,1,1,1,1,1,1
2008-07-07 11:00:00+00:00,30,7,11,152.5398406982422,183.8597869873047,0,0,0,0,0,0,0,0,0,0,0,0,1,1,1,1,1,0,0,0,0,0,0,0,0
2008-07-07 11:00:00+00:00,30,7,11,271.02081298828125,62.2130012512207,0,0,0,0,0,0,0,0,0,0,0,0,0,0,0,1,1,0,0,0,0,0,0,0,0
2008-07-07 11:00:00+00:00,30,7,11,293.6627197265625,316.7476501464844,0,0,0,0,0,0,0,0,0,0,0,0,0,0,0,1,1,0,0,0,0,0,0,0,0
2008-07-07 11:15:00+00:00,30,7,11,,,0,0,0,0,0,0,0,0,0,0,0,0,0,0,0,0,0,0,0,0,0,0,0,0,0
2008-07-07 11:15:00+00:00,30,7,11,424.2720031738281,306.4620361328125,0,0,0,0,0,0,0,0,0,0,0,0,0,0,0,0,0,0,0,0,0,0,0,0,0
2008-07-07 11:15:00+00:00,30,7,11,108.95492553710938,80.20960235595703,0,0,0,0,0,0,0,0,0,0,1,1,1,1,1,1,1,0,0,0,0,0,0,0,0
2008-07-07 11:15:00+00:00,30,7,11,208.5327911376953,39.976776123046875,0,0,0,0,0,0,0,0,0,0,0,0,0,0,1,1,1,0,0,0,0,0,1,1,1
2008-07-07 11:15:00+00:00,30,7,11,114.57380676269531,87.2669906616211,0,0,0,0,0,0,0,0,0,0,1,1,1,1,1,1,1,0,0,0,0,0,0,0,0
2008-07-07 11:15:00+00:00,30,7,11,150.5833740234375,104.49784851074219,0,0,0,0,0,0,0,0,0,0,0,0,1,1,1,1,1,0,0,0,0,0,0,0,0
2008-07-07 11:15:00+00:00,30,7,11,336.2223205566406,363.6275939941406,0,0,0,0,0,0,0,0,0,0,0,0,0,0,0,0,1,0,0,0,0,0,0,0,0
2008-07-07 11:15:00+00:00,30,7,11,19.128023147583008,0.0,0,0,1,1,1,1,1,1,1,1,1,1,1,1,1,1,1,1,1,1,1,1,1,1,1
2008-07-07 11:15:00+00:00,30,7,11,62.61176300048828,79.9882583618164,0,0,0,0,0,0,0,0,1,1,1,1,1,1,1,1,1,0,0,0,0,0,0,0,0
2008-07-07 11:15:00+00:00,30,7,11,224.7338104248047,207.0321044921875,0,0,0,0,0,0,0,0,0,0,0,0,0,0,1,1,1,0,0,0,0,0,0,0,0
2008-07-07 11:15:00+00:00,30,7,11,40.738243103027344,0.0,0,0,0,0,0,0,1,1,1,1,1,1,1,1,1,1,1,1,1,1,1,1,1,1,1
2008-07-07 11:15:00+00:00,30,7,11,115.69878387451172,96.13878631591797,0,0,0,0,0,0,0,0,0,0,1,1,1,1,1,1,1,0,0,0,0,0,0,0,0
2008-07-07 11:15:00+00:00,30,7,11,276.698974609375,284.7740478515625,0,0,0,0,0,0,0,0,0,0,0,0,0,0,0,1,1,0,0,0,0,0,0,0,0
2008-07-07 11:15:00+00:00,30,7,11,50.19313049316406,0.0,0,0,0,0,0,0,0,1,1,1,1,1,1,1,1,1,1,1,1,1,1,1,1,1,1
2008-07-07 11:15:00+00:00,30,7,11,322.2825012207031,321.4267578125,0,0,0,0,0,0,0,0,0,0,0,0,0,0,0,0,1,0,0,0,0,0,0,0,0
2008-07-07 11:30:00+00:00,30,7,11,,,0,0,0,0,0,0,0,0,0,0,0,0,0,0,0,0,0,0,0,0,0,0,0,0,0
2008-07-07 11:30:00+00:00,30,7,11,,,0,0,0,0,0,0,0,0,0,0,0,0,0,0,0,0,0,0,0,0,0,0,0,0,0
2008-07-07 11:30:00+00:00,30,7,11,,,0,0,0,0,0,0,0,0,0,0,0,0,0,0,0,0,0,0,0,0,0,0,0,0,0
2008-07-07 11:30:00+00:00,30,7,11,,,0,0,0,0,0,0,0,0,0,0,0,0,0,0,0,0,0,0,0,0,0,0,0,0,0
2008-07-07 11:30:00+00:00,30,7,11,,,0,0,0,0,0,0,0,0,0,0,0,0,0,0,0,0,0,0,0,0,0,0,0,0,0
2008-07-07 11:30:00+00:00,30,7,11,,,0,0,0,0,0,0,0,0,0,0,0,0,0,0,0,0,0,0,0,0,0,0,0,0,0
2008-07-07 11:30:00+00:00,30,7,11,254.98135375976562,227.8018798828125,0,0,0,0,0,0,0,0,0,0,0,0,0,0,0,1,1,0,0,0,0,0,0,0,0
2008-07-07 11:30:00+00:00,30,7,11,154.83714294433594,179.07598876953125,0,0,0,0,0,0,0,0,0,0,0,0,1,1,1,1,1,0,0,0,0,0,0,0,0
2008-07-07 11:30:00+00:00,30,7,11,26.636390686035156,0.0,0,0,0,0,1,1,1,1,1,1,1,1,1,1,1,1,1,1,1,1,1,1,1,1,1
2008-07-07 11:30:00+00:00,30,7,11,413.6912536621094,462.3172912597656,0,0,0,0,0,0,0,0,0,0,0,0,0,0,0,0,0,0,0,0,0,0,0,0,0
2008-07-07 11:30:00+00:00,30,7,11,113.60906219482422,125.55087280273438,0,0,0,0,0,0,0,0,0,0,1,1,1,1,1,1,1,0,0,0,0,0,0,0,0
2008-07-07 11:30:00+00:00,30,7,11,191.6523895263672,199.47958374023438,0,0,0,0,0,0,0,0,0,0,0,0,0,1,1,1,1,0,0,0,0,0,0,0,0
2008-07-07 11:30:00+00:00,30,7,11,177.83969116210938,147.20639038085938,0,0,0,0,0,0,0,0,0,0,0,0,1,1,1,1,1,0,0,0,0,0,0,0,0
2008-07-07 11:45:00+00:00,30,7,11,,,0,0,0,0,0,0,0,0,0,0,0,0,0,0,0,0,0,0,0,0,0,0,0,0,0
2008-07-07 11:45:00+00:00,30,7,11,493.84576416015625,110.59933471679688,0,0,0,0,0,0,0,0,0,0,0,0,0,0,0,0,0,0,0,0,0,0,0,0,0
2008-07-07 11:45:00+00:00,30,7,11,173.756103515625,169.82261657714844,0,0,0,0,0,0,0,0,0,0,0,0,1,1,1,1,1,0,0,0,0,0,0,0,0
2008-07-07 11:45:00+00:00,30,7,11,276.7345886230469,248.4660186767578,0,0,0,0,0,0,0,0,0,0,0,0,0,0,0,1,1,0,0,0,0,0,0,0,0
2008-07-07 11:45:00+00:00,30,7,11,237.80528259277344,287.0276184082031,0,0,0,0,0,0,0,0,0,0,0,0,0,0,1,1,1,0,0,0,0,0,0,0,0
2008-07-07 11:45:00+00:00,30,7,11,392.9273681640625,424.87603759765625,0,0,0,0,0,0,0,0,0,0,0,0,0,0,0,0,0,0,0,0,0,0,0,0,0
2008-07-07 11:45:00+00:00,30,7,11,34.18667984008789,0.0,0,0,0,0,0,1,1,1,1,1,1,1,1,1,1,1,1,1,1,1,1,1,1,1,1
2008-07-07 11:45:00+00:00,30,7,11,359.96405029296875,401.7712707519531,0,0,0,0,0,0,0,0,0,0,0,0,0,0,0,0,0,0,0,0,0,0,0,0,0
2008-07-07 11:45:00+00:00,30,7,11,41.30674743652344,26.471221923828125,0,0,0,0,0,0,1,1,1,1,1,1,1,1,1,1,1,0,0,0,0,1,1,1,1
2008-07-07 11:45:00+00:00,30,7,11,,,0,0,0,0,0,0,0,0,0,0,0,0,0,0,0,0,0,0,0,0,0,0,0,0,0
2008-07-07 11:45:00+00:00,30,7,11,225.7512664794922,131.24513244628906,0,0,0,0,0,0,0,0,0,0,0,0,0,0,1,1,1,0,0,0,0,0,0,0,0
2008-07-07 11:45:00+00:00,30,7,11,154.08067321777344,131.9468231201172,0,0,0,0,0,0,0,0,0,0,0,0,1,1,1,1,1,0,0,0,0,0,0,0,0
2008-07-07 12:00:00+00:00,30,7,12,,,0,0,0,0,0,0,0,0,0,0,0,0,0,0,0,0,0,0,0,0,0,0,0,0,0
2008-07-07 12:00:00+00:00,30,7,12,,,0,0,0,0,0,0,0,0,0,0,0,0,0,0,0,0,0,0,0,0,0,0,0,0,0
2008-07-07 12:00:00+00:00,30,7,12,187.39952087402344,166.283203125,0,0,0,0,0,0,0,0,0,0,0,0,0,1,1,1,1,0,0,0,0,0,0,0,0
2008-07-07 12:00:00+00:00,30,7,12,120.6058120727539,107.89149475097656,0,0,0,0,0,0,0,0,0,0,0,1,1,1,1,1,1,0,0,0,0,0,0,0,0
2008-07-07 12:00:00+00:00,30,7,12,353.7247009277344,344.8374328613281,0,0,0,0,0,0,0,0,0,0,0,0,0,0,0,0,0,0,0,0,0,0,0,0,0
2008-07-07 12:00:00+00:00,30,7,12,502.2881774902344,524.172119140625,0,0,0,0,0,0,0,0,0,0,0,0,0,0,0,0,0,0,0,0,0,0,0,0,0
2008-07-07 12:00:00+00:00,30,7,12,95.3012924194336,4.187987327575684,0,0,0,0,0,0,0,0,0,1,1,1,1,1,1,1,1,1,1,1,1,1,1,1,1
2008-07-07 12:00:00+00:00,30,7,12,39.19669723510742,0.0,0,0,0,0,0,1,1,1,1,1,1,1,1,1,1,1,1,1,1,1,1,1,1,1,1
2008-07-07 12:00:00+00:00,30,7,12,115.3758316040039,103.02832794189453,0,0,0,0,0,0,0,0,0,0,1,1,1,1,1,1,1,0,0,0,0,0,0,0,0
2008-07-07 12:15:00+00:00,30,7,12,,,0,0,0,0,0,0,0,0,0,0,0,0,0,0,0,0,0,0,0,0,0,0,0,0,0
2008-07-07 12:15:00+00:00,30,7,12,183.59451293945312,189.91278076171875,0,0,0,0,0,0,0,0,0,0,0,0,0,1,1,1,1,0,0,0,0,0,0,0,0
2008-07-07 12:15:00+00:00,30,7,12,157.529296875,12.787667274475098,0,0,0,0,0,0,0,0,0,0,0,0,1,1,1,1,1,0,1,1,1,1,1,1,1
2008-07-07 12:15:00+00:00,30,7,12,202.3619384765625,207.53326416015625,0,0,0,0,0,0,0,0,0,0,0,0,0,0,1,1,1,0,0,0,0,0,0,0,0
2008-07-07 12:15:00+00:00,30,7,12,71.40066528320312,33.7542610168457,0,0,0,0,0,0,0,0,1,1,1,1,1,1,1,1,1,0,0,0,0,0,1,1,1
2008-07-07 12:15:00+00:00,30,7,12,,,0,0,0,0,0,0,0,0,0,0,0,0,0,0,0,0,0,0,0,0,0,0,0,0,0
2008-07-07 12:15:00+00:00,30,7,12,,,0,0,0,0,0,0,0,0,0,0,0,0,0,0,0,0,0,0,0,0,0,0,0,0,0
2008-07-07 12:15:00+00:00,30,7,12,,406.8848571777344,0,0,0,0,0,0,0,0,0,0,0,0,0,0,0,0,0,0,0,0,0,0,0,0,0
2008-07-07 12:15:00+00:00,30,7,12,,312.6990966796875,0,0,0,0,0,0,0,0,0,0,0,0,0,0,0,0,0,0,0,0,0,0,0,0,0
2008-07-07 12:15:00+00:00,30,7,12,51.13469696044922,6.425854206085205,0,0,0,0,0,0,0,1,1,1,1,1,1,1,1,1,1,1,1,1,1,1,1,1,1
2008-07-07 12:15:00+00:00,30,7,12,254.40968322753906,191.96868896484375,0,0,0,0,0,0,0,0,0,0,0,0,0,0,0,1,1,0,0,0,0,0,0,0,0
2008-07-07 12:15:00+00:00,30,7,12,121.8734130859375,152.8261260986328,0,0,0,0,0,0,0,0,0,0,0,1,1,1,1,1,1,0,0,0,0,0,0,0,0
2008-07-07 12:15:00+00:00,30,7,12,146.5664825439453,136.38778686523438,0,0,0,0,0,0,0,0,0,0,0,1,1,1,1,1,1,0,0,0,0,0,0,0,0
2008-07-07 12:30:00+00:00,30,7,12,,,0,0,0,0,0,0,0,0,0,0,0,0,0,0,0,0,0,0,0,0,0,0,0,0,0
2008-07-07 12:30:00+00:00,30,7,12,,,0,0,0,0,0,0,0,0,0,0,0,0,0,0,0,0,0,0,0,0,0,0,0,0,0
2008-07-07 12:30:00+00:00,30,7,12,,,0,0,0,0,0,0,0,0,0,0,0,0,0,0,0,0,0,0,0,0,0,0,0,0,0
2008-07-07 12:30:00+00:00,30,7,12,,,0,0,0,0,0,0,0,0,0,0,0,0,0,0,0,0,0,0,0,0,0,0,0,0,0
2008-07-07 12:30:00+00:00,30,7,12,140.42970275878906,158.9510040283203,0,0,0,0,0,0,0,0,0,0,0,1,1,1,1,1,1,0,0,0,0,0,0,0,0
2008-07-07 12:30:00+00:00,30,7,12,144.4234619140625,171.466796875,0,0,0,0,0,0,0,0,0,0,0,1,1,1,1,1,1,0,0,0,0,0,0,0,0
2008-07-07 12:30:00+00:00,30,7,12,355.8443298339844,346.466552734375,0,0,0,0,0,0,0,0,0,0,0,0,0,0,0,0,0,0,0,0,0,0,0,0,0
2008-07-07 12:30:00+00:00,30,7,12,66.89886474609375,32.540626525878906,0,0,0,0,0,0,0,0,1,1,1,1,1,1,1,1,1,0,0,0,0,0,1,1,1
2008-07-07 12:45:00+00:00,30,7,12,,,0,0,0,0,0,0,0,0,0,0,0,0,0,0,0,0,0,0,0,0,0,0,0,0,0
2008-07-07 12:45:00+00:00,30,7,12,,,0,0,0,0,0,0,0,0,0,0,0,0,0,0,0,0,0,0,0,0,0,0,0,0,0
2008-07-07 12:45:00+00:00,30,7,12,,,0,0,0,0,0,0,0,0,0,0,0,0,0,0,0,0,0,0,0,0,0,0,0,0,0
2008-07-07 12:45:00+00:00,30,7,12,,,0,0,0,0,0,0,0,0,0,0,0,0,0,0,0,0,0,0,0,0,0,0,0,0,0
2008-07-07 12:45:00+00:00,30,7,12,,,0,0,0,0,0,0,0,0,0,0,0,0,0,0,0,0,0,0,0,0,0,0,0,0,0
2008-07-07 12:45:00+00:00,30,7,12,,,0,0,0,0,0,0,0,0,0,0,0,0,0,0,0,0,0,0,0,0,0,0,0,0,0
2008-07-07 12:45:00+00:00,30,7,12,301.59661865234375,223.85919189453125,0,0,0,0,0,0,0,0,0,0,0,0,0,0,0,0,1,0,0,0,0,0,0,0,0
2008-07-07 12:45:00+00:00,30,7,12,110.78343200683594,238.25619506835938,0,0,0,0,0,0,0,0,0,0,1,1,1,1,1,1,1,0,0,0,0,0,0,0,0
2008-07-07 12:45:00+00:00,30,7,12,149.24432373046875,124.6997299194336,0,0,0,0,0,0,0,0,0,0,0,1,1,1,1,1,1,0,0,0,0,0,0,0,0
2008-07-07 12:45:00+00:00,30,7,12,274.4638671875,278.31561279296875,0,0,0,0,0,0,0,0,0,0,0,0,0,0,0,1,1,0,0,0,0,0,0,0,0
2008-07-07 12:45:00+00:00,30,7,12,177.56259155273438,181.5122833251953,0,0,0,0,0,0,0,0,0,0,0,0,1,1,1,1,1,0,0,0,0,0,0,0,0
2008-07-07 12:45:00+00:00,30,7,12,65.05630493164062,37.69182586669922,0,0,0,0,0,0,0,0,1,1,1,1,1,1,1,1,1,0,0,0,0,0,1,1,1
2008-07-07 13:00:00+00:00,30,7,13,,,0,0,0,0,0,0,0,0,0,0,0,0,0,0,0,0,0,0,0,0,0,0,0,0,0
2008-07-07 13:00:00+00:00,30,7,13,,,0,0,0,0,0,0,0,0,0,0,0,0,0,0,0,0,0,0,0,0,0,0,0,0,0
2008-07-07 13:00:00+00:00,30,7,13,,,0,0,0,0,0,0,0,0,0,0,0,0,0,0,0,0,0,0,0,0,0,0,0,0,0
2008-07-07 13:00:00+00:00,30,7,13,96.704833984375,86.72835540771484,0,0,0,0,0,0,0,0,0,1,1,1,1,1,1,1,1,0,0,0,0,0,0,0,0
2008-07-07 13:00:00+00:00,30,7,13,,,0,0,0,0,0,0,0,0,0,0,0,0,0,0,0,0,0,0,0,0,0,0,0,0,0
2008-07-07 13:00:00+00:00,30,7,13,89.17507934570312,73.06842803955078,0,0,0,0,0,0,0,0,0,1,1,1,1,1,1,1,1,0,0,0,0,0,0,0,0
2008-07-07 13:00:00+00:00,30,7,13,,,0,0,0,0,0,0,0,0,0,0,0,0,0,0,0,0,0,0,0,0,0,0,0,0,0
2008-07-07 13:00:00+00:00,30,7,13,240.288330078125,218.7126007080078,0,0,0,0,0,0,0,0,0,0,0,0,0,0,1,1,1,0,0,0,0,0,0,0,0
2008-07-07 13:00:00+00:00,30,7,13,,516.5257568359375,0,0,0,0,0,0,0,0,0,0,0,0,0,0,0,0,0,0,0,0,0,0,0,0,0
2008-07-07 13:00:00+00:00,30,7,13,,,0,0,0,0,0,0,0,0,0,0,0,0,0,0,0,0,0,0,0,0,0,0,0,0,0
2008-07-07 13:00:00+00:00,30,7,13,70.85789489746094,87.69084167480469,0,0,0,0,0,0,0,0,1,1,1,1,1,1,1,1,1,0,0,0,0,0,0,0,0
2008-07-07 13:00:00+00:00,30,7,13,30.342897415161133,0.0,0,0,0,0,0,1,1,1,1,1,1,1,1,1,1,1,1,1,1,1,1,1,1,1,1
2008-07-07 13:00:00+00:00,30,7,13,86.60397338867188,39.756771087646484,0,0,0,0,0,0,0,0,0,1,1,1,1,1,1,1,1,0,0,0,0,0,1,1,1
2008-07-07 13:00:00+00:00,30,7,13,121.97560119628906,85.80423736572266,0,0,0,0,0,0,0,0,0,0,0,1,1,1,1,1,1,0,0,0,0,0,0,0,0
2008-07-07 13:00:00+00:00,30,7,13,741.3403930664062,761.16357421875,0,0,0,0,0,0,0,0,0,0,0,0,0,0,0,0,0,0,0,0,0,0,0,0,0
2008-07-07 13:15:00+00:00,30,7,13,,,0,0,0,0,0,0,0,0,0,0,0,0,0,0,0,0,0,0,0,0,0,0,0,0,0
2008-07-07 13:15:00+00:00,30,7,13,,,0,0,0,0,0,0,0,0,0,0,0,0,0,0,0,0,0,0,0,0,0,0,0,0,0
2008-07-07 13:15:00+00:00,30,7,13,122.85714721679688,424.9417419433594,0,0,0,0,0,0,0,0,0,0,0,1,1,1,1,1,1,0,0,0,0,0,0,0,0
2008-07-07 13:15:00+00:00,30,7,13,94.80941009521484,60.39738464355469,0,0,0,0,0,0,0,0,0,1,1,1,1,1,1,1,1,0,0,0,0,0,0,0,0
2008-07-07 13:15:00+00:00,30,7,13,157.52728271484375,365.6452941894531,0,0,0,0,0,0,0,0,0,0,0,0,1,1,1,1,1,0,0,0,0,0,0,0,0
2008-07-07 13:15:00+00:00,30,7,13,156.03941345214844,152.88858032226562,0,0,0,0,0,0,0,0,0,0,0,0,1,1,1,1,1,0,0,0,0,0,0,0,0
2008-07-07 13:15:00+00:00,30,7,13,58.89311981201172,76.35260009765625,0,0,0,0,0,0,0,1,1,1,1,1,1,1,1,1,1,0,0,0,0,0,0,0,0
2008-07-07 13:15:00+00:00,30,7,13,190.4495391845703,174.5052947998047,0,0,0,0,0,0,0,0,0,0,0,0,0,1,1,1,1,0,0,0,0,0,0,0,0
2008-07-07 13:15:00+00:00,30,7,13,22.46784782409668,47.715023040771484,0,0,0,1,1,1,1,1,1,1,1,1,1,1,1,1,1,0,0,0,0,0,0,1,1
2008-07-07 13:15:00+00:00,30,7,13,75.7020034790039,52.12541961669922,0,0,0,0,0,0,0,0,1,1,1,1,1,1,1,1,1,0,0,0,0,0,0,0,1
2008-07-07 13:15:00+00:00,30,7,13,68.93262481689453,35.84916687011719,0,0,0,0,0,0,0,0,1,1,1,1,1,1,1,1,1,0,0,0,0,0,1,1,1
2008-07-07 13:15:00+00:00,30,7,13,61.15047836303711,3.0422003269195557,0,0,0,0,0,0,0,0,1,1,1,1,1,1,1,1,1,1,1,1,1,1,1,1,1
2008-07-07 13:15:00+00:00,30,7,13,57.207969665527344,3.0401036739349365,0,0,0,0,0,0,0,1,1,1,1,1,1,1,1,1,1,1,1,1,1,1,1,1,1
2008-07-07 13:30:00+00:00,30,7,13,,158.52430725097656,0,0,0,0,0,0,0,0,0,0,0,0,0,0,0,0,0,0,0,0,0,0,0,0,0
2008-07-07 13:30:00+00:00,30,7,13,219.63079833984375,231.80633544921875,0,0,0,0,0,0,0,0,0,0,0,0,0,0,1,1,1,0,0,0,0,0,0,0,0
2008-07-07 13:30:00+00:00,30,7,13,87.8677978515625,123.39398193359375,0,0,0,0,0,0,0,0,0,1,1,1,1,1,1,1,1,0,0,0,0,0,0,0,0
2008-07-07 13:30:00+00:00,30,7,13,146.24197387695312,311.6319885253906,0,0,0,0,0,0,0,0,0,0,0,1,1,1,1,1,1,0,0,0,0,0,0,0,0
2008-07-07 13:30:00+00:00,30,7,13,173.9503173828125,150.2271270751953,0,0,0,0,0,0,0,0,0,0,0,0,1,1,1,1,1,0,0,0,0,0,0,0,0
2008-07-07 13:30:00+00:00,30,7,13,180.56556701660156,193.70887756347656,0,0,0,0,0,0,0,0,0,0,0,0,0,1,1,1,1,0,0,0,0,0,0,0,0
2008-07-07 13:30:00+00:00,30,7,13,291.3135070800781,354.79998779296875,0,0,0,0,0,0,0,0,0,0,0,0,0,0,0,1,1,0,0,0,0,0,0,0,0
2008-07-07 13:30:00+00:00,30,7,13,,,0,0,0,0,0,0,0,0,0,0,0,0,0,0,0,0,0,0,0,0,0,0,0,0,0
2008-07-07 13:30:00+00:00,30,7,13,154.71127319335938,175.16302490234375,0,0,0,0,0,0,0,0,0,0,0,0,1,1,1,1,1,0,0,0,0,0,0,0,0
2008-07-07 13:30:00+00:00,30,7,13,202.0552978515625,181.1383514404297,0,0,0,0,0,0,0,0,0,0,0,0,0,0,1,1,1,0,0,0,0,0,0,0,0
2008-07-07 13:30:00+00:00,30,7,13,209.78004455566406,192.9378662109375,0,0,0,0,0,0,0,0,0,0,0,0,0,0,1,1,1,0,0,0,0,0,0,0,0
2008-07-07 13:30:00+00:00,30,7,13,310.872802734375,327.7056579589844,0,0,0,0,0,0,0,0,0,0,0,0,0,0,0,0,1,0,0,0,0,0,0,0,0
2008-07-07 13:30:00+00:00,30,7,13,409.9656982421875,467.8887023925781,0,0,0,0,0,0,0,0,0,0,0,0,0,0,0,0,0,0,0,0,0,0,0,0,0
2008-07-07 13:30:00+00:00,30,7,13,323.9757995605469,392.1071472167969,0,0,0,0,0,0,0,0,0,0,0,0,0,0,0,0,1,0,0,0,0,0,0,0,0
2008-07-07 13:30:00+00:00,30,7,13,,7.055036544799805,0,0,0,0,0,0,0,0,0,0,0,0,0,0,0,0,0,1,1,1,1,1,1,1,1
2008-07-07 13:45:00+00:00,30,7,13,280.1316223144531,312.77880859375,0,0,0,0,0,0,0,0,0,0,0,0,0,0,0,1,1,0,0,0,0,0,0,0,0
2008-07-07 13:45:00+00:00,30,7,13,34.94693374633789,9.441306114196777,0,0,0,0,0,1,1,1,1,1,1,1,1,1,1,1,1,1,1,1,1,1,1,1,1
2008-07-07 13:45:00+00:00,30,7,13,305.3246765136719,303.6507263183594,0,0,0,0,0,0,0,0,0,0,0,0,0,0,0,0,1,0,0,0,0,0,0,0,0
2008-07-07 13:45:00+00:00,30,7,13,112.1957778930664,107.79193115234375,0,0,0,0,0,0,0,0,0,0,1,1,1,1,1,1,1,0,0,0,0,0,0,0,0
2008-07-07 13:45:00+00:00,30,7,13,47.404300689697266,0.0,0,0,0,0,0,0,1,1,1,1,1,1,1,1,1,1,1,1,1,1,1,1,1,1,1
2008-07-07 13:45:00+00:00,30,7,13,317.30413818359375,211.5279541015625,0,0,0,0,0,0,0,0,0,0,0,0,0,0,0,0,1,0,0,0,0,0,0,0,0
2008-07-07 13:45:00+00:00,30,7,13,307.586669921875,129.47109985351562,0,0,0,0,0,0,0,0,0,0,0,0,0,0,0,0,1,0,0,0,0,0,0,0,0
2008-07-07 13:45:00+00:00,30,7,13,310.60858154296875,101.58004760742188,0,0,0,0,0,0,0,0,0,0,0,0,0,0,0,0,1,0,0,0,0,0,0,0,0
2008-07-07 13:45:00+00:00,30,7,13,,,0,0,0,0,0,0,0,0,0,0,0,0,0,0,0,0,0,0,0,0,0,0,0,0,0
2008-07-07 13:45:00+00:00,30,7,13,,,0,0,0,0,0,0,0,0,0,0,0,0,0,0,0,0,0,0,0,0,0,0,0,0,0
2008-07-07 14:00:00+00:00,30,7,14,127.33067321777344,102.51187133789062,0,0,0,0,0,0,0,0,0,0,0,1,1,1,1,1,1,0,0,0,0,0,0,0,0
2008-07-07 14:00:00+00:00,30,7,14,164.11685180664062,111.07621765136719,0,0,0,0,0,0,0,0,0,0,0,0,1,1,1,1,1,0,0,0,0,0,0,0,0
2008-07-07 14:00:00+00:00,30,7,14,,,0,0,0,0,0,0,0,0,0,0,0,0,0,0,0,0,0,0,0,0,0,0,0,0,0
2008-07-07 14:00:00+00:00,30,7,14,247.4562530517578,226.76931762695312,0,0,0,0,0,0,0,0,0,0,0,0,0,0,1,1,1,0,0,0,0,0,0,0,0
2008-07-07 14:00:00+00:00,30,7,14,334.3694152832031,326.64508056640625,0,0,0,0,0,0,0,0,0,0,0,0,0,0,0,0,1,0,0,0,0,0,0,0,0
2008-07-07 14:00:00+00:00,30,7,14,,343.4410095214844,0,0,0,0,0,0,0,0,0,0,0,0,0,0,0,0,0,0,0,0,0,0,0,0,0
2008-07-07 14:00:00+00:00,30,7,14,24.646841049194336,0.0,0,0,0,1,1,1,1,1,1,1,1,1,1,1,1,1,1,1,1,1,1,1,1,1,1
2008-07-07 14:00:00+00:00,30,7,14,,,0,0,0,0,0,0,0,0,0,0,0,0,0,0,0,0,0,0,0,0,0,0,0,0,0
2008-07-07 14:15:00+00:00,30,7,14,,,0,0,0,0,0,0,0,0,0,0,0,0,0,0,0,0,0,0,0,0,0,0,0,0,0
2008-07-07 14:15:00+00:00,30,7,14,184.2520751953125,190.85232543945312,0,0,0,0,0,0,0,0,0,0,0,0,0,1,1,1,1,0,0,0,0,0,0,0,0
2008-07-07 14:15:00+00:00,30,7,14,,,0,0,0,0,0,0,0,0,0,0,0,0,0,0,0,0,0,0,0,0,0,0,0,0,0
2008-07-07 14:15:00+00:00,30,7,14,399.1358947753906,402.02947998046875,0,0,0,0,0,0,0,0,0,0,0,0,0,0,0,0,0,0,0,0,0,0,0,0,0
2008-07-07 14:15:00+00:00,30,7,14,122.4096450805664,137.36651611328125,0,0,0,0,0,0,0,0,0,0,0,1,1,1,1,1,1,0,0,0,0,0,0,0,0
2008-07-07 14:15:00+00:00,30,7,14,58.594791412353516,180.6332550048828,0,0,0,0,0,0,0,1,1,1,1,1,1,1,1,1,1,0,0,0,0,0,0,0,0
2008-07-07 14:15:00+00:00,30,7,14,152.18698120117188,95.12641906738281,0,0,0,0,0,0,0,0,0,0,0,0,1,1,1,1,1,0,0,0,0,0,0,0,0
2008-07-07 14:30:00+00:00,30,7,14,300.37451171875,210.1376495361328,0,0,0,0,0,0,0,0,0,0,0,0,0,0,0,0,1,0,0,0,0,0,0,0,0
2008-07-07 14:30:00+00:00,30,7,14,190.12066650390625,150.92059326171875,0,0,0,0,0,0,0,0,0,0,0,0,0,1,1,1,1,0,0,0,0,0,0,0,0
2008-07-07 14:30:00+00:00,30,7,14,144.80116271972656,143.3243408203125,0,0,0,0,0,0,0,0,0,0,0,1,1,1,1,1,1,0,0,0,0,0,0,0,0
2008-07-07 14:30:00+00:00,30,7,14,371.7480773925781,352.98150634765625,0,0,0,0,0,0,0,0,0,0,0,0,0,0,0,0,0,0,0,0,0,0,0,0,0
2008-07-07 14:30:00+00:00,30,7,14,125.35327911376953,125.20538330078125,0,0,0,0,0,0,0,0,0,0,0,1,1,1,1,1,1,0,0,0,0,0,0,0,0
2008-07-07 14:30:00+00:00,30,7,14,44.242401123046875,0.0,0,0,0,0,0,0,1,1,1,1,1,1,1,1,1,1,1,1,1,1,1,1,1,1,1
2008-07-07 14:30:00+00:00,30,7,14,74.75716400146484,30.378339767456055,0,0,0,0,0,0,0,0,1,1,1,1,1,1,1,1,1,0,0,0,0,0,1,1,1
2008-07-07 14:30:00+00:00,30,7,14,111.8439712524414,0.0,0,0,0,0,0,0,0,0,0,0,1,1,1,1,1,1,1,1,1,1,1,1,1,1,1
2008-07-07 14:30:00+00:00,30,7,14,247.9482421875,11.164093017578125,0,0,0,0,0,0,0,0,0,0,0,0,0,0,1,1,1,0,1,1,1,1,1,1,1
2008-07-07 14:30:00+00:00,30,7,14,346.22491455078125,0.0,0,0,0,0,0,0,0,0,0,0,0,0,0,0,0,0,1,1,1,1,1,1,1,1,1
2008-07-07 14:30:00+00:00,30,7,14,210.89981079101562,16.607223510742188,0,0,0,0,0,0,0,0,0,0,0,0,0,0,1,1,1,0,0,1,1,1,1,1,1
2008-07-07 14:30:00+00:00,30,7,14,207.40447998046875,206.05027770996094,0,0,0,0,0,0,0,0,0,0,0,0,0,0,1,1,1,0,0,0,0,0,0,0,0
2008-07-07 14:45:00+00:00,30,7,14,,,0,0,0,0,0,0,0,0,0,0,0,0,0,0,0,0,0,0,0,0,0,0,0,0,0
2008-07-07 14:45:00+00:00,30,7,14,,,0,0,0,0,0,0,0,0,0,0,0,0,0,0,0,0,0,0,0,0,0,0,0,0,0
2008-07-07 14:45:00+00:00,30,7,14,242.27967834472656,234.6654052734375,0,0,0,0,0,0,0,0,0,0,0,0,0,0,1,1,1,0,0,0,0,0,0,0,0
2008-07-07 14:45:00+00:00,30,7,14,,,0,0,0,0,0,0,0,0,0,0,0,0,0,0,0,0,0,0,0,0,0,0,0,0,0
2008-07-07 14:45:00+00:00,30,7,14,207.9380340576172,183.10519409179688,0,0,0,0,0,0,0,0,0,0,0,0,0,0,1,1,1,0,0,0,0,0,0,0,0
2008-07-07 14:45:00+00:00,30,7,14,63.13228225708008,56.83271408081055,0,0,0,0,0,0,0,0,1,1,1,1,1,1,1,1,1,0,0,0,0,0,0,0,1
2008-07-07 14:45:00+00:00,30,7,14,114.87626647949219,12.102489471435547,0,0,0,0,0,0,0,0,0,0,1,1,1,1,1,1,1,0,1,1,1,1,1,1,1
2008-07-07 15:00:00+00:00,30,7,15,,,0,0,0,0,0,0,0,0,0,0,0,0,0,0,0,0,0,0,0,0,0,0,0,0,0
2008-07-07 15:00:00+00:00,30,7,15,,339.6351623535156,0,0,0,0,0,0,0,0,0,0,0,0,0,0,0,0,0,0,0,0,0,0,0,0,0
2008-07-07 15:00:00+00:00,30,7,15,367.4851379394531,368.6847839355469,0,0,0,0,0,0,0,0,0,0,0,0,0,0,0,0,0,0,0,0,0,0,0,0,0
2008-07-07 15:00:00+00:00,30,7,15,99.49974060058594,9.365005493164062,0,0,0,0,0,0,0,0,0,1,1,1,1,1,1,1,1,1,1,1,1,1,1,1,1
2008-07-07 15:00:00+00:00,30,7,15,34.046810150146484,226.60169982910156,0,0,0,0,0,1,1,1,1,1,1,1,1,1,1,1,1,0,0,0,0,0,0,0,0
2008-07-07 15:00:00+00:00,30,7,15,98.4405746459961,118.16136169433594,0,0,0,0,0,0,0,0,0,1,1,1,1,1,1,1,1,0,0,0,0,0,0,0,0
2008-07-07 15:00:00+00:00,30,7,15,131.54855346679688,117.82626342773438,0,0,0,0,0,0,0,0,0,0,0,1,1,1,1,1,1,0,0,0,0,0,0,0,0
2008-07-07 15:00:00+00:00,30,7,15,238.75140380859375,226.39141845703125,0,0,0,0,0,0,0,0,0,0,0,0,0,0,1,1,1,0,0,0,0,0,0,0,0
2008-07-07 15:00:00+00:00,30,7,15,220.92112731933594,206.02023315429688,0,0,0,0,0,0,0,0,0,0,0,0,0,0,1,1,1,0,0,0,0,0,0,0,0
2008-07-07 15:00:00+00:00,30,7,15,491.70855712890625,549.8436889648438,0,0,0,0,0,0,0,0,0,0,0,0,0,0,0,0,0,0,0,0,0,0,0,0,0
2008-07-07 15:00:00+00:00,30,7,15,58.982398986816406,7.995510101318359,0,0,0,0,0,0,0,1,1,1,1,1,1,1,1,1,1,1,1,1,1,1,1,1,1
2008-07-07 15:00:00+00:00,30,7,15,98.1899642944336,,0,0,0,0,0,0,0,0,0,1,1,1,1,1,1,1,1,0,0,0,0,0,0,0,0
2008-07-07 15:00:00+00:00,30,7,15,59.107078552246094,42.73165512084961,0,0,0,0,0,0,0,1,1,1,1,1,1,1,1,1,1,0,0,0,0,0,0,1,1
2008-07-07 15:00:00+00:00,30,7,15,53.50613784790039,25.80841827392578,0,0,0,0,0,0,0,1,1,1,1,1,1,1,1,1,1,0,0,0,0,1,1,1,1
2008-07-07 15:00:00+00:00,30,7,15,75.70733642578125,72.68024444580078,0,0,0,0,0,0,0,0,1,1,1,1,1,1,1,1,1,0,0,0,0,0,0,0,0
2008-07-07 15:00:00+00:00,30,7,15,77.50556945800781,78.64530944824219,0,0,0,0,0,0,0,0,1,1,1,1,1,1,1,1,1,0,0,0,0,0,0,0,0
2008-07-07 15:15:00+00:00,30,7,15,,,0,0,0,0,0,0,0,0,0,0,0,0,0,0,0,0,0,0,0,0,0,0,0,0,0
2008-07-07 15:15:00+00:00,30,7,15,,,0,0,0,0,0,0,0,0,0,0,0,0,0,0,0,0,0,0,0,0,0,0,0,0,0
2008-07-07 15:15:00+00:00,30,7,15,,,0,0,0,0,0,0,0,0,0,0,0,0,0,0,0,0,0,0,0,0,0,0,0,0,0
2008-07-07 15:15:00+00:00,30,7,15,397.7810974121094,141.1014404296875,0,0,0,0,0,0,0,0,0,0,0,0,0,0,0,0,0,0,0,0,0,0,0,0,0
2008-07-07 15:15:00+00:00,30,7,15,199.79824829101562,206.1491241455078,0,0,0,0,0,0,0,0,0,0,0,0,0,1,1,1,1,0,0,0,0,0,0,0,0
2008-07-07 15:15:00+00:00,30,7,15,247.82330322265625,214.64381408691406,0,0,0,0,0,0,0,0,0,0,0,0,0,0,1,1,1,0,0,0,0,0,0,0,0
2008-07-07 15:15:00+00:00,30,7,15,161.61436462402344,93.21702575683594,0,0,0,0,0,0,0,0,0,0,0,0,1,1,1,1,1,0,0,0,0,0,0,0,0
2008-07-07 15:15:00+00:00,30,7,15,51.94792556762695,68.32542419433594,0,0,0,0,0,0,0,1,1,1,1,1,1,1,1,1,1,0,0,0,0,0,0,0,0
2008-07-07 15:15:00+00:00,30,7,15,151.89988708496094,36.88367462158203,0,0,0,0,0,0,0,0,0,0,0,0,1,1,1,1,1,0,0,0,0,0,1,1,1
2008-07-07 15:15:00+00:00,30,7,15,135.79786682128906,0.0,0,0,0,0,0,0,0,0,0,0,0,1,1,1,1,1,1,1,1,1,1,1,1,1,1
2008-07-07 15:15:00+00:00,30,7,15,140.63595581054688,63.386810302734375,0,0,0,0,0,0,0,0,0,0,0,1,1,1,1,1,1,0,0,0,0,0,0,0,0
2008-07-07 15:15:00+00:00,30,7,15,62.66460037231445,39.14815139770508,0,0,0,0,0,0,0,0,1,1,1,1,1,1,1,1,1,0,0,0,0,0,1,1,1
2008-07-07 15:15:00+00:00,30,7,15,75.2943115234375,62.805850982666016,0,0,0,0,0,0,0,0,1,1,1,1,1,1,1,1,1,0,0,0,0,0,0,0,0
2008-07-07 15:15:00+00:00,30,7,15,91.63800811767578,100.69924926757812,0,0,0,0,0,0,0,0,0,1,1,1,1,1,1,1,1,0,0,0,0,0,0,0,0
2008-07-07 15:15:00+00:00,30,7,15,63.9026985168457,51.539119720458984,0,0,0,0,0,0,0,0,1,1,1,1,1,1,1,1,1,0,0,0,0,0,0,0,1
2008-07-07 15:15:00+00:00,30,7,15,92.89535522460938,80.93651580810547,0,0,0,0,0,0,0,0,0,1,1,1,1,1,1,1,1,0,0,0,0,0,0,0,0
2008-07-07 15:30:00+00:00,30,7,15,,,0,0,0,0,0,0,0,0,0,0,0,0,0,0,0,0,0,0,0,0,0,0,0,0,0
2008-07-07 15:30:00+00:00,30,7,15,,,0,0,0,0,0,0,0,0,0,0,0,0,0,0,0,0,0,0,0,0,0,0,0,0,0
2008-07-07 15:30:00+00:00,30,7,15,,,0,0,0,0,0,0,0,0,0,0,0,0,0,0,0,0,0,0,0,0,0,0,0,0,0
2008-07-07 15:30:00+00:00,30,7,15,,,0,0,0,0,0,0,0,0,0,0,0,0,0,0,0,0,0,0,0,0,0,0,0,0,0
2008-07-07 15:30:00+00:00,30,7,15,345.3044128417969,328.6532287597656,0,0,0,0,0,0,0,0,0,0,0,0,0,0,0,0,1,0,0,0,0,0,0,0,0
2008-07-07 15:30:00+00:00,30,7,15,200.2923583984375,223.75381469726562,0,0,0,0,0,0,0,0,0,0,0,0,0,0,1,1,1,0,0,0,0,0,0,0,0
2008-07-07 15:30:00+00:00,30,7,15,369.3917236328125,396.65081787109375,0,0,0,0,0,0,0,0,0,0,0,0,0,0,0,0,0,0,0,0,0,0,0,0,0
2008-07-07 15:30:00+00:00,30,7,15,302.2957763671875,364.4232482910156,0,0,0,0,0,0,0,0,0,0,0,0,0,0,0,0,1,0,0,0,0,0,0,0,0
2008-07-07 15:30:00+00:00,30,7,15,106.77201080322266,85.07511901855469,0,0,0,0,0,0,0,0,0,0,1,1,1,1,1,1,1,0,0,0,0,0,0,0,0
2008-07-07 15:30:00+00:00,30,7,15,199.0601043701172,211.9442138671875,0,0,0,0,0,0,0,0,0,0,0,0,0,1,1,1,1,0,0,0,0,0,0,0,0
2008-07-07 15:30:00+00:00,30,7,15,51.62705612182617,51.922203063964844,0,0,0,0,0,0,0,1,1,1,1,1,1,1,1,1,1,0,0,0,0,0,0,0,1
2008-07-07 15:30:00+00:00,30,7,15,47.21903610229492,32.13054656982422,0,0,0,0,0,0,1,1,1,1,1,1,1,1,1,1,1,0,0,0,0,0,1,1,1
2008-07-07 15:30:00+00:00,30,7,15,21.590513229370117,0.0,0,0,0,1,1,1,1,1,1,1,1,1,1,1,1,1,1,1,1,1,1,1,1,1,1
2008-07-07 15:30:00+00:00,30,7,15,70.62716674804688,87.1044921875,0,0,0,0,0,0,0,0,1,1,1,1,1,1,1,1,1,0,0,0,0,0,0,0,0
2008-07-07 15:30:00+00:00,30,7,15,97.44821166992188,77.4305648803711,0,0,0,0,0,0,0,0,0,1,1,1,1,1,1,1,1,0,0,0,0,0,0,0,0
2008-07-07 15:30:00+00:00,30,7,15,85.79977416992188,85.79977416992188,0,0,0,0,0,0,0,0,0,1,1,1,1,1,1,1,1,0,0,0,0,0,0,0,0
2008-07-07 15:30:00+00:00,30,7,15,130.5699920654297,102.39874267578125,0,0,0,0,0,0,0,0,0,0,0,1,1,1,1,1,1,0,0,0,0,0,0,0,0
2008-07-07 15:45:00+00:00,30,7,15,,,0,0,0,0,0,0,0,0,0,0,0,0,0,0,0,0,0,0,0,0,0,0,0,0,0
2008-07-07 15:45:00+00:00,30,7,15,,,0,0,0,0,0,0,0,0,0,0,0,0,0,0,0,0,0,0,0,0,0,0,0,0,0
2008-07-07 15:45:00+00:00,30,7,15,219.84596252441406,240.59727478027344,0,0,0,0,0,0,0,0,0,0,0,0,0,0,1,1,1,0,0,0,0,0,0,0,0
2008-07-07 15:45:00+00:00,30,7,15,137.34446716308594,191.695068359375,0,0,0,0,0,0,0,0,0,0,0,1,1,1,1,1,1,0,0,0,0,0,0,0,0
2008-07-07 15:45:00+00:00,30,7,15,,104.35480499267578,0,0,0,0,0,0,0,0,0,0,0,0,0,0,0,0,0,0,0,0,0,0,0,0,0
2008-07-07 15:45:00+00:00,30,7,15,325.02911376953125,9.601584434509277,0,0,0,0,0,0,0,0,0,0,0,0,0,0,0,0,1,1,1,1,1,1,1,1,1
2008-07-07 15:45:00+00:00,30,7,15,124.4060287475586,109.99545288085938,0,0,0,0,0,0,0,0,0,0,0,1,1,1,1,1,1,0,0,0,0,0,0,0,0
2008-07-07 15:45:00+00:00,30,7,15,96.49906158447266,92.3522720336914,0,0,0,0,0,0,0,0,0,1,1,1,1,1,1,1,1,0,0,0,0,0,0,0,0
2008-07-07 15:45:00+00:00,30,7,15,101.78013610839844,103.36814880371094,0,0,0,0,0,0,0,0,0,0,1,1,1,1,1,1,1,0,0,0,0,0,0,0,0
2008-07-07 15:45:00+00:00,30,7,15,94.46831512451172,61.9806022644043,0,0,0,0,0,0,0,0,0,1,1,1,1,1,1,1,1,0,0,0,0,0,0,0,0
2008-07-07 15:45:00+00:00,30,7,15,124.86402893066406,86.51206970214844,0,0,0,0,0,0,0,0,0,0,0,1,1,1,1,1,1,0,0,0,0,0,0,0,0
2008-07-07 15:45:00+00:00,30,7,15,149.44737243652344,145.97422790527344,0,0,0,0,0,0,0,0,0,0,0,1,1,1,1,1,1,0,0,0,0,0,0,0,0
2008-07-07 16:00:00+00:00,30,7,16,,,0,0,0,0,0,0,0,0,0,0,0,0,0,0,0,0,0,0,0,0,0,0,0,0,0
2008-07-07 16:00:00+00:00,30,7,16,,,0,0,0,0,0,0,0,0,0,0,0,0,0,0,0,0,0,0,0,0,0,0,0,0,0
2008-07-07 16:00:00+00:00,30,7,16,387.2420654296875,372.7773132324219,0,0,0,0,0,0,0,0,0,0,0,0,0,0,0,0,0,0,0,0,0,0,0,0,0
2008-07-07 16:00:00+00:00,30,7,16,192.252685546875,247.19537353515625,0,0,0,0,0,0,0,0,0,0,0,0,0,1,1,1,1,0,0,0,0,0,0,0,0
2008-07-07 16:00:00+00:00,30,7,16,218.6002197265625,243.6073455810547,0,0,0,0,0,0,0,0,0,0,0,0,0,0,1,1,1,0,0,0,0,0,0,0,0
2008-07-07 16:00:00+00:00,30,7,16,198.19012451171875,369.7366638183594,0,0,0,0,0,0,0,0,0,0,0,0,0,1,1,1,1,0,0,0,0,0,0,0,0
2008-07-07 16:00:00+00:00,30,7,16,327.22515869140625,348.255126953125,0,0,0,0,0,0,0,0,0,0,0,0,0,0,0,0,1,0,0,0,0,0,0,0,0
2008-07-07 16:00:00+00:00,30,7,16,166.6256103515625,288.93988037109375,0,0,0,0,0,0,0,0,0,0,0,0,1,1,1,1,1,0,0,0,0,0,0,0,0
2008-07-07 16:00:00+00:00,30,7,16,137.85899353027344,134.76145935058594,0,0,0,0,0,0,0,0,0,0,0,1,1,1,1,1,1,0,0,0,0,0,0,0,0
2008-07-07 16:00:00+00:00,30,7,16,204.41885375976562,192.34048461914062,0,0,0,0,0,0,0,0,0,0,0,0,0,0,1,1,1,0,0,0,0,0,0,0,0
2008-07-07 16:00:00+00:00,30,7,16,210.8072052001953,193.75022888183594,0,0,0,0,0,0,0,0,0,0,0,0,0,0,1,1,1,0,0,0,0,0,0,0,0
2008-07-07 16:00:00+00:00,30,7,16,153.0830535888672,147.26068115234375,0,0,0,0,0,0,0,0,0,0,0,0,1,1,1,1,1,0,0,0,0,0,0,0,0
2008-07-07 16:00:00+00:00,30,7,16,148.3820037841797,153.345458984375,0,0,0,0,0,0,0,0,0,0,0,1,1,1,1,1,1,0,0,0,0,0,0,0,0
2008-07-07 16:00:00+00:00,30,7,16,64.10348510742188,51.01957702636719,0,0,0,0,0,0,0,0,1,1,1,1,1,1,1,1,1,0,0,0,0,0,0,0,1
2008-07-07 16:00:00+00:00,30,7,16,342.432373046875,332.95953369140625,0,0,0,0,0,0,0,0,0,0,0,0,0,0,0,0,1,0,0,0,0,0,0,0,0
2008-07-07 16:00:00+00:00,30,7,16,112.75946807861328,43.72354507446289,0,0,0,0,0,0,0,0,0,0,1,1,1,1,1,1,1,0,0,0,0,0,0,1,1
2008-07-07 16:00:00+00:00,30,7,16,128.11985778808594,143.34068298339844,0,0,0,0,0,0,0,0,0,0,0,1,1,1,1,1,1,0,0,0,0,0,0,0,0
2008-07-07 16:15:00+00:00,30,7,16,,,0,0,0,0,0,0,0,0,0,0,0,0,0,0,0,0,0,0,0,0,0,0,0,0,0
2008-07-07 16:15:00+00:00,30,7,16,125.6679458618164,121.9087905883789,0,0,0,0,0,0,0,0,0,0,0,1,1,1,1,1,1,0,0,0,0,0,0,0,0
2008-07-07 16:15:00+00:00,30,7,16,345.6916809082031,349.8311767578125,0,0,0,0,0,0,0,0,0,0,0,0,0,0,0,0,1,0,0,0,0,0,0,0,0
2008-07-07 16:15:00+00:00,30,7,16,171.08082580566406,9.60526180267334,0,0,0,0,0,0,0,0,0,0,0,0,1,1,1,1,1,1,1,1,1,1,1,1,1
2008-07-07 16:15:00+00:00,30,7,16,270.2878723144531,290.4468688964844,0,0,0,0,0,0,0,0,0,0,0,0,0,0,0,1,1,0,0,0,0,0,0,0,0
2008-07-07 16:15:00+00:00,30,7,16,299.90850830078125,274.61175537109375,0,0,0,0,0,0,0,0,0,0,0,0,0,0,0,1,1,0,0,0,0,0,0,0,0
2008-07-07 16:15:00+00:00,30,7,16,195.24705505371094,205.0454864501953,0,0,0,0,0,0,0,0,0,0,0,0,0,1,1,1,1,0,0,0,0,0,0,0,0
2008-07-07 16:15:00+00:00,30,7,16,172.95986938476562,172.32579040527344,0,0,0,0,0,0,0,0,0,0,0,0,1,1,1,1,1,0,0,0,0,0,0,0,0
2008-07-07 16:15:00+00:00,30,7,16,161.568359375,171.24984741210938,0,0,0,0,0,0,0,0,0,0,0,0,1,1,1,1,1,0,0,0,0,0,0,0,0
2008-07-07 16:15:00+00:00,30,7,16,367.52978515625,366.24749755859375,0,0,0,0,0,0,0,0,0,0,0,0,0,0,0,0,0,0,0,0,0,0,0,0,0
2008-07-07 16:15:00+00:00,30,7,16,89.52332305908203,162.57119750976562,0,0,0,0,0,0,0,0,0,1,1,1,1,1,1,1,1,0,0,0,0,0,0,0,0
2008-07-07 16:30:00+00:00,30,7,16,,,0,0,0,0,0,0,0,0,0,0,0,0,0,0,0,0,0,0,0,0,0,0,0,0,0
2008-07-07 16:30:00+00:00,30,7,16,,,0,0,0,0,0,0,0,0,0,0,0,0,0,0,0,0,0,0,0,0,0,0,0,0,0
2008-07-07 16:30:00+00:00,30,7,16,454.9134216308594,398.3424377441406,0,0,0,0,0,0,0,0,0,0,0,0,0,0,0,0,0,0,0,0,0,0,0,0,0
2008-07-07 16:30:00+00:00,30,7,16,62.544288635253906,45.38705825805664,0,0,0,0,0,0,0,0,1,1,1,1,1,1,1,1,1,0,0,0,0,0,0,1,1
2008-07-07 16:30:00+00:00,30,7,16,47.0841178894043,136.8822479248047,0,0,0,0,0,0,1,1,1,1,1,1,1,1,1,1,1,0,0,0,0,0,0,0,0
2008-07-07 16:30:00+00:00,30,7,16,125.3888931274414,69.07205200195312,0,0,0,0,0,0,0,0,0,0,0,1,1,1,1,1,1,0,0,0,0,0,0,0,0
2008-07-07 16:30:00+00:00,30,7,16,332.05712890625,340.7272033691406,0,0,0,0,0,0,0,0,0,0,0,0,0,0,0,0,1,0,0,0,0,0,0,0,0
2008-07-07 16:30:00+00:00,30,7,16,119.04752349853516,132.1666259765625,0,0,0,0,0,0,0,0,0,0,1,1,1,1,1,1,1,0,0,0,0,0,0,0,0
2008-07-07 16:30:00+00:00,30,7,16,198.5086669921875,212.7902374267578,0,0,0,0,0,0,0,0,0,0,0,0,0,1,1,1,1,0,0,0,0,0,0,0,0
2008-07-07 16:30:00+00:00,30,7,16,175.49363708496094,153.39707946777344,0,0,0,0,0,0,0,0,0,0,0,0,1,1,1,1,1,0,0,0,0,0,0,0,0
2008-07-07 16:30:00+00:00,30,7,16,255.42019653320312,230.65591430664062,0,0,0,0,0,0,0,0,0,0,0,0,0,0,0,1,1,0,0,0,0,0,0,0,0
2008-07-07 16:45:00+00:00,30,7,16,,,0,0,0,0,0,0,0,0,0,0,0,0,0,0,0,0,0,0,0,0,0,0,0,0,0
2008-07-07 16:45:00+00:00,30,7,16,,,0,0,0,0,0,0,0,0,0,0,0,0,0,0,0,0,0,0,0,0,0,0,0,0,0
2008-07-07 16:45:00+00:00,30,7,16,,,0,0,0,0,0,0,0,0,0,0,0,0,0,0,0,0,0,0,0,0,0,0,0,0,0
2008-07-07 16:45:00+00:00,30,7,16,248.09959411621094,246.37120056152344,0,0,0,0,0,0,0,0,0,0,0,0,0,0,1,1,1,0,0,0,0,0,0,0,0
2008-07-07 16:45:00+00:00,30,7,16,315.49737548828125,354.3741149902344,0,0,0,0,0,0,0,0,0,0,0,0,0,0,0,0,1,0,0,0,0,0,0,0,0
2008-07-07 16:45:00+00:00,30,7,16,274.9544372558594,267.1782531738281,0,0,0,0,0,0,0,0,0,0,0,0,0,0,0,1,1,0,0,0,0,0,0,0,0
2008-07-07 16:45:00+00:00,30,7,16,226.9695281982422,202.2558135986328,0,0,0,0,0,0,0,0,0,0,0,0,0,0,1,1,1,0,0,0,0,0,0,0,0
2008-07-07 16:45:00+00:00,30,7,16,239.51889038085938,221.58926391601562,0,0,0,0,0,0,0,0,0,0,0,0,0,0,1,1,1,0,0,0,0,0,0,0,0
2008-07-07 16:45:00+00:00,30,7,16,228.30723571777344,217.79315185546875,0,0,0,0,0,0,0,0,0,0,0,0,0,0,1,1,1,0,0,0,0,0,0,0,0
2008-07-07 16:45:00+00:00,30,7,16,186.08566284179688,151.06011962890625,0,0,0,0,0,0,0,0,0,0,0,0,0,1,1,1,1,0,0,0,0,0,0,0,0
2008-07-07 17:00:00+00:00,30,7,17,,,0,0,0,0,0,0,0,0,0,0,0,0,0,0,0,0,0,0,0,0,0,0,0,0,0
2008-07-07 17:00:00+00:00,30,7,17,121.51634216308594,,0,0,0,0,0,0,0,0,0,0,0,1,1,1,1,1,1,0,0,0,0,0,0,0,0
2008-07-07 17:00:00+00:00,30,7,17,92.53849792480469,,0,0,0,0,0,0,0,0,0,1,1,1,1,1,1,1,1,0,0,0,0,0,0,0,0
2008-07-07 17:00:00+00:00,30,7,17,54.686065673828125,80.89718627929688,0,0,0,0,0,0,0,1,1,1,1,1,1,1,1,1,1,0,0,0,0,0,0,0,0
2008-07-07 17:00:00+00:00,30,7,17,145.44911193847656,133.1682891845703,0,0,0,0,0,0,0,0,0,0,0,1,1,1,1,1,1,0,0,0,0,0,0,0,0
2008-07-07 17:00:00+00:00,30,7,17,102.72952270507812,9.613431930541992,0,0,0,0,0,0,0,0,0,0,1,1,1,1,1,1,1,1,1,1,1,1,1,1,1
2008-07-07 17:00:00+00:00,30,7,17,105.01200103759766,28.552766799926758,0,0,0,0,0,0,0,0,0,0,1,1,1,1,1,1,1,0,0,0,0,1,1,1,1
2008-07-07 17:15:00+00:00,30,7,17,,,0,0,0,0,0,0,0,0,0,0,0,0,0,0,0,0,0,0,0,0,0,0,0,0,0
2008-07-07 17:15:00+00:00,30,7,17,129.69329833984375,125.50360870361328,0,0,0,0,0,0,0,0,0,0,0,1,1,1,1,1,1,0,0,0,0,0,0,0,0
2008-07-07 17:15:00+00:00,30,7,17,237.6342315673828,6.011885643005371,0,0,0,0,0,0,0,0,0,0,0,0,0,0,1,1,1,1,1,1,1,1,1,1,1
2008-07-07 17:15:00+00:00,30,7,17,65.1784439086914,57.897193908691406,0,0,0,0,0,0,0,0,1,1,1,1,1,1,1,1,1,0,0,0,0,0,0,0,1
2008-07-07 17:15:00+00:00,30,7,17,100.50944519042969,86.92488098144531,0,0,0,0,0,0,0,0,0,0,1,1,1,1,1,1,1,0,0,0,0,0,0,0,0
2008-07-07 17:15:00+00:00,30,7,17,58.32007598876953,69.5921630859375,0,0,0,0,0,0,0,1,1,1,1,1,1,1,1,1,1,0,0,0,0,0,0,0,0
2008-07-07 17:30:00+00:00,30,7,17,377.013916015625,384.2406921386719,0,0,0,0,0,0,0,0,0,0,0,0,0,0,0,0,0,0,0,0,0,0,0,0,0
2008-07-07 17:30:00+00:00,30,7,17,134.42111206054688,147.40231323242188,0,0,0,0,0,0,0,0,0,0,0,1,1,1,1,1,1,0,0,0,0,0,0,0,0
2008-07-07 17:30:00+00:00,30,7,17,166.669189453125,179.4814910888672,0,0,0,0,0,0,0,0,0,0,0,0,1,1,1,1,1,0,0,0,0,0,0,0,0
2008-07-07 17:30:00+00:00,30,7,17,152.68142700195312,124.48271942138672,0,0,0,0,0,0,0,0,0,0,0,0,1,1,1,1,1,0,0,0,0,0,0,0,0
2008-07-07 17:30:00+00:00,30,7,17,64.5619888305664,77.96886444091797,0,0,0,0,0,0,0,0,1,1,1,1,1,1,1,1,1,0,0,0,0,0,0,0,0
2008-07-07 17:30:00+00:00,30,7,17,63.87785720825195,60.79404830932617,0,0,0,0,0,0,0,0,1,1,1,1,1,1,1,1,1,0,0,0,0,0,0,0,0
2008-07-07 17:30:00+00:00,30,7,17,406.1501159667969,299.8457336425781,0,0,0,0,0,0,0,0,0,0,0,0,0,0,0,0,0,0,0,0,0,0,0,0,0
2008-07-07 17:45:00+00:00,30,7,17,,,0,0,0,0,0,0,0,0,0,0,0,0,0,0,0,0,0,0,0,0,0,0,0,0,0
2008-07-07 17:45:00+00:00,30,7,17,,,0,0,0,0,0,0,0,0,0,0,0,0,0,0,0,0,0,0,0,0,0,0,0,0,0
2008-07-07 17:45:00+00:00,30,7,17,,,0,0,0,0,0,0,0,0,0,0,0,0,0,0,0,0,0,0,0,0,0,0,0,0,0
2008-07-07 17:45:00+00:00,30,7,17,83.28157806396484,126.18299865722656,0,0,0,0,0,0,0,0,0,1,1,1,1,1,1,1,1,0,0,0,0,0,0,0,0
2008-07-07 17:45:00+00:00,30,7,17,30.733753204345703,20.465290069580078,0,0,0,0,0,1,1,1,1,1,1,1,1,1,1,1,1,0,0,0,1,1,1,1,1
2008-07-08 10:00:00+00:00,30,7,10,,,0,0,0,0,0,0,0,0,0,0,0,0,0,0,0,0,0,0,0,0,0,0,0,0,0
2008-07-08 10:00:00+00:00,30,7,10,491.51019287109375,457.1936950683594,0,0,0,0,0,0,0,0,0,0,0,0,0,0,0,0,0,0,0,0,0,0,0,0,0
2008-07-08 10:00:00+00:00,30,7,10,109.62210083007812,0.0,0,0,0,0,0,0,0,0,0,0,1,1,1,1,1,1,1,1,1,1,1,1,1,1,1
2008-07-08 10:15:00+00:00,30,7,10,,,0,0,0,0,0,0,0,0,0,0,0,0,0,0,0,0,0,0,0,0,0,0,0,0,0
2008-07-08 10:15:00+00:00,30,7,10,31.545625686645508,4.380563259124756,0,0,0,0,0,1,1,1,1,1,1,1,1,1,1,1,1,1,1,1,1,1,1,1,1
2008-07-08 10:15:00+00:00,30,7,10,,,0,0,0,0,0,0,0,0,0,0,0,0,0,0,0,0,0,0,0,0,0,0,0,0,0
2008-07-08 10:15:00+00:00,30,7,10,47.55475616455078,0.0,0,0,0,0,0,0,1,1,1,1,1,1,1,1,1,1,1,1,1,1,1,1,1,1,1
2008-07-08 10:30:00+00:00,30,7,10,,,0,0,0,0,0,0,0,0,0,0,0,0,0,0,0,0,0,0,0,0,0,0,0,0,0
2008-07-08 10:30:00+00:00,30,7,10,,,0,0,0,0,0,0,0,0,0,0,0,0,0,0,0,0,0,0,0,0,0,0,0,0,0
2008-07-08 10:30:00+00:00,30,7,10,61.834468841552734,58.66889190673828,0,0,0,0,0,0,0,0,1,1,1,1,1,1,1,1,1,0,0,0,0,0,0,0,1
2008-07-08 10:30:00+00:00,30,7,10,,,0,0,0,0,0,0,0,0,0,0,0,0,0,0,0,0,0,0,0,0,0,0,0,0,0
2008-07-08 10:30:00+00:00,30,7,10,,,0,0,0,0,0,0,0,0,0,0,0,0,0,0,0,0,0,0,0,0,0,0,0,0,0
2008-07-08 10:30:00+00:00,30,7,10,,,0,0,0,0,0,0,0,0,0,0,0,0,0,0,0,0,0,0,0,0,0,0,0,0,0
2008-07-08 10:45:00+00:00,30,7,10,,,0,0,0,0,0,0,0,0,0,0,0,0,0,0,0,0,0,0,0,0,0,0,0,0,0
2008-07-08 10:45:00+00:00,30,7,10,,,0,0,0,0,0,0,0,0,0,0,0,0,0,0,0,0,0,0,0,0,0,0,0,0,0
2008-07-08 10:45:00+00:00,30,7,10,,,0,0,0,0,0,0,0,0,0,0,0,0,0,0,0,0,0,0,0,0,0,0,0,0,0
2008-07-08 10:45:00+00:00,30,7,10,88.30432891845703,61.832759857177734,0,0,0,0,0,0,0,0,0,1,1,1,1,1,1,1,1,0,0,0,0,0,0,0,0
2008-07-08 10:45:00+00:00,30,7,10,,,0,0,0,0,0,0,0,0,0,0,0,0,0,0,0,0,0,0,0,0,0,0,0,0,0
2008-07-08 10:45:00+00:00,30,7,10,,,0,0,0,0,0,0,0,0,0,0,0,0,0,0,0,0,0,0,0,0,0,0,0,0,0
2008-07-08 10:45:00+00:00,30,7,10,,,0,0,0,0,0,0,0,0,0,0,0,0,0,0,0,0,0,0,0,0,0,0,0,0,0
2008-07-08 10:45:00+00:00,30,7,10,703.4907836914062,660.038330078125,0,0,0,0,0,0,0,0,0,0,0,0,0,0,0,0,0,0,0,0,0,0,0,0,0
2008-07-08 10:45:00+00:00,30,7,10,750.9962768554688,706.5713500976562,0,0,0,0,0,0,0,0,0,0,0,0,0,0,0,0,0,0,0,0,0,0,0,0,0
2008-07-08 10:45:00+00:00,30,7,10,,,0,0,0,0,0,0,0,0,0,0,0,0,0,0,0,0,0,0,0,0,0,0,0,0,0
2008-07-08 10:45:00+00:00,30,7,10,,,0,0,0,0,0,0,0,0,0,0,0,0,0,0,0,0,0,0,0,0,0,0,0,0,0
2008-07-08 11:00:00+00:00,30,7,11,317.993896484375,42.62459182739258,0,0,0,0,0,0,0,0,0,0,0,0,0,0,0,0,1,0,0,0,0,0,0,1,1
2008-07-08 11:00:00+00:00,30,7,11,268.7254638671875,0.0,0,0,0,0,0,0,0,0,0,0,0,0,0,0,0,1,1,1,1,1,1,1,1,1,1
2008-07-08 11:00:00+00:00,30,7,11,238.08444213867188,20.318449020385742,0,0,0,0,0,0,0,0,0,0,0,0,0,0,1,1,1,0,0,0,1,1,1,1,1
2008-07-08 11:00:00+00:00,30,7,11,219.7146759033203,53.525596618652344,0,0,0,0,0,0,0,0,0,0,0,0,0,0,1,1,1,0,0,0,0,0,0,0,1
2008-07-08 11:00:00+00:00,30,7,11,,,0,0,0,0,0,0,0,0,0,0,0,0,0,0,0,0,0,0,0,0,0,0,0,0,0
2008-07-08 11:00:00+00:00,30,7,11,,,0,0,0,0,0,0,0,0,0,0,0,0,0,0,0,0,0,0,0,0,0,0,0,0,0
2008-07-08 11:15:00+00:00,30,7,11,,,0,0,0,0,0,0,0,0,0,0,0,0,0,0,0,0,0,0,0,0,0,0,0,0,0
2008-07-08 11:15:00+00:00,30,7,11,463.3179626464844,436.3898010253906,0,0,0,0,0,0,0,0,0,0,0,0,0,0,0,0,0,0,0,0,0,0,0,0,0
2008-07-08 11:15:00+00:00,30,7,11,207.00689697265625,0.0,0,0,0,0,0,0,0,0,0,0,0,0,0,0,1,1,1,1,1,1,1,1,1,1,1
2008-07-08 11:15:00+00:00,30,7,11,344.2142333984375,112.47943878173828,0,0,0,0,0,0,0,0,0,0,0,0,0,0,0,0,1,0,0,0,0,0,0,0,0
2008-07-08 11:15:00+00:00,30,7,11,167.74928283691406,60.157958984375,0,0,0,0,0,0,0,0,0,0,0,0,1,1,1,1,1,0,0,0,0,0,0,0,0
2008-07-08 11:15:00+00:00,30,7,11,,243.92425537109375,0,0,0,0,0,0,0,0,0,0,0,0,0,0,0,0,0,0,0,0,0,0,0,0,0
2008-07-08 11:15:00+00:00,30,7,11,164.8113250732422,154.0338592529297,0,0,0,0,0,0,0,0,0,0,0,0,1,1,1,1,1,0,0,0,0,0,0,0,0
2008-07-08 11:15:00+00:00,30,7,11,291.8849182128906,290.5223693847656,0,0,0,0,0,0,0,0,0,0,0,0,0,0,0,1,1,0,0,0,0,0,0,0,0
2008-07-08 11:15:00+00:00,30,7,11,,,0,0,0,0,0,0,0,0,0,0,0,0,0,0,0,0,0,0,0,0,0,0,0,0,0
2008-07-08 11:15:00+00:00,30,7,11,616.0581665039062,571.87060546875,0,0,0,0,0,0,0,0,0,0,0,0,0,0,0,0,0,0,0,0,0,0,0,0,0
2008-07-08 11:15:00+00:00,30,7,11,,,0,0,0,0,0,0,0,0,0,0,0,0,0,0,0,0,0,0,0,0,0,0,0,0,0
2008-07-08 11:15:00+00:00,30,7,11,504.1227111816406,487.8603515625,0,0,0,0,0,0,0,0,0,0,0,0,0,0,0,0,0,0,0,0,0,0,0,0,0
2008-07-08 11:30:00+00:00,30,7,11,,,0,0,0,0,0,0,0,0,0,0,0,0,0,0,0,0,0,0,0,0,0,0,0,0,0
2008-07-08 11:30:00+00:00,30,7,11,,,0,0,0,0,0,0,0,0,0,0,0,0,0,0,0,0,0,0,0,0,0,0,0,0,0
2008-07-08 11:30:00+00:00,30,7,11,124.8719711303711,107.92928314208984,0,0,0,0,0,0,0,0,0,0,0,1,1,1,1,1,1,0,0,0,0,0,0,0,0
2008-07-08 11:30:00+00:00,30,7,11,,,0,0,0,0,0,0,0,0,0,0,0,0,0,0,0,0,0,0,0,0,0,0,0,0,0
2008-07-08 11:30:00+00:00,30,7,11,,430.8048095703125,0,0,0,0,0,0,0,0,0,0,0,0,0,0,0,0,0,0,0,0,0,0,0,0,0
2008-07-08 11:30:00+00:00,30,7,11,,388.3648681640625,0,0,0,0,0,0,0,0,0,0,0,0,0,0,0,0,0,0,0,0,0,0,0,0,0
2008-07-08 11:30:00+00:00,30,7,11,14.223952293395996,5.0312113761901855,0,1,1,1,1,1,1,1,1,1,1,1,1,1,1,1,1,1,1,1,1,1,1,1,1
2008-07-08 11:45:00+00:00,30,7,11,,,0,0,0,0,0,0,0,0,0,0,0,0,0,0,0,0,0,0,0,0,0,0,0,0,0
2008-07-08 11:45:00+00:00,30,7,11,86.66446685791016,110.76152038574219,0,0,0,0,0,0,0,0,0,1,1,1,1,1,1,1,1,0,0,0,0,0,0,0,0
2008-07-08 11:45:00+00:00,30,7,11,,,0,0,0,0,0,0,0,0,0,0,0,0,0,0,0,0,0,0,0,0,0,0,0,0,0
2008-07-08 11:45:00+00:00,30,7,11,,,0,0,0,0,0,0,0,0,0,0,0,0,0,0,0,0,0,0,0,0,0,0,0,0,0
2008-07-08 11:45:00+00:00,30,7,11,,464.22979736328125,0,0,0,0,0,0,0,0,0,0,0,0,0,0,0,0,0,0,0,0,0,0,0,0,0
2008-07-08 11:45:00+00:00,30,7,11,394.5848388671875,353.474365234375,0,0,0,0,0,0,0,0,0,0,0,0,0,0,0,0,0,0,0,0,0,0,0,0,0
2008-07-08 11:45:00+00:00,30,7,11,,,0,0,0,0,0,0,0,0,0,0,0,0,0,0,0,0,0,0,0,0,0,0,0,0,0
2008-07-08 11:45:00+00:00,30,7,11,301.9042053222656,311.8831787109375,0,0,0,0,0,0,0,0,0,0,0,0,0,0,0,0,1,0,0,0,0,0,0,0,0
2008-07-08 12:00:00+00:00,30,7,12,,,0,0,0,0,0,0,0,0,0,0,0,0,0,0,0,0,0,0,0,0,0,0,0,0,0
2008-07-08 12:00:00+00:00,30,7,12,,,0,0,0,0,0,0,0,0,0,0,0,0,0,0,0,0,0,0,0,0,0,0,0,0,0
2008-07-08 12:00:00+00:00,30,7,12,127.93309020996094,76.45734405517578,0,0,0,0,0,0,0,0,0,0,0,1,1,1,1,1,1,0,0,0,0,0,0,0,0
2008-07-08 12:00:00+00:00,30,7,12,223.45401000976562,109.47290802001953,0,0,0,0,0,0,0,0,0,0,0,0,0,0,1,1,1,0,0,0,0,0,0,0,0
2008-07-08 12:00:00+00:00,30,7,12,247.3868408203125,174.2727508544922,0,0,0,0,0,0,0,0,0,0,0,0,0,0,1,1,1,0,0,0,0,0,0,0,0
2008-07-08 12:00:00+00:00,30,7,12,,,0,0,0,0,0,0,0,0,0,0,0,0,0,0,0,0,0,0,0,0,0,0,0,0,0
2008-07-08 12:00:00+00:00,30,7,12,,,0,0,0,0,0,0,0,0,0,0,0,0,0,0,0,0,0,0,0,0,0,0,0,0,0
2008-07-08 12:00:00+00:00,30,7,12,450.90374755859375,417.79827880859375,0,0,0,0,0,0,0,0,0,0,0,0,0,0,0,0,0,0,0,0,0,0,0,0,0
2008-07-08 12:00:00+00:00,30,7,12,469.64459228515625,436.3481750488281,0,0,0,0,0,0,0,0,0,0,0,0,0,0,0,0,0,0,0,0,0,0,0,0,0
2008-07-08 12:00:00+00:00,30,7,12,211.5804901123047,201.41986083984375,0,0,0,0,0,0,0,0,0,0,0,0,0,0,1,1,1,0,0,0,0,0,0,0,0
2008-07-08 12:00:00+00:00,30,7,12,236.42626953125,253.6060791015625,0,0,0,0,0,0,0,0,0,0,0,0,0,0,1,1,1,0,0,0,0,0,0,0,0
2008-07-08 12:00:00+00:00,30,7,12,328.4778747558594,355.2337341308594,0,0,0,0,0,0,0,0,0,0,0,0,0,0,0,0,1,0,0,0,0,0,0,0,0
2008-07-08 12:15:00+00:00,30,7,12,288.71240234375,291.1858215332031,0,0,0,0,0,0,0,0,0,0,0,0,0,0,0,1,1,0,0,0,0,0,0,0,0
2008-07-08 12:15:00+00:00,30,7,12,,,0,0,0,0,0,0,0,0,0,0,0,0,0,0,0,0,0,0,0,0,0,0,0,0,0
2008-07-08 12:15:00+00:00,30,7,12,,,0,0,0,0,0,0,0,0,0,0,0,0,0,0,0,0,0,0,0,0,0,0,0,0,0
2008-07-08 12:15:00+00:00,30,7,12,274.40399169921875,139.56997680664062,0,0,0,0,0,0,0,0,0,0,0,0,0,0,0,1,1,0,0,0,0,0,0,0,0
2008-07-08 12:15:00+00:00,30,7,12,,388.8602600097656,0,0,0,0,0,0,0,0,0,0,0,0,0,0,0,0,0,0,0,0,0,0,0,0,0
2008-07-08 12:15:00+00:00,30,7,12,,361.0042724609375,0,0,0,0,0,0,0,0,0,0,0,0,0,0,0,0,0,0,0,0,0,0,0,0,0
2008-07-08 12:15:00+00:00,30,7,12,,351.7437438964844,0,0,0,0,0,0,0,0,0,0,0,0,0,0,0,0,0,0,0,0,0,0,0,0,0
2008-07-08 12:15:00+00:00,30,7,12,,,0,0,0,0,0,0,0,0,0,0,0,0,0,0,0,0,0,0,0,0,0,0,0,0,0
2008-07-08 12:15:00+00:00,30,7,12,228.12173461914062,63.97203063964844,0,0,0,0,0,0,0,0,0,0,0,0,0,0,1,1,1,0,0,0,0,0,0,0,0
2008-07-08 12:15:00+00:00,30,7,12,,,0,0,0,0,0,0,0,0,0,0,0,0,0,0,0,0,0,0,0,0,0,0,0,0,0
2008-07-08 12:15:00+00:00,30,7,12,232.2495880126953,205.79454040527344,0,0,0,0,0,0,0,0,0,0,0,0,0,0,1,1,1,0,0,0,0,0,0,0,0
2008-07-08 12:15:00+00:00,30,7,12,,403.33953857421875,0,0,0,0,0,0,0,0,0,0,0,0,0,0,0,0,0,0,0,0,0,0,0,0,0
2008-07-08 12:15:00+00:00,30,7,12,472.5381774902344,435.35992431640625,0,0,0,0,0,0,0,0,0,0,0,0,0,0,0,0,0,0,0,0,0,0,0,0,0
2008-07-08 12:15:00+00:00,30,7,12,372.1451721191406,346.9704895019531,0,0,0,0,0,0,0,0,0,0,0,0,0,0,0,0,0,0,0,0,0,0,0,0,0
2008-07-08 12:15:00+00:00,30,7,12,,,0,0,0,0,0,0,0,0,0,0,0,0,0,0,0,0,0,0,0,0,0,0,0,0,0
2008-07-08 12:15:00+00:00,30,7,12,,137.4510955810547,0,0,0,0,0,0,0,0,0,0,0,0,0,0,0,0,0,0,0,0,0,0,0,0,0
2008-07-08 12:15:00+00:00,30,7,12,,,0,0,0,0,0,0,0,0,0,0,0,0,0,0,0,0,0,0,0,0,0,0,0,0,0
2008-07-08 12:15:00+00:00,30,7,12,292.74237060546875,309.7120361328125,0,0,0,0,0,0,0,0,0,0,0,0,0,0,0,1,1,0,0,0,0,0,0,0,0
2008-07-08 12:30:00+00:00,30,7,12,,,0,0,0,0,0,0,0,0,0,0,0,0,0,0,0,0,0,0,0,0,0,0,0,0,0
2008-07-08 12:30:00+00:00,30,7,12,283.77801513671875,279.27154541015625,0,0,0,0,0,0,0,0,0,0,0,0,0,0,0,1,1,0,0,0,0,0,0,0,0
2008-07-08 12:30:00+00:00,30,7,12,303.1078186035156,296.48577880859375,0,0,0,0,0,0,0,0,0,0,0,0,0,0,0,0,1,0,0,0,0,0,0,0,0
2008-07-08 12:30:00+00:00,30,7,12,88.189453125,43.634666442871094,0,0,0,0,0,0,0,0,0,1,1,1,1,1,1,1,1,0,0,0,0,0,0,1,1
2008-07-08 12:30:00+00:00,30,7,12,143.48370361328125,104.56767272949219,0,0,0,0,0,0,0,0,0,0,0,1,1,1,1,1,1,0,0,0,0,0,0,0,0
2008-07-08 12:30:00+00:00,30,7,12,,,0,0,0,0,0,0,0,0,0,0,0,0,0,0,0,0,0,0,0,0,0,0,0,0,0
2008-07-08 12:30:00+00:00,30,7,12,,,0,0,0,0,0,0,0,0,0,0,0,0,0,0,0,0,0,0,0,0,0,0,0,0,0
2008-07-08 12:30:00+00:00,30,7,12,276.4688415527344,275.549072265625,0,0,0,0,0,0,0,0,0,0,0,0,0,0,0,1,1,0,0,0,0,0,0,0,0
2008-07-08 12:30:00+00:00,30,7,12,,271.3665466308594,0,0,0,0,0,0,0,0,0,0,0,0,0,0,0,0,0,0,0,0,0,0,0,0,0
2008-07-08 12:30:00+00:00,30,7,12,,362.5918273925781,0,0,0,0,0,0,0,0,0,0,0,0,0,0,0,0,0,0,0,0,0,0,0,0,0
2008-07-08 12:30:00+00:00,30,7,12,,,0,0,0,0,0,0,0,0,0,0,0,0,0,0,0,0,0,0,0,0,0,0,0,0,0
2008-07-08 12:30:00+00:00,30,7,12,124.98971557617188,130.40283203125,0,0,0,0,0,0,0,0,0,0,0,1,1,1,1,1,1,0,0,0,0,0,0,0,0
2008-07-08 12:30:00+00:00,30,7,12,181.95616149902344,175.69992065429688,0,0,0,0,0,0,0,0,0,0,0,0,0,1,1,1,1,0,0,0,0,0,0,0,0
2008-07-08 12:30:00+00:00,30,7,12,319.74224853515625,274.4016418457031,0,0,0,0,0,0,0,0,0,0,0,0,0,0,0,0,1,0,0,0,0,0,0,0,0
2008-07-08 12:30:00+00:00,30,7,12,186.00271606445312,193.34750366210938,0,0,0,0,0,0,0,0,0,0,0,0,0,1,1,1,1,0,0,0,0,0,0,0,0
2008-07-08 12:45:00+00:00,30,7,12,340.4011535644531,365.2649230957031,0,0,0,0,0,0,0,0,0,0,0,0,0,0,0,0,1,0,0,0,0,0,0,0,0
2008-07-08 12:45:00+00:00,30,7,12,,,0,0,0,0,0,0,0,0,0,0,0,0,0,0,0,0,0,0,0,0,0,0,0,0,0
2008-07-08 12:45:00+00:00,30,7,12,98.7208480834961,127.40028381347656,0,0,0,0,0,0,0,0,0,1,1,1,1,1,1,1,1,0,0,0,0,0,0,0,0
2008-07-08 12:45:00+00:00,30,7,12,,,0,0,0,0,0,0,0,0,0,0,0,0,0,0,0,0,0,0,0,0,0,0,0,0,0
2008-07-08 12:45:00+00:00,30,7,12,,,0,0,0,0,0,0,0,0,0,0,0,0,0,0,0,0,0,0,0,0,0,0,0,0,0
2008-07-08 12:45:00+00:00,30,7,12,296.2049865722656,301.28717041015625,0,0,0,0,0,0,0,0,0,0,0,0,0,0,0,1,1,0,0,0,0,0,0,0,0
2008-07-08 12:45:00+00:00,30,7,12,,422.3882141113281,0,0,0,0,0,0,0,0,0,0,0,0,0,0,0,0,0,0,0,0,0,0,0,0,0
2008-07-08 12:45:00+00:00,30,7,12,358.5180969238281,359.9095153808594,0,0,0,0,0,0,0,0,0,0,0,0,0,0,0,0,0,0,0,0,0,0,0,0,0
2008-07-08 12:45:00+00:00,30,7,12,,276.3553466796875,0,0,0,0,0,0,0,0,0,0,0,0,0,0,0,0,0,0,0,0,0,0,0,0,0
2008-07-08 12:45:00+00:00,30,7,12,684.7548217773438,654.6939697265625,0,0,0,0,0,0,0,0,0,0,0,0,0,0,0,0,0,0,0,0,0,0,0,0,0
2008-07-08 12:45:00+00:00,30,7,12,,,0,0,0,0,0,0,0,0,0,0,0,0,0,0,0,0,0,0,0,0,0,0,0,0,0
2008-07-08 12:45:00+00:00,30,7,12,342.9082336425781,330.9709777832031,0,0,0,0,0,0,0,0,0,0,0,0,0,0,0,0,1,0,0,0,0,0,0,0,0
2008-07-08 12:45:00+00:00,30,7,12,117.34764862060547,91.47657012939453,0,0,0,0,0,0,0,0,0,0,1,1,1,1,1,1,1,0,0,0,0,0,0,0,0
2008-07-08 13:00:00+00:00,30,7,13,,,0,0,0,0,0,0,0,0,0,0,0,0,0,0,0,0,0,0,0,0,0,0,0,0,0
2008-07-08 13:00:00+00:00,30,7,13,,,0,0,0,0,0,0,0,0,0,0,0,0,0,0,0,0,0,0,0,0,0,0,0,0,0
2008-07-08 13:00:00+00:00,30,7,13,,,0,0,0,0,0,0,0,0,0,0,0,0,0,0,0,0,0,0,0,0,0,0,0,0,0
2008-07-08 13:00:00+00:00,30,7,13,292.5736389160156,160.9896697998047,0,0,0,0,0,0,0,0,0,0,0,0,0,0,0,1,1,0,0,0,0,0,0,0,0
2008-07-08 13:00:00+00:00,30,7,13,136.4115447998047,133.41502380371094,0,0,0,0,0,0,0,0,0,0,0,1,1,1,1,1,1,0,0,0,0,0,0,0,0
2008-07-08 13:00:00+00:00,30,7,13,117.37445068359375,102.20404052734375,0,0,0,0,0,0,0,0,0,0,1,1,1,1,1,1,1,0,0,0,0,0,0,0,0
2008-07-08 13:00:00+00:00,30,7,13,,83.45556640625,0,0,0,0,0,0,0,0,0,0,0,0,0,0,0,0,0,0,0,0,0,0,0,0,0
2008-07-08 13:00:00+00:00,30,7,13,94.7315673828125,55.748451232910156,0,0,0,0,0,0,0,0,0,1,1,1,1,1,1,1,1,0,0,0,0,0,0,0,1
2008-07-08 13:00:00+00:00,30,7,13,323.9441223144531,178.26136779785156,0,0,0,0,0,0,0,0,0,0,0,0,0,0,0,0,1,0,0,0,0,0,0,0,0
2008-07-08 13:00:00+00:00,30,7,13,325.38299560546875,212.80406188964844,0,0,0,0,0,0,0,0,0,0,0,0,0,0,0,0,1,0,0,0,0,0,0,0,0
2008-07-08 13:00:00+00:00,30,7,13,257.1329040527344,201.6254425048828,0,0,0,0,0,0,0,0,0,0,0,0,0,0,0,1,1,0,0,0,0,0,0,0,0
2008-07-08 13:00:00+00:00,30,7,13,,292.69622802734375,0,0,0,0,0,0,0,0,0,0,0,0,0,0,0,0,0,0,0,0,0,0,0,0,0
2008-07-08 13:00:00+00:00,30,7,13,,,0,0,0,0,0,0,0,0,0,0,0,0,0,0,0,0,0,0,0,0,0,0,0,0,0
2008-07-08 13:00:00+00:00,30,7,13,304.74627685546875,9.470588684082031,0,0,0,0,0,0,0,0,0,0,0,0,0,0,0,0,1,1,1,1,1,1,1,1,1
2008-07-08 13:00:00+00:00,30,7,13,,,0,0,0,0,0,0,0,0,0,0,0,0,0,0,0,0,0,0,0,0,0,0,0,0,0
2008-07-08 13:15:00+00:00,30,7,13,,,0,0,0,0,0,0,0,0,0,0,0,0,0,0,0,0,0,0,0,0,0,0,0,0,0
2008-07-08 13:15:00+00:00,30,7,13,266.3458251953125,267.0016174316406,0,0,0,0,0,0,0,0,0,0,0,0,0,0,0,1,1,0,0,0,0,0,0,0,0
2008-07-08 13:15:00+00:00,30,7,13,199.78988647460938,112.31597137451172,0,0,0,0,0,0,0,0,0,0,0,0,0,1,1,1,1,0,0,0,0,0,0,0,0
2008-07-08 13:15:00+00:00,30,7,13,66.6479263305664,65.93712615966797,0,0,0,0,0,0,0,0,1,1,1,1,1,1,1,1,1,0,0,0,0,0,0,0,0
2008-07-08 13:15:00+00:00,30,7,13,248.66827392578125,211.7891845703125,0,0,0,0,0,0,0,0,0,0,0,0,0,0,1,1,1,0,0,0,0,0,0,0,0
2008-07-08 13:15:00+00:00,30,7,13,216.48953247070312,184.42845153808594,0,0,0,0,0,0,0,0,0,0,0,0,0,0,1,1,1,0,0,0,0,0,0,0,0
2008-07-08 13:15:00+00:00,30,7,13,280.1312561035156,243.93978881835938,0,0,0,0,0,0,0,0,0,0,0,0,0,0,0,1,1,0,0,0,0,0,0,0,0
2008-07-08 13:15:00+00:00,30,7,13,262.0545654296875,228.47314453125,0,0,0,0,0,0,0,0,0,0,0,0,0,0,0,1,1,0,0,0,0,0,0,0,0
2008-07-08 13:15:00+00:00,30,7,13,278.0860290527344,246.92662048339844,0,0,0,0,0,0,0,0,0,0,0,0,0,0,0,1,1,0,0,0,0,0,0,0,0
2008-07-08 13:15:00+00:00,30,7,13,360.5616149902344,323.78985595703125,0,0,0,0,0,0,0,0,0,0,0,0,0,0,0,0,0,0,0,0,0,0,0,0,0
2008-07-08 13:15:00+00:00,30,7,13,312.2481384277344,280.6593933105469,0,0,0,0,0,0,0,0,0,0,0,0,0,0,0,0,1,0,0,0,0,0,0,0,0
2008-07-08 13:15:00+00:00,30,7,13,182.17185974121094,103.84642028808594,0,0,0,0,0,0,0,0,0,0,0,0,0,1,1,1,1,0,0,0,0,0,0,0,0
2008-07-08 13:15:00+00:00,30,7,13,339.3625793457031,259.6470642089844,0,0,0,0,0,0,0,0,0,0,0,0,0,0,0,0,1,0,0,0,0,0,0,0,0
2008-07-08 13:15:00+00:00,30,7,13,,,0,0,0,0,0,0,0,0,0,0,0,0,0,0,0,0,0,0,0,0,0,0,0,0,0
2008-07-08 13:15:00+00:00,30,7,13,238.61744689941406,235.73825073242188,0,0,0,0,0,0,0,0,0,0,0,0,0,0,1,1,1,0,0,0,0,0,0,0,0
2008-07-08 13:15:00+00:00,30,7,13,256.6900939941406,272.8064270019531,0,0,0,0,0,0,0,0,0,0,0,0,0,0,0,1,1,0,0,0,0,0,0,0,0
2008-07-08 13:15:00+00:00,30,7,13,145.2852325439453,122.40144348144531,0,0,0,0,0,0,0,0,0,0,0,1,1,1,1,1,1,0,0,0,0,0,0,0,0
2008-07-08 13:15:00+00:00,30,7,13,416.24078369140625,186.94264221191406,0,0,0,0,0,0,0,0,0,0,0,0,0,0,0,0,0,0,0,0,0,0,0,0,0
2008-07-08 13:15:00+00:00,30,7,13,311.6405944824219,114.82196807861328,0,0,0,0,0,0,0,0,0,0,0,0,0,0,0,0,1,0,0,0,0,0,0,0,0
2008-07-08 13:15:00+00:00,30,7,13,129.27349853515625,136.78709411621094,0,0,0,0,0,0,0,0,0,0,0,1,1,1,1,1,1,0,0,0,0,0,0,0,0
2008-07-08 13:30:00+00:00,30,7,13,,,0,0,0,0,0,0,0,0,0,0,0,0,0,0,0,0,0,0,0,0,0,0,0,0,0
2008-07-08 13:30:00+00:00,30,7,13,256.3415222167969,249.20423889160156,0,0,0,0,0,0,0,0,0,0,0,0,0,0,0,1,1,0,0,0,0,0,0,0,0
2008-07-08 13:30:00+00:00,30,7,13,80.30854797363281,81.53994750976562,0,0,0,0,0,0,0,0,0,1,1,1,1,1,1,1,1,0,0,0,0,0,0,0,0
2008-07-08 13:30:00+00:00,30,7,13,157.46429443359375,153.9060821533203,0,0,0,0,0,0,0,0,0,0,0,0,1,1,1,1,1,0,0,0,0,0,0,0,0
2008-07-08 13:30:00+00:00,30,7,13,27.376314163208008,20.530038833618164,0,0,0,0,1,1,1,1,1,1,1,1,1,1,1,1,1,0,0,0,1,1,1,1,1
2008-07-08 13:30:00+00:00,30,7,13,106.93095397949219,97.19894409179688,0,0,0,0,0,0,0,0,0,0,1,1,1,1,1,1,1,0,0,0,0,0,0,0,0
2008-07-08 13:30:00+00:00,30,7,13,116.5704345703125,97.50047302246094,0,0,0,0,0,0,0,0,0,0,1,1,1,1,1,1,1,0,0,0,0,0,0,0,0
2008-07-08 13:30:00+00:00,30,7,13,174.6769256591797,174.0325469970703,0,0,0,0,0,0,0,0,0,0,0,0,1,1,1,1,1,0,0,0,0,0,0,0,0
2008-07-08 13:30:00+00:00,30,7,13,,485.1638488769531,0,0,0,0,0,0,0,0,0,0,0,0,0,0,0,0,0,0,0,0,0,0,0,0,0
2008-07-08 13:30:00+00:00,30,7,13,,,0,0,0,0,0,0,0,0,0,0,0,0,0,0,0,0,0,0,0,0,0,0,0,0,0
2008-07-08 13:30:00+00:00,30,7,13,224.7962646484375,188.7196807861328,0,0,0,0,0,0,0,0,0,0,0,0,0,0,1,1,1,0,0,0,0,0,0,0,0
2008-07-08 13:30:00+00:00,30,7,13,73.48999786376953,49.94125747680664,0,0,0,0,0,0,0,0,1,1,1,1,1,1,1,1,1,0,0,0,0,0,0,1,1
2008-07-08 13:30:00+00:00,30,7,13,,,0,0,0,0,0,0,0,0,0,0,0,0,0,0,0,0,0,0,0,0,0,0,0,0,0
2008-07-08 13:30:00+00:00,30,7,13,,,0,0,0,0,0,0,0,0,0,0,0,0,0,0,0,0,0,0,0,0,0,0,0,0,0
2008-07-08 13:45:00+00:00,30,7,13,,,0,0,0,0,0,0,0,0,0,0,0,0,0,0,0,0,0,0,0,0,0,0,0,0,0
2008-07-08 13:45:00+00:00,30,7,13,,,0,0,0,0,0,0,0,0,0,0,0,0,0,0,0,0,0,0,0,0,0,0,0,0,0
2008-07-08 13:45:00+00:00,30,7,13,,,0,0,0,0,0,0,0,0,0,0,0,0,0,0,0,0,0,0,0,0,0,0,0,0,0
2008-07-08 13:45:00+00:00,30,7,13,52.19154739379883,37.309410095214844,0,0,0,0,0,0,0,1,1,1,1,1,1,1,1,1,1,0,0,0,0,0,1,1,1
2008-07-08 13:45:00+00:00,30,7,13,90.9211196899414,53.73554611206055,0,0,0,0,0,0,0,0,0,1,1,1,1,1,1,1,1,0,0,0,0,0,0,0,1
2008-07-08 13:45:00+00:00,30,7,13,,,0,0,0,0,0,0,0,0,0,0,0,0,0,0,0,0,0,0,0,0,0,0,0,0,0
2008-07-08 13:45:00+00:00,30,7,13,62.50604248046875,61.663692474365234,0,0,0,0,0,0,0,0,1,1,1,1,1,1,1,1,1,0,0,0,0,0,0,0,0
2008-07-08 13:45:00+00:00,30,7,13,351.1263732910156,100.99102783203125,0,0,0,0,0,0,0,0,0,0,0,0,0,0,0,0,0,0,0,0,0,0,0,0,0
2008-07-08 14:00:00+00:00,30,7,14,,6.6639556884765625,0,0,0,0,0,0,0,0,0,0,0,0,0,0,0,0,0,1,1,1,1,1,1,1,1
2008-07-08 14:00:00+00:00,30,7,14,,133.81211853027344,0,0,0,0,0,0,0,0,0,0,0,0,0,0,0,0,0,0,0,0,0,0,0,0,0
2008-07-08 14:00:00+00:00,30,7,14,,,0,0,0,0,0,0,0,0,0,0,0,0,0,0,0,0,0,0,0,0,0,0,0,0,0
2008-07-08 14:00:00+00:00,30,7,14,,,0,0,0,0,0,0,0,0,0,0,0,0,0,0,0,0,0,0,0,0,0,0,0,0,0
2008-07-08 14:00:00+00:00,30,7,14,314.8016662597656,339.063720703125,0,0,0,0,0,0,0,0,0,0,0,0,0,0,0,0,1,0,0,0,0,0,0,0,0
2008-07-08 14:00:00+00:00,30,7,14,203.28817749023438,225.80859375,0,0,0,0,0,0,0,0,0,0,0,0,0,0,1,1,1,0,0,0,0,0,0,0,0
2008-07-08 14:00:00+00:00,30,7,14,,,0,0,0,0,0,0,0,0,0,0,0,0,0,0,0,0,0,0,0,0,0,0,0,0,0
2008-07-08 14:00:00+00:00,30,7,14,140.7986297607422,120.21350860595703,0,0,0,0,0,0,0,0,0,0,0,1,1,1,1,1,1,0,0,0,0,0,0,0,0
2008-07-08 14:00:00+00:00,30,7,14,109.10813903808594,61.87767028808594,0,0,0,0,0,0,0,0,0,0,1,1,1,1,1,1,1,0,0,0,0,0,0,0,0
2008-07-08 14:00:00+00:00,30,7,14,101.8031997680664,96.842041015625,0,0,0,0,0,0,0,0,0,0,1,1,1,1,1,1,1,0,0,0,0,0,0,0,0
2008-07-08 14:00:00+00:00,30,7,14,49.70066833496094,65.01534271240234,0,0,0,0,0,0,1,1,1,1,1,1,1,1,1,1,1,0,0,0,0,0,0,0,0
2008-07-08 14:00:00+00:00,30,7,14,402.530517578125,399.6460876464844,0,0,0,0,0,0,0,0,0,0,0,0,0,0,0,0,0,0,0,0,0,0,0,0,0
2008-07-08 14:00:00+00:00,30,7,14,68.61979675292969,25.938074111938477,0,0,0,0,0,0,0,0,1,1,1,1,1,1,1,1,1,0,0,0,0,1,1,1,1
2008-07-08 14:00:00+00:00,30,7,14,,,0,0,0,0,0,0,0,0,0,0,0,0,0,0,0,0,0,0,0,0,0,0,0,0,0
2008-07-08 14:00:00+00:00,30,7,14,,,0,0,0,0,0,0,0,0,0,0,0,0,0,0,0,0,0,0,0,0,0,0,0,0,0
2008-07-08 14:00:00+00:00,30,7,14,140.97279357910156,11.314557075500488,0,0,0,0,0,0,0,0,0,0,0,1,1,1,1,1,1,0,1,1,1,1,1,1,1
2008-07-08 14:00:00+00:00,30,7,14,197.48089599609375,37.01359939575195,0,0,0,0,0,0,0,0,0,0,0,0,0,1,1,1,1,0,0,0,0,0,1,1,1
2008-07-08 14:00:00+00:00,30,7,14,233.42950439453125,266.65399169921875,0,0,0,0,0,0,0,0,0,0,0,0,0,0,1,1,1,0,0,0,0,0,0,0,0
2008-07-08 14:00:00+00:00,30,7,14,,,0,0,0,0,0,0,0,0,0,0,0,0,0,0,0,0,0,0,0,0,0,0,0,0,0
2008-07-08 14:15:00+00:00,30,7,14,,265.74365234375,0,0,0,0,0,0,0,0,0,0,0,0,0,0,0,0,0,0,0,0,0,0,0,0,0
2008-07-08 14:15:00+00:00,30,7,14,225.71949768066406,23.39203453063965,0,0,0,0,0,0,0,0,0,0,0,0,0,0,1,1,1,0,0,0,1,1,1,1,1
2008-07-08 14:15:00+00:00,30,7,14,247.5966033935547,254.8467559814453,0,0,0,0,0,0,0,0,0,0,0,0,0,0,1,1,1,0,0,0,0,0,0,0,0
2008-07-08 14:15:00+00:00,30,7,14,167.1763153076172,132.4224853515625,0,0,0,0,0,0,0,0,0,0,0,0,1,1,1,1,1,0,0,0,0,0,0,0,0
2008-07-08 14:15:00+00:00,30,7,14,95.02918243408203,103.3383560180664,0,0,0,0,0,0,0,0,0,1,1,1,1,1,1,1,1,0,0,0,0,0,0,0,0
2008-07-08 14:15:00+00:00,30,7,14,131.89450073242188,115.10938262939453,0,0,0,0,0,0,0,0,0,0,0,1,1,1,1,1,1,0,0,0,0,0,0,0,0
2008-07-08 14:15:00+00:00,30,7,14,41.69346618652344,10.068965911865234,0,0,0,0,0,0,1,1,1,1,1,1,1,1,1,1,1,0,1,1,1,1,1,1,1
2008-07-08 14:15:00+00:00,30,7,14,109.09038543701172,103.6611099243164,0,0,0,0,0,0,0,0,0,0,1,1,1,1,1,1,1,0,0,0,0,0,0,0,0
2008-07-08 14:15:00+00:00,30,7,14,291.8424987792969,328.8414611816406,0,0,0,0,0,0,0,0,0,0,0,0,0,0,0,1,1,0,0,0,0,0,0,0,0
2008-07-08 14:15:00+00:00,30,7,14,259.0690002441406,245.2790069580078,0,0,0,0,0,0,0,0,0,0,0,0,0,0,0,1,1,0,0,0,0,0,0,0,0
2008-07-08 14:15:00+00:00,30,7,14,,,0,0,0,0,0,0,0,0,0,0,0,0,0,0,0,0,0,0,0,0,0,0,0,0,0
2008-07-08 14:15:00+00:00,30,7,14,141.8759765625,72.11334991455078,0,0,0,0,0,0,0,0,0,0,0,1,1,1,1,1,1,0,0,0,0,0,0,0,0
2008-07-08 14:15:00+00:00,30,7,14,167.4779052734375,333.0517883300781,0,0,0,0,0,0,0,0,0,0,0,0,1,1,1,1,1,0,0,0,0,0,0,0,0
2008-07-08 14:15:00+00:00,30,7,14,,3.0349671840667725,0,0,0,0,0,0,0,0,0,0,0,0,0,0,0,0,0,1,1,1,1,1,1,1,1
2008-07-08 14:30:00+00:00,30,7,14,,,0,0,0,0,0,0,0,0,0,0,0,0,0,0,0,0,0,0,0,0,0,0,0,0,0
2008-07-08 14:30:00+00:00,30,7,14,193.72251892089844,167.0299072265625,0,0,0,0,0,0,0,0,0,0,0,0,0,1,1,1,1,0,0,0,0,0,0,0,0
2008-07-08 14:30:00+00:00,30,7,14,122.35603332519531,134.69557189941406,0,0,0,0,0,0,0,0,0,0,0,1,1,1,1,1,1,0,0,0,0,0,0,0,0
2008-07-08 14:30:00+00:00,30,7,14,304.0780029296875,199.9226531982422,0,0,0,0,0,0,0,0,0,0,0,0,0,0,0,0,1,0,0,0,0,0,0,0,0
2008-07-08 14:30:00+00:00,30,7,14,,,0,0,0,0,0,0,0,0,0,0,0,0,0,0,0,0,0,0,0,0,0,0,0,0,0
2008-07-08 14:30:00+00:00,30,7,14,,427.3196716308594,0,0,0,0,0,0,0,0,0,0,0,0,0,0,0,0,0,0,0,0,0,0,0,0,0
2008-07-08 14:45:00+00:00,30,7,14,228.31881713867188,221.38172912597656,0,0,0,0,0,0,0,0,0,0,0,0,0,0,1,1,1,0,0,0,0,0,0,0,0
2008-07-08 14:45:00+00:00,30,7,14,233.26295471191406,211.74632263183594,0,0,0,0,0,0,0,0,0,0,0,0,0,0,1,1,1,0,0,0,0,0,0,0,0
2008-07-08 14:45:00+00:00,30,7,14,332.01983642578125,354.532470703125,0,0,0,0,0,0,0,0,0,0,0,0,0,0,0,0,1,0,0,0,0,0,0,0,0
2008-07-08 14:45:00+00:00,30,7,14,319.28271484375,341.31219482421875,0,0,0,0,0,0,0,0,0,0,0,0,0,0,0,0,1,0,0,0,0,0,0,0,0
2008-07-08 14:45:00+00:00,30,7,14,143.3304901123047,134.2942352294922,0,0,0,0,0,0,0,0,0,0,0,1,1,1,1,1,1,0,0,0,0,0,0,0,0
2008-07-08 14:45:00+00:00,30,7,14,200.94970703125,190.97047424316406,0,0,0,0,0,0,0,0,0,0,0,0,0,0,1,1,1,0,0,0,0,0,0,0,0
2008-07-08 14:45:00+00:00,30,7,14,227.46067810058594,213.8049774169922,0,0,0,0,0,0,0,0,0,0,0,0,0,0,1,1,1,0,0,0,0,0,0,0,0
2008-07-08 14:45:00+00:00,30,7,14,46.86235809326172,105.60072326660156,0,0,0,0,0,0,1,1,1,1,1,1,1,1,1,1,1,0,0,0,0,0,0,0,0
2008-07-08 14:45:00+00:00,30,7,14,75.05012512207031,104.74784851074219,0,0,0,0,0,0,0,0,1,1,1,1,1,1,1,1,1,0,0,0,0,0,0,0,0
2008-07-08 14:45:00+00:00,30,7,14,47.24629592895508,60.54798126220703,0,0,0,0,0,0,1,1,1,1,1,1,1,1,1,1,1,0,0,0,0,0,0,0,0
2008-07-08 14:45:00+00:00,30,7,14,133.2809295654297,136.01832580566406,0,0,0,0,0,0,0,0,0,0,0,1,1,1,1,1,1,0,0,0,0,0,0,0,0
2008-07-08 14:45:00+00:00,30,7,14,,,0,0,0,0,0,0,0,0,0,0,0,0,0,0,0,0,0,0,0,0,0,0,0,0,0
2008-07-08 14:45:00+00:00,30,7,14,49.91902160644531,7.400556564331055,0,0,0,0,0,0,1,1,1,1,1,1,1,1,1,1,1,1,1,1,1,1,1,1,1
2008-07-08 15:00:00+00:00,30,7,15,366.77593994140625,340.0529479980469,0,0,0,0,0,0,0,0,0,0,0,0,0,0,0,0,0,0,0,0,0,0,0,0,0
2008-07-08 15:00:00+00:00,30,7,15,,391.6406555175781,0,0,0,0,0,0,0,0,0,0,0,0,0,0,0,0,0,0,0,0,0,0,0,0,0
2008-07-08 15:00:00+00:00,30,7,15,52.767478942871094,28.988021850585938,0,0,0,0,0,0,0,1,1,1,1,1,1,1,1,1,1,0,0,0,0,1,1,1,1
2008-07-08 15:00:00+00:00,30,7,15,83.2837142944336,39.361324310302734,0,0,0,0,0,0,0,0,0,1,1,1,1,1,1,1,1,0,0,0,0,0,1,1,1
2008-07-08 15:00:00+00:00,30,7,15,145.95994567871094,116.9725570678711,0,0,0,0,0,0,0,0,0,0,0,1,1,1,1,1,1,0,0,0,0,0,0,0,0
2008-07-08 15:00:00+00:00,30,7,15,,86.9448471069336,0,0,0,0,0,0,0,0,0,0,0,0,0,0,0,0,0,0,0,0,0,0,0,0,0
2008-07-08 15:00:00+00:00,30,7,15,,,0,0,0,0,0,0,0,0,0,0,0,0,0,0,0,0,0,0,0,0,0,0,0,0,0
2008-07-08 15:00:00+00:00,30,7,15,,,0,0,0,0,0,0,0,0,0,0,0,0,0,0,0,0,0,0,0,0,0,0,0,0,0
2008-07-08 15:00:00+00:00,30,7,15,,49.76344680786133,0,0,0,0,0,0,0,0,0,0,0,0,0,0,0,0,0,0,0,0,0,0,0,1,1
2008-07-08 15:00:00+00:00,30,7,15,191.96682739257812,354.6879577636719,0,0,0,0,0,0,0,0,0,0,0,0,0,1,1,1,1,0,0,0,0,0,0,0,0
2008-07-08 15:15:00+00:00,30,7,15,115.74617004394531,7.127945899963379,0,0,0,0,0,0,0,0,0,0,1,1,1,1,1,1,1,1,1,1,1,1,1,1,1
2008-07-08 15:15:00+00:00,30,7,15,160.17453002929688,125.88265991210938,0,0,0,0,0,0,0,0,0,0,0,0,1,1,1,1,1,0,0,0,0,0,0,0,0
2008-07-08 15:15:00+00:00,30,7,15,,,0,0,0,0,0,0,0,0,0,0,0,0,0,0,0,0,0,0,0,0,0,0,0,0,0
2008-07-08 15:15:00+00:00,30,7,15,,90.9158706665039,0,0,0,0,0,0,0,0,0,0,0,0,0,0,0,0,0,0,0,0,0,0,0,0,0
2008-07-08 15:15:00+00:00,30,7,15,,85.43807983398438,0,0,0,0,0,0,0,0,0,0,0,0,0,0,0,0,0,0,0,0,0,0,0,0,0
2008-07-08 15:15:00+00:00,30,7,15,127.53358459472656,414.0563659667969,0,0,0,0,0,0,0,0,0,0,0,1,1,1,1,1,1,0,0,0,0,0,0,0,0
2008-07-08 15:15:00+00:00,30,7,15,415.4548645019531,436.50927734375,0,0,0,0,0,0,0,0,0,0,0,0,0,0,0,0,0,0,0,0,0,0,0,0,0
2008-07-08 15:15:00+00:00,30,7,15,87.61263275146484,51.175048828125,0,0,0,0,0,0,0,0,0,1,1,1,1,1,1,1,1,0,0,0,0,0,0,0,1
2008-07-08 15:15:00+00:00,30,7,15,92.5325698852539,146.64990234375,0,0,0,0,0,0,0,0,0,1,1,1,1,1,1,1,1,0,0,0,0,0,0,0,0
2008-07-08 15:30:00+00:00,30,7,15,127.75037384033203,143.7106475830078,0,0,0,0,0,0,0,0,0,0,0,1,1,1,1,1,1,0,0,0,0,0,0,0,0
2008-07-08 15:30:00+00:00,30,7,15,96.82215118408203,95.0926742553711,0,0,0,0,0,0,0,0,0,1,1,1,1,1,1,1,1,0,0,0,0,0,0,0,0
2008-07-08 15:30:00+00:00,30,7,15,167.32888793945312,115.72491455078125,0,0,0,0,0,0,0,0,0,0,0,0,1,1,1,1,1,0,0,0,0,0,0,0,0
2008-07-08 15:30:00+00:00,30,7,15,247.67276000976562,244.27890014648438,0,0,0,0,0,0,0,0,0,0,0,0,0,0,1,1,1,0,0,0,0,0,0,0,0
2008-07-08 15:30:00+00:00,30,7,15,336.6025085449219,126.43912506103516,0,0,0,0,0,0,0,0,0,0,0,0,0,0,0,0,1,0,0,0,0,0,0,0,0
2008-07-08 15:30:00+00:00,30,7,15,,,0,0,0,0,0,0,0,0,0,0,0,0,0,0,0,0,0,0,0,0,0,0,0,0,0
2008-07-08 15:30:00+00:00,30,7,15,252.00726318359375,,0,0,0,0,0,0,0,0,0,0,0,0,0,0,0,1,1,0,0,0,0,0,0,0,0
2008-07-08 15:45:00+00:00,30,7,15,332.7387390136719,211.52015686035156,0,0,0,0,0,0,0,0,0,0,0,0,0,0,0,0,1,0,0,0,0,0,0,0,0
2008-07-08 15:45:00+00:00,30,7,15,344.58355712890625,194.36740112304688,0,0,0,0,0,0,0,0,0,0,0,0,0,0,0,0,1,0,0,0,0,0,0,0,0
2008-07-08 15:45:00+00:00,30,7,15,197.97640991210938,146.62283325195312,0,0,0,0,0,0,0,0,0,0,0,0,0,1,1,1,1,0,0,0,0,0,0,0,0
2008-07-08 15:45:00+00:00,30,7,15,,,0,0,0,0,0,0,0,0,0,0,0,0,0,0,0,0,0,0,0,0,0,0,0,0,0
2008-07-08 15:45:00+00:00,30,7,15,,156.3250732421875,0,0,0,0,0,0,0,0,0,0,0,0,0,0,0,0,0,0,0,0,0,0,0,0,0
2008-07-08 15:45:00+00:00,30,7,15,,117.32408905029297,0,0,0,0,0,0,0,0,0,0,0,0,0,0,0,0,0,0,0,0,0,0,0,0,0
2008-07-08 15:45:00+00:00,30,7,15,291.6824951171875,295.737548828125,0,0,0,0,0,0,0,0,0,0,0,0,0,0,0,1,1,0,0,0,0,0,0,0,0
2008-07-08 15:45:00+00:00,30,7,15,,,0,0,0,0,0,0,0,0,0,0,0,0,0,0,0,0,0,0,0,0,0,0,0,0,0
2008-07-08 16:00:00+00:00,30,7,16,310.92767333984375,376.0767517089844,0,0,0,0,0,0,0,0,0,0,0,0,0,0,0,0,1,0,0,0,0,0,0,0,0
2008-07-08 16:00:00+00:00,30,7,16,83.97354888916016,52.260623931884766,0,0,0,0,0,0,0,0,0,1,1,1,1,1,1,1,1,0,0,0,0,0,0,0,1
2008-07-08 16:00:00+00:00,30,7,16,257.6560363769531,275.11798095703125,0,0,0,0,0,0,0,0,0,0,0,0,0,0,0,1,1,0,0,0,0,0,0,0,0
2008-07-08 16:00:00+00:00,30,7,16,189.15313720703125,204.1459197998047,0,0,0,0,0,0,0,0,0,0,0,0,0,1,1,1,1,0,0,0,0,0,0,0,0
2008-07-08 16:00:00+00:00,30,7,16,219.2148895263672,199.43328857421875,0,0,0,0,0,0,0,0,0,0,0,0,0,0,1,1,1,0,0,0,0,0,0,0,0
2008-07-08 16:00:00+00:00,30,7,16,234.6049346923828,247.4773406982422,0,0,0,0,0,0,0,0,0,0,0,0,0,0,1,1,1,0,0,0,0,0,0,0,0
2008-07-08 16:00:00+00:00,30,7,16,171.69549560546875,204.29660034179688,0,0,0,0,0,0,0,0,0,0,0,0,1,1,1,1,1,0,0,0,0,0,0,0,0
2008-07-08 16:00:00+00:00,30,7,16,134.8665313720703,105.93155670166016,0,0,0,0,0,0,0,0,0,0,0,1,1,1,1,1,1,0,0,0,0,0,0,0,0
2008-07-08 16:00:00+00:00,30,7,16,64.0933837890625,68.69206237792969,0,0,0,0,0,0,0,0,1,1,1,1,1,1,1,1,1,0,0,0,0,0,0,0,0
2008-07-08 16:00:00+00:00,30,7,16,136.4906768798828,,0,0,0,0,0,0,0,0,0,0,0,1,1,1,1,1,1,0,0,0,0,0,0,0,0
2008-07-08 16:00:00+00:00,30,7,16,237.5398406982422,476.3600158691406,0,0,0,0,0,0,0,0,0,0,0,0,0,0,1,1,1,0,0,0,0,0,0,0,0
2008-07-08 16:00:00+00:00,30,7,16,165.83541870117188,159.79278564453125,0,0,0,0,0,0,0,0,0,0,0,0,1,1,1,1,1,0,0,0,0,0,0,0,0
2008-07-08 16:00:00+00:00,30,7,16,124.25119018554688,139.28146362304688,0,0,0,0,0,0,0,0,0,0,0,1,1,1,1,1,1,0,0,0,0,0,0,0,0
2008-07-08 16:15:00+00:00,30,7,16,104.19708251953125,121.53694915771484,0,0,0,0,0,0,0,0,0,0,1,1,1,1,1,1,1,0,0,0,0,0,0,0,0
2008-07-08 16:15:00+00:00,30,7,16,138.9019317626953,97.50908660888672,0,0,0,0,0,0,0,0,0,0,0,1,1,1,1,1,1,0,0,0,0,0,0,0,0
2008-07-08 16:15:00+00:00,30,7,16,205.4678192138672,195.6304931640625,0,0,0,0,0,0,0,0,0,0,0,0,0,0,1,1,1,0,0,0,0,0,0,0,0
2008-07-08 16:15:00+00:00,30,7,16,94.9745864868164,159.78636169433594,0,0,0,0,0,0,0,0,0,1,1,1,1,1,1,1,1,0,0,0,0,0,0,0,0
2008-07-08 16:15:00+00:00,30,7,16,154.61924743652344,138.09716796875,0,0,0,0,0,0,0,0,0,0,0,0,1,1,1,1,1,0,0,0,0,0,0,0,0
2008-07-08 16:15:00+00:00,30,7,16,86.38723754882812,18.479238510131836,0,0,0,0,0,0,0,0,0,1,1,1,1,1,1,1,1,0,0,1,1,1,1,1,1
2008-07-08 16:30:00+00:00,30,7,16,225.17477416992188,209.4493865966797,0,0,0,0,0,0,0,0,0,0,0,0,0,0,1,1,1,0,0,0,0,0,0,0,0
2008-07-08 16:30:00+00:00,30,7,16,359.52960205078125,323.0157470703125,0,0,0,0,0,0,0,0,0,0,0,0,0,0,0,0,0,0,0,0,0,0,0,0,0
2008-07-08 16:30:00+00:00,30,7,16,145.70497131347656,3.1157541275024414,0,0,0,0,0,0,0,0,0,0,0,1,1,1,1,1,1,1,1,1,1,1,1,1,1
2008-07-08 16:30:00+00:00,30,7,16,116.15338134765625,171.2760009765625,0,0,0,0,0,0,0,0,0,0,1,1,1,1,1,1,1,0,0,0,0,0,0,0,0
2008-07-08 16:30:00+00:00,30,7,16,200.02810668945312,255.0477294921875,0,0,0,0,0,0,0,0,0,0,0,0,0,0,1,1,1,0,0,0,0,0,0,0,0
2008-07-08 16:30:00+00:00,30,7,16,38.50053405761719,46.690120697021484,0,0,0,0,0,1,1,1,1,1,1,1,1,1,1,1,1,0,0,0,0,0,0,1,1
2008-07-08 16:45:00+00:00,30,7,16,62.50572204589844,71.51432037353516,0,0,0,0,0,0,0,0,1,1,1,1,1,1,1,1,1,0,0,0,0,0,0,0,0
2008-07-08 16:45:00+00:00,30,7,16,218.046875,178.30657958984375,0,0,0,0,0,0,0,0,0,0,0,0,0,0,1,1,1,0,0,0,0,0,0,0,0
2008-07-08 16:45:00+00:00,30,7,16,68.90904235839844,0.0,0,0,0,0,0,0,0,0,1,1,1,1,1,1,1,1,1,1,1,1,1,1,1,1,1
2008-07-08 17:00:00+00:00,30,7,17,233.4705352783203,221.15721130371094,0,0,0,0,0,0,0,0,0,0,0,0,0,0,1,1,1,0,0,0,0,0,0,0,0
2008-07-08 17:00:00+00:00,30,7,17,93.04878997802734,79.47854614257812,0,0,0,0,0,0,0,0,0,1,1,1,1,1,1,1,1,0,0,0,0,0,0,0,0
2008-07-08 17:00:00+00:00,30,7,17,233.98446655273438,277.4083557128906,0,0,0,0,0,0,0,0,0,0,0,0,0,0,1,1,1,0,0,0,0,0,0,0,0
2008-07-08 17:15:00+00:00,30,7,17,184.9250946044922,139.53778076171875,0,0,0,0,0,0,0,0,0,0,0,0,0,1,1,1,1,0,0,0,0,0,0,0,0
2008-07-08 17:15:00+00:00,30,7,17,181.09837341308594,303.6572265625,0,0,0,0,0,0,0,0,0,0,0,0,0,1,1,1,1,0,0,0,0,0,0,0,0
2008-07-08 17:15:00+00:00,30,7,17,138.41305541992188,111.03453063964844,0,0,0,0,0,0,0,0,0,0,0,1,1,1,1,1,1,0,0,0,0,0,0,0,0
2008-07-08 17:15:00+00:00,30,7,17,158.4523468017578,130.83338928222656,0,0,0,0,0,0,0,0,0,0,0,0,1,1,1,1,1,0,0,0,0,0,0,0,0
2008-07-08 17:30:00+00:00,30,7,17,213.3982696533203,186.71990966796875,0,0,0,0,0,0,0,0,0,0,0,0,0,0,1,1,1,0,0,0,0,0,0,0,0
2008-07-08 17:30:00+00:00,30,7,17,122.48188018798828,84.7774429321289,0,0,0,0,0,0,0,0,0,0,0,1,1,1,1,1,1,0,0,0,0,0,0,0,0
2008-07-08 17:30:00+00:00,30,7,17,91.43762969970703,64.3014907836914,0,0,0,0,0,0,0,0,0,1,1,1,1,1,1,1,1,0,0,0,0,0,0,0,0
2008-07-08 17:30:00+00:00,30,7,17,36.75694274902344,0.0,0,0,0,0,0,1,1,1,1,1,1,1,1,1,1,1,1,1,1,1,1,1,1,1,1
2008-07-08 17:45:00+00:00,30,7,17,169.7674102783203,110.68807983398438,0,0,0,0,0,0,0,0,0,0,0,0,1,1,1,1,1,0,0,0,0,0,0,0,0
2008-07-08 17:45:00+00:00,30,7,17,128.49188232421875,226.27223205566406,0,0,0,0,0,0,0,0,0,0,0,1,1,1,1,1,1,0,0,0,0,0,0,0,0
2008-07-08 17:45:00+00:00,30,7,17,169.04042053222656,143.8838653564453,0,0,0,0,0,0,0,0,0,0,0,0,1,1,1,1,1,0,0,0,0,0,0,0,0
2008-07-08 17:45:00+00:00,30,7,17,308.3487548828125,348.086181640625,0,0,0,0,0,0,0,0,0,0,0,0,0,0,0,0,1,0,0,0,0,0,0,0,0
2008-07-09 10:00:00+00:00,30,7,10,,,0,0,0,0,0,0,0,0,0,0,0,0,0,0,0,0,0,0,0,0,0,0,0,0,0
2008-07-09 10:00:00+00:00,30,7,10,,223.58517456054688,0,0,0,0,0,0,0,0,0,0,0,0,0,0,0,0,0,0,0,0,0,0,0,0,0
2008-07-09 10:00:00+00:00,30,7,10,,285.2201232910156,0,0,0,0,0,0,0,0,0,0,0,0,0,0,0,0,0,0,0,0,0,0,0,0,0
2008-07-09 10:00:00+00:00,30,7,10,,357.90216064453125,0,0,0,0,0,0,0,0,0,0,0,0,0,0,0,0,0,0,0,0,0,0,0,0,0
2008-07-09 10:00:00+00:00,30,7,10,,,0,0,0,0,0,0,0,0,0,0,0,0,0,0,0,0,0,0,0,0,0,0,0,0,0
2008-07-09 10:00:00+00:00,30,7,10,,,0,0,0,0,0,0,0,0,0,0,0,0,0,0,0,0,0,0,0,0,0,0,0,0,0
2008-07-09 10:00:00+00:00,30,7,10,,,0,0,0,0,0,0,0,0,0,0,0,0,0,0,0,0,0,0,0,0,0,0,0,0,0
2008-07-09 10:00:00+00:00,30,7,10,,,0,0,0,0,0,0,0,0,0,0,0,0,0,0,0,0,0,0,0,0,0,0,0,0,0
2008-07-09 10:00:00+00:00,30,7,10,,,0,0,0,0,0,0,0,0,0,0,0,0,0,0,0,0,0,0,0,0,0,0,0,0,0
2008-07-09 10:00:00+00:00,30,7,10,,,0,0,0,0,0,0,0,0,0,0,0,0,0,0,0,0,0,0,0,0,0,0,0,0,0
2008-07-09 10:00:00+00:00,30,7,10,,,0,0,0,0,0,0,0,0,0,0,0,0,0,0,0,0,0,0,0,0,0,0,0,0,0
2008-07-09 10:15:00+00:00,30,7,10,,,0,0,0,0,0,0,0,0,0,0,0,0,0,0,0,0,0,0,0,0,0,0,0,0,0
2008-07-09 10:15:00+00:00,30,7,10,,,0,0,0,0,0,0,0,0,0,0,0,0,0,0,0,0,0,0,0,0,0,0,0,0,0
2008-07-09 10:15:00+00:00,30,7,10,,118.34200286865234,0,0,0,0,0,0,0,0,0,0,0,0,0,0,0,0,0,0,0,0,0,0,0,0,0
2008-07-09 10:15:00+00:00,30,7,10,,208.7133026123047,0,0,0,0,0,0,0,0,0,0,0,0,0,0,0,0,0,0,0,0,0,0,0,0,0
2008-07-09 10:15:00+00:00,30,7,10,,,0,0,0,0,0,0,0,0,0,0,0,0,0,0,0,0,0,0,0,0,0,0,0,0,0
2008-07-09 10:30:00+00:00,30,7,10,,320.183349609375,0,0,0,0,0,0,0,0,0,0,0,0,0,0,0,0,0,0,0,0,0,0,0,0,0
2008-07-09 10:30:00+00:00,30,7,10,406.0689392089844,159.2041778564453,0,0,0,0,0,0,0,0,0,0,0,0,0,0,0,0,0,0,0,0,0,0,0,0,0
2008-07-09 10:30:00+00:00,30,7,10,,,0,0,0,0,0,0,0,0,0,0,0,0,0,0,0,0,0,0,0,0,0,0,0,0,0
2008-07-09 10:30:00+00:00,30,7,10,,,0,0,0,0,0,0,0,0,0,0,0,0,0,0,0,0,0,0,0,0,0,0,0,0,0
2008-07-09 10:30:00+00:00,30,7,10,,7.359073638916016,0,0,0,0,0,0,0,0,0,0,0,0,0,0,0,0,0,1,1,1,1,1,1,1,1
2008-07-09 10:30:00+00:00,30,7,10,,54.132118225097656,0,0,0,0,0,0,0,0,0,0,0,0,0,0,0,0,0,0,0,0,0,0,0,0,1
2008-07-09 10:30:00+00:00,30,7,10,,,0,0,0,0,0,0,0,0,0,0,0,0,0,0,0,0,0,0,0,0,0,0,0,0,0
2008-07-09 10:30:00+00:00,30,7,10,,156.9797821044922,0,0,0,0,0,0,0,0,0,0,0,0,0,0,0,0,0,0,0,0,0,0,0,0,0
2008-07-09 10:30:00+00:00,30,7,10,,72.53287506103516,0,0,0,0,0,0,0,0,0,0,0,0,0,0,0,0,0,0,0,0,0,0,0,0,0
2008-07-09 10:30:00+00:00,30,7,10,,395.33154296875,0,0,0,0,0,0,0,0,0,0,0,0,0,0,0,0,0,0,0,0,0,0,0,0,0
2008-07-09 10:30:00+00:00,30,7,10,,,0,0,0,0,0,0,0,0,0,0,0,0,0,0,0,0,0,0,0,0,0,0,0,0,0
2008-07-09 10:45:00+00:00,30,7,10,,,0,0,0,0,0,0,0,0,0,0,0,0,0,0,0,0,0,0,0,0,0,0,0,0,0
2008-07-09 10:45:00+00:00,30,7,10,,424.99053955078125,0,0,0,0,0,0,0,0,0,0,0,0,0,0,0,0,0,0,0,0,0,0,0,0,0
2008-07-09 10:45:00+00:00,30,7,10,273.4109191894531,199.8854217529297,0,0,0,0,0,0,0,0,0,0,0,0,0,0,0,1,1,0,0,0,0,0,0,0,0
2008-07-09 10:45:00+00:00,30,7,10,,,0,0,0,0,0,0,0,0,0,0,0,0,0,0,0,0,0,0,0,0,0,0,0,0,0
2008-07-09 10:45:00+00:00,30,7,10,,309.69049072265625,0,0,0,0,0,0,0,0,0,0,0,0,0,0,0,0,0,0,0,0,0,0,0,0,0
2008-07-09 10:45:00+00:00,30,7,10,,160.19223022460938,0,0,0,0,0,0,0,0,0,0,0,0,0,0,0,0,0,0,0,0,0,0,0,0,0
2008-07-09 10:45:00+00:00,30,7,10,,139.96279907226562,0,0,0,0,0,0,0,0,0,0,0,0,0,0,0,0,0,0,0,0,0,0,0,0,0
2008-07-09 10:45:00+00:00,30,7,10,302.39715576171875,262.92742919921875,0,0,0,0,0,0,0,0,0,0,0,0,0,0,0,0,1,0,0,0,0,0,0,0,0
2008-07-09 10:45:00+00:00,30,7,10,,94.5345230102539,0,0,0,0,0,0,0,0,0,0,0,0,0,0,0,0,0,0,0,0,0,0,0,0,0
2008-07-09 10:45:00+00:00,30,7,10,,,0,0,0,0,0,0,0,0,0,0,0,0,0,0,0,0,0,0,0,0,0,0,0,0,0
2008-07-09 10:45:00+00:00,30,7,10,,499.3489990234375,0,0,0,0,0,0,0,0,0,0,0,0,0,0,0,0,0,0,0,0,0,0,0,0,0
2008-07-09 10:45:00+00:00,30,7,10,,475.5564880371094,0,0,0,0,0,0,0,0,0,0,0,0,0,0,0,0,0,0,0,0,0,0,0,0,0
2008-07-09 10:45:00+00:00,30,7,10,,,0,0,0,0,0,0,0,0,0,0,0,0,0,0,0,0,0,0,0,0,0,0,0,0,0
2008-07-09 10:45:00+00:00,30,7,10,275.6444396972656,41.91959762573242,0,0,0,0,0,0,0,0,0,0,0,0,0,0,0,1,1,0,0,0,0,0,0,1,1
2008-07-09 10:45:00+00:00,30,7,10,199.5835723876953,71.02719116210938,0,0,0,0,0,0,0,0,0,0,0,0,0,1,1,1,1,0,0,0,0,0,0,0,0
2008-07-09 10:45:00+00:00,30,7,10,334.1924743652344,100.16472625732422,0,0,0,0,0,0,0,0,0,0,0,0,0,0,0,0,1,0,0,0,0,0,0,0,0
2008-07-09 10:45:00+00:00,30,7,10,,,0,0,0,0,0,0,0,0,0,0,0,0,0,0,0,0,0,0,0,0,0,0,0,0,0
2008-07-09 10:45:00+00:00,30,7,10,,,0,0,0,0,0,0,0,0,0,0,0,0,0,0,0,0,0,0,0,0,0,0,0,0,0
2008-07-09 11:00:00+00:00,30,7,11,205.21942138671875,128.13433837890625,0,0,0,0,0,0,0,0,0,0,0,0,0,0,1,1,1,0,0,0,0,0,0,0,0
2008-07-09 11:00:00+00:00,30,7,11,314.2972717285156,273.9033203125,0,0,0,0,0,0,0,0,0,0,0,0,0,0,0,0,1,0,0,0,0,0,0,0,0
2008-07-09 11:00:00+00:00,30,7,11,269.1160888671875,196.11383056640625,0,0,0,0,0,0,0,0,0,0,0,0,0,0,0,1,1,0,0,0,0,0,0,0,0
2008-07-09 11:00:00+00:00,30,7,11,512.2401123046875,484.2884521484375,0,0,0,0,0,0,0,0,0,0,0,0,0,0,0,0,0,0,0,0,0,0,0,0,0
2008-07-09 11:00:00+00:00,30,7,11,332.9366149902344,38.78806686401367,0,0,0,0,0,0,0,0,0,0,0,0,0,0,0,0,1,0,0,0,0,0,1,1,1
2008-07-09 11:00:00+00:00,30,7,11,394.16656494140625,141.45278930664062,0,0,0,0,0,0,0,0,0,0,0,0,0,0,0,0,0,0,0,0,0,0,0,0,0
2008-07-09 11:00:00+00:00,30,7,11,237.35540771484375,219.65618896484375,0,0,0,0,0,0,0,0,0,0,0,0,0,0,1,1,1,0,0,0,0,0,0,0,0
2008-07-09 11:00:00+00:00,30,7,11,,161.38284301757812,0,0,0,0,0,0,0,0,0,0,0,0,0,0,0,0,0,0,0,0,0,0,0,0,0
2008-07-09 11:00:00+00:00,30,7,11,335.81982421875,333.9948425292969,0,0,0,0,0,0,0,0,0,0,0,0,0,0,0,0,1,0,0,0,0,0,0,0,0
2008-07-09 11:00:00+00:00,30,7,11,197.4138641357422,197.86268615722656,0,0,0,0,0,0,0,0,0,0,0,0,0,1,1,1,1,0,0,0,0,0,0,0,0
2008-07-09 11:00:00+00:00,30,7,11,270.5684814453125,254.82080078125,0,0,0,0,0,0,0,0,0,0,0,0,0,0,0,1,1,0,0,0,0,0,0,0,0
2008-07-09 11:00:00+00:00,30,7,11,146.46475219726562,24.221120834350586,0,0,0,0,0,0,0,0,0,0,0,1,1,1,1,1,1,0,0,0,1,1,1,1,1
2008-07-09 11:00:00+00:00,30,7,11,307.6738586425781,298.0466613769531,0,0,0,0,0,0,0,0,0,0,0,0,0,0,0,0,1,0,0,0,0,0,0,0,0
2008-07-09 11:00:00+00:00,30,7,11,121.06234741210938,50.86965560913086,0,0,0,0,0,0,0,0,0,0,0,1,1,1,1,1,1,0,0,0,0,0,0,0,1
2008-07-09 11:00:00+00:00,30,7,11,169.06173706054688,25.857370376586914,0,0,0,0,0,0,0,0,0,0,0,0,1,1,1,1,1,0,0,0,0,1,1,1,1
2008-07-09 11:00:00+00:00,30,7,11,655.663818359375,675.8345336914062,0,0,0,0,0,0,0,0,0,0,0,0,0,0,0,0,0,0,0,0,0,0,0,0,0
2008-07-09 11:00:00+00:00,30,7,11,,,0,0,0,0,0,0,0,0,0,0,0,0,0,0,0,0,0,0,0,0,0,0,0,0,0
2008-07-09 11:15:00+00:00,30,7,11,,,0,0,0,0,0,0,0,0,0,0,0,0,0,0,0,0,0,0,0,0,0,0,0,0,0
2008-07-09 11:15:00+00:00,30,7,11,329.50616455078125,56.929405212402344,0,0,0,0,0,0,0,0,0,0,0,0,0,0,0,0,1,0,0,0,0,0,0,0,1
2008-07-09 11:15:00+00:00,30,7,11,283.1293640136719,136.7327880859375,0,0,0,0,0,0,0,0,0,0,0,0,0,0,0,1,1,0,0,0,0,0,0,0,0
2008-07-09 11:15:00+00:00,30,7,11,250.8273162841797,187.34735107421875,0,0,0,0,0,0,0,0,0,0,0,0,0,0,0,1,1,0,0,0,0,0,0,0,0
2008-07-09 11:15:00+00:00,30,7,11,335.27569580078125,205.11146545410156,0,0,0,0,0,0,0,0,0,0,0,0,0,0,0,0,1,0,0,0,0,0,0,0,0
2008-07-09 11:15:00+00:00,30,7,11,228.16976928710938,144.4284210205078,0,0,0,0,0,0,0,0,0,0,0,0,0,0,1,1,1,0,0,0,0,0,0,0,0
2008-07-09 11:15:00+00:00,30,7,11,183.81002807617188,211.55288696289062,0,0,0,0,0,0,0,0,0,0,0,0,0,1,1,1,1,0,0,0,0,0,0,0,0
2008-07-09 11:15:00+00:00,30,7,11,230.63839721679688,107.02757263183594,0,0,0,0,0,0,0,0,0,0,0,0,0,0,1,1,1,0,0,0,0,0,0,0,0
2008-07-09 11:15:00+00:00,30,7,11,140.953857421875,134.406494140625,0,0,0,0,0,0,0,0,0,0,0,1,1,1,1,1,1,0,0,0,0,0,0,0,0
2008-07-09 11:15:00+00:00,30,7,11,,,0,0,0,0,0,0,0,0,0,0,0,0,0,0,0,0,0,0,0,0,0,0,0,0,0
2008-07-09 11:15:00+00:00,30,7,11,,235.8116912841797,0,0,0,0,0,0,0,0,0,0,0,0,0,0,0,0,0,0,0,0,0,0,0,0,0
2008-07-09 11:15:00+00:00,30,7,11,112.27486419677734,51.54017639160156,0,0,0,0,0,0,0,0,0,0,1,1,1,1,1,1,1,0,0,0,0,0,0,0,1
2008-07-09 11:15:00+00:00,30,7,11,175.3946990966797,116.04642486572266,0,0,0,0,0,0,0,0,0,0,0,0,1,1,1,1,1,0,0,0,0,0,0,0,0
2008-07-09 11:15:00+00:00,30,7,11,143.34671020507812,106.6136703491211,0,0,0,0,0,0,0,0,0,0,0,1,1,1,1,1,1,0,0,0,0,0,0,0,0
2008-07-09 11:15:00+00:00,30,7,11,,,0,0,0,0,0,0,0,0,0,0,0,0,0,0,0,0,0,0,0,0,0,0,0,0,0
2008-07-09 11:30:00+00:00,30,7,11,262.03106689453125,129.86724853515625,0,0,0,0,0,0,0,0,0,0,0,0,0,0,0,1,1,0,0,0,0,0,0,0,0
2008-07-09 11:30:00+00:00,30,7,11,163.1712646484375,132.09934997558594,0,0,0,0,0,0,0,0,0,0,0,0,1,1,1,1,1,0,0,0,0,0,0,0,0
2008-07-09 11:30:00+00:00,30,7,11,243.00196838378906,251.6899871826172,0,0,0,0,0,0,0,0,0,0,0,0,0,0,1,1,1,0,0,0,0,0,0,0,0
2008-07-09 11:30:00+00:00,30,7,11,339.2970886230469,182.90304565429688,0,0,0,0,0,0,0,0,0,0,0,0,0,0,0,0,1,0,0,0,0,0,0,0,0
2008-07-09 11:30:00+00:00,30,7,11,,,0,0,0,0,0,0,0,0,0,0,0,0,0,0,0,0,0,0,0,0,0,0,0,0,0
2008-07-09 11:30:00+00:00,30,7,11,470.2628173828125,,0,0,0,0,0,0,0,0,0,0,0,0,0,0,0,0,0,0,0,0,0,0,0,0,0
2008-07-09 11:30:00+00:00,30,7,11,363.3139953613281,253.1410369873047,0,0,0,0,0,0,0,0,0,0,0,0,0,0,0,0,0,0,0,0,0,0,0,0,0
2008-07-09 11:30:00+00:00,30,7,11,365.52239990234375,218.5865020751953,0,0,0,0,0,0,0,0,0,0,0,0,0,0,0,0,0,0,0,0,0,0,0,0,0
2008-07-09 11:30:00+00:00,30,7,11,497.6751403808594,,0,0,0,0,0,0,0,0,0,0,0,0,0,0,0,0,0,0,0,0,0,0,0,0,0
2008-07-09 11:30:00+00:00,30,7,11,469.77294921875,,0,0,0,0,0,0,0,0,0,0,0,0,0,0,0,0,0,0,0,0,0,0,0,0,0
2008-07-09 11:30:00+00:00,30,7,11,323.74432373046875,140.373291015625,0,0,0,0,0,0,0,0,0,0,0,0,0,0,0,0,1,0,0,0,0,0,0,0,0
2008-07-09 11:30:00+00:00,30,7,11,41.067474365234375,50.55198287963867,0,0,0,0,0,0,1,1,1,1,1,1,1,1,1,1,1,0,0,0,0,0,0,0,1
2008-07-09 11:30:00+00:00,30,7,11,328.1485900878906,93.70220947265625,0,0,0,0,0,0,0,0,0,0,0,0,0,0,0,0,1,0,0,0,0,0,0,0,0
2008-07-09 11:30:00+00:00,30,7,11,19.785608291625977,51.023170471191406,0,0,1,1,1,1,1,1,1,1,1,1,1,1,1,1,1,0,0,0,0,0,0,0,1
2008-07-09 11:30:00+00:00,30,7,11,430.9210510253906,489.3556213378906,0,0,0,0,0,0,0,0,0,0,0,0,0,0,0,0,0,0,0,0,0,0,0,0,0
2008-07-09 11:30:00+00:00,30,7,11,111.36083984375,77.19719696044922,0,0,0,0,0,0,0,0,0,0,1,1,1,1,1,1,1,0,0,0,0,0,0,0,0
2008-07-09 11:30:00+00:00,30,7,11,380.2579650878906,283.3208312988281,0,0,0,0,0,0,0,0,0,0,0,0,0,0,0,0,0,0,0,0,0,0,0,0,0
2008-07-09 11:30:00+00:00,30,7,11,405.0951232910156,315.0342712402344,0,0,0,0,0,0,0,0,0,0,0,0,0,0,0,0,0,0,0,0,0,0,0,0,0
2008-07-09 11:45:00+00:00,30,7,11,,,0,0,0,0,0,0,0,0,0,0,0,0,0,0,0,0,0,0,0,0,0,0,0,0,0
2008-07-09 11:45:00+00:00,30,7,11,234.99832153320312,161.72137451171875,0,0,0,0,0,0,0,0,0,0,0,0,0,0,1,1,1,0,0,0,0,0,0,0,0
2008-07-09 11:45:00+00:00,30,7,11,,147.0520782470703,0,0,0,0,0,0,0,0,0,0,0,0,0,0,0,0,0,0,0,0,0,0,0,0,0
2008-07-09 11:45:00+00:00,30,7,11,127.58844757080078,178.00184631347656,0,0,0,0,0,0,0,0,0,0,0,1,1,1,1,1,1,0,0,0,0,0,0,0,0
2008-07-09 11:45:00+00:00,30,7,11,185.46485900878906,136.1437530517578,0,0,0,0,0,0,0,0,0,0,0,0,0,1,1,1,1,0,0,0,0,0,0,0,0
2008-07-09 11:45:00+00:00,30,7,11,136.38514709472656,114.3019790649414,0,0,0,0,0,0,0,0,0,0,0,1,1,1,1,1,1,0,0,0,0,0,0,0,0
2008-07-09 11:45:00+00:00,30,7,11,,,0,0,0,0,0,0,0,0,0,0,0,0,0,0,0,0,0,0,0,0,0,0,0,0,0
2008-07-09 11:45:00+00:00,30,7,11,122.23604583740234,146.31678771972656,0,0,0,0,0,0,0,0,0,0,0,1,1,1,1,1,1,0,0,0,0,0,0,0,0
2008-07-09 11:45:00+00:00,30,7,11,161.89059448242188,105.46463012695312,0,0,0,0,0,0,0,0,0,0,0,0,1,1,1,1,1,0,0,0,0,0,0,0,0
2008-07-09 11:45:00+00:00,30,7,11,222.1414794921875,250.81570434570312,0,0,0,0,0,0,0,0,0,0,0,0,0,0,1,1,1,0,0,0,0,0,0,0,0
2008-07-09 11:45:00+00:00,30,7,11,48.874454498291016,57.80616760253906,0,0,0,0,0,0,1,1,1,1,1,1,1,1,1,1,1,0,0,0,0,0,0,0,1
2008-07-09 11:45:00+00:00,30,7,11,164.4994659423828,0.0,0,0,0,0,0,0,0,0,0,0,0,0,1,1,1,1,1,1,1,1,1,1,1,1,1
2008-07-09 11:45:00+00:00,30,7,11,194.0011444091797,15.110559463500977,0,0,0,0,0,0,0,0,0,0,0,0,0,1,1,1,1,0,0,1,1,1,1,1,1
2008-07-09 11:45:00+00:00,30,7,11,128.47569274902344,61.62139129638672,0,0,0,0,0,0,0,0,0,0,0,1,1,1,1,1,1,0,0,0,0,0,0,0,0
2008-07-09 11:45:00+00:00,30,7,11,526.4625854492188,,0,0,0,0,0,0,0,0,0,0,0,0,0,0,0,0,0,0,0,0,0,0,0,0,0
2008-07-09 11:45:00+00:00,30,7,11,93.96612548828125,3.2503461837768555,0,0,0,0,0,0,0,0,0,1,1,1,1,1,1,1,1,1,1,1,1,1,1,1,1
2008-07-09 11:45:00+00:00,30,7,11,20.32579803466797,44.26631546020508,0,0,0,1,1,1,1,1,1,1,1,1,1,1,1,1,1,0,0,0,0,0,0,1,1
2008-07-09 11:45:00+00:00,30,7,11,,,0,0,0,0,0,0,0,0,0,0,0,0,0,0,0,0,0,0,0,0,0,0,0,0,0
2008-07-09 11:45:00+00:00,30,7,11,183.6416015625,148.29605102539062,0,0,0,0,0,0,0,0,0,0,0,0,0,1,1,1,1,0,0,0,0,0,0,0,0
2008-07-09 11:45:00+00:00,30,7,11,583.1620483398438,604.0225830078125,0,0,0,0,0,0,0,0,0,0,0,0,0,0,0,0,0,0,0,0,0,0,0,0,0
2008-07-09 11:45:00+00:00,30,7,11,,,0,0,0,0,0,0,0,0,0,0,0,0,0,0,0,0,0,0,0,0,0,0,0,0,0
2008-07-09 12:00:00+00:00,30,7,12,298.38409423828125,310.52471923828125,0,0,0,0,0,0,0,0,0,0,0,0,0,0,0,1,1,0,0,0,0,0,0,0,0
2008-07-09 12:00:00+00:00,30,7,12,172.9055633544922,184.6603240966797,0,0,0,0,0,0,0,0,0,0,0,0,1,1,1,1,1,0,0,0,0,0,0,0,0
2008-07-09 12:00:00+00:00,30,7,12,,,0,0,0,0,0,0,0,0,0,0,0,0,0,0,0,0,0,0,0,0,0,0,0,0,0
2008-07-09 12:00:00+00:00,30,7,12,179.5735626220703,83.27772521972656,0,0,0,0,0,0,0,0,0,0,0,0,1,1,1,1,1,0,0,0,0,0,0,0,0
2008-07-09 12:00:00+00:00,30,7,12,190.73069763183594,69.32897186279297,0,0,0,0,0,0,0,0,0,0,0,0,0,1,1,1,1,0,0,0,0,0,0,0,0
2008-07-09 12:00:00+00:00,30,7,12,202.5045928955078,241.44851684570312,0,0,0,0,0,0,0,0,0,0,0,0,0,0,1,1,1,0,0,0,0,0,0,0,0
2008-07-09 12:00:00+00:00,30,7,12,,,0,0,0,0,0,0,0,0,0,0,0,0,0,0,0,0,0,0,0,0,0,0,0,0,0
2008-07-09 12:00:00+00:00,30,7,12,85.21245574951172,58.632720947265625,0,0,0,0,0,0,0,0,0,1,1,1,1,1,1,1,1,0,0,0,0,0,0,0,1
2008-07-09 12:00:00+00:00,30,7,12,253.07127380371094,188.94390869140625,0,0,0,0,0,0,0,0,0,0,0,0,0,0,0,1,1,0,0,0,0,0,0,0,0
2008-07-09 12:00:00+00:00,30,7,12,210.65817260742188,162.01719665527344,0,0,0,0,0,0,0,0,0,0,0,0,0,0,1,1,1,0,0,0,0,0,0,0,0
2008-07-09 12:00:00+00:00,30,7,12,,,0,0,0,0,0,0,0,0,0,0,0,0,0,0,0,0,0,0,0,0,0,0,0,0,0
2008-07-09 12:00:00+00:00,30,7,12,103.15564727783203,45.36228561401367,0,0,0,0,0,0,0,0,0,0,1,1,1,1,1,1,1,0,0,0,0,0,0,1,1
2008-07-09 12:00:00+00:00,30,7,12,207.00408935546875,190.86671447753906,0,0,0,0,0,0,0,0,0,0,0,0,0,0,1,1,1,0,0,0,0,0,0,0,0
2008-07-09 12:00:00+00:00,30,7,12,140.88916015625,177.5509490966797,0,0,0,0,0,0,0,0,0,0,0,1,1,1,1,1,1,0,0,0,0,0,0,0,0
2008-07-09 12:00:00+00:00,30,7,12,317.482666015625,296.28448486328125,0,0,0,0,0,0,0,0,0,0,0,0,0,0,0,0,1,0,0,0,0,0,0,0,0
2008-07-09 12:00:00+00:00,30,7,12,425.02581787109375,392.37506103515625,0,0,0,0,0,0,0,0,0,0,0,0,0,0,0,0,0,0,0,0,0,0,0,0,0
2008-07-09 12:00:00+00:00,30,7,12,,649.3201904296875,0,0,0,0,0,0,0,0,0,0,0,0,0,0,0,0,0,0,0,0,0,0,0,0,0
2008-07-09 12:00:00+00:00,30,7,12,,,0,0,0,0,0,0,0,0,0,0,0,0,0,0,0,0,0,0,0,0,0,0,0,0,0
2008-07-09 12:15:00+00:00,30,7,12,338.18194580078125,482.7235412597656,0,0,0,0,0,0,0,0,0,0,0,0,0,0,0,0,1,0,0,0,0,0,0,0,0
2008-07-09 12:15:00+00:00,30,7,12,154.2609100341797,111.88032531738281,0,0,0,0,0,0,0,0,0,0,0,0,1,1,1,1,1,0,0,0,0,0,0,0,0
2008-07-09 12:15:00+00:00,30,7,12,246.14999389648438,246.29104614257812,0,0,0,0,0,0,0,0,0,0,0,0,0,0,1,1,1,0,0,0,0,0,0,0,0
2008-07-09 12:15:00+00:00,30,7,12,210.18646240234375,15.141929626464844,0,0,0,0,0,0,0,0,0,0,0,0,0,0,1,1,1,0,0,1,1,1,1,1,1
2008-07-09 12:15:00+00:00,30,7,12,145.9557647705078,132.59007263183594,0,0,0,0,0,0,0,0,0,0,0,1,1,1,1,1,1,0,0,0,0,0,0,0,0
2008-07-09 12:15:00+00:00,30,7,12,,,0,0,0,0,0,0,0,0,0,0,0,0,0,0,0,0,0,0,0,0,0,0,0,0,0
2008-07-09 12:15:00+00:00,30,7,12,,,0,0,0,0,0,0,0,0,0,0,0,0,0,0,0,0,0,0,0,0,0,0,0,0,0
2008-07-09 12:15:00+00:00,30,7,12,,,0,0,0,0,0,0,0,0,0,0,0,0,0,0,0,0,0,0,0,0,0,0,0,0,0
2008-07-09 12:15:00+00:00,30,7,12,176.18319702148438,131.95999145507812,0,0,0,0,0,0,0,0,0,0,0,0,1,1,1,1,1,0,0,0,0,0,0,0,0
2008-07-09 12:15:00+00:00,30,7,12,78.3342514038086,38.31477355957031,0,0,0,0,0,0,0,0,1,1,1,1,1,1,1,1,1,0,0,0,0,0,1,1,1
2008-07-09 12:15:00+00:00,30,7,12,333.5953063964844,275.8173828125,0,0,0,0,0,0,0,0,0,0,0,0,0,0,0,0,1,0,0,0,0,0,0,0,0
2008-07-09 12:15:00+00:00,30,7,12,,,0,0,0,0,0,0,0,0,0,0,0,0,0,0,0,0,0,0,0,0,0,0,0,0,0
2008-07-09 12:15:00+00:00,30,7,12,,374.6312561035156,0,0,0,0,0,0,0,0,0,0,0,0,0,0,0,0,0,0,0,0,0,0,0,0,0
2008-07-09 12:15:00+00:00,30,7,12,99.03351593017578,115.3017349243164,0,0,0,0,0,0,0,0,0,1,1,1,1,1,1,1,1,0,0,0,0,0,0,0,0
2008-07-09 12:15:00+00:00,30,7,12,122.36518859863281,56.66433334350586,0,0,0,0,0,0,0,0,0,0,0,1,1,1,1,1,1,0,0,0,0,0,0,0,1
2008-07-09 12:15:00+00:00,30,7,12,114.57825469970703,135.30450439453125,0,0,0,0,0,0,0,0,0,0,1,1,1,1,1,1,1,0,0,0,0,0,0,0,0
2008-07-09 12:15:00+00:00,30,7,12,,,0,0,0,0,0,0,0,0,0,0,0,0,0,0,0,0,0,0,0,0,0,0,0,0,0
2008-07-09 12:15:00+00:00,30,7,12,,672.3272705078125,0,0,0,0,0,0,0,0,0,0,0,0,0,0,0,0,0,0,0,0,0,0,0,0,0
2008-07-09 12:30:00+00:00,30,7,12,,,0,0,0,0,0,0,0,0,0,0,0,0,0,0,0,0,0,0,0,0,0,0,0,0,0
2008-07-09 12:30:00+00:00,30,7,12,94.9189224243164,141.52745056152344,0,0,0,0,0,0,0,0,0,1,1,1,1,1,1,1,1,0,0,0,0,0,0,0,0
2008-07-09 12:30:00+00:00,30,7,12,289.526611328125,179.4696044921875,0,0,0,0,0,0,0,0,0,0,0,0,0,0,0,1,1,0,0,0,0,0,0,0,0
2008-07-09 12:30:00+00:00,30,7,12,176.2750244140625,60.28425216674805,0,0,0,0,0,0,0,0,0,0,0,0,1,1,1,1,1,0,0,0,0,0,0,0,0
2008-07-09 12:30:00+00:00,30,7,12,212.99624633789062,213.27162170410156,0,0,0,0,0,0,0,0,0,0,0,0,0,0,1,1,1,0,0,0,0,0,0,0,0
2008-07-09 12:30:00+00:00,30,7,12,227.6407470703125,139.5830078125,0,0,0,0,0,0,0,0,0,0,0,0,0,0,1,1,1,0,0,0,0,0,0,0,0
2008-07-09 12:30:00+00:00,30,7,12,,213.82806396484375,0,0,0,0,0,0,0,0,0,0,0,0,0,0,0,0,0,0,0,0,0,0,0,0,0
2008-07-09 12:30:00+00:00,30,7,12,,46.663272857666016,0,0,0,0,0,0,0,0,0,0,0,0,0,0,0,0,0,0,0,0,0,0,0,1,1
2008-07-09 12:30:00+00:00,30,7,12,364.39398193359375,379.88616943359375,0,0,0,0,0,0,0,0,0,0,0,0,0,0,0,0,0,0,0,0,0,0,0,0,0
2008-07-09 12:30:00+00:00,30,7,12,,,0,0,0,0,0,0,0,0,0,0,0,0,0,0,0,0,0,0,0,0,0,0,0,0,0
2008-07-09 12:30:00+00:00,30,7,12,95.96324157714844,33.164466857910156,0,0,0,0,0,0,0,0,0,1,1,1,1,1,1,1,1,0,0,0,0,0,1,1,1
2008-07-09 12:30:00+00:00,30,7,12,,,0,0,0,0,0,0,0,0,0,0,0,0,0,0,0,0,0,0,0,0,0,0,0,0,0
2008-07-09 12:45:00+00:00,30,7,12,,,0,0,0,0,0,0,0,0,0,0,0,0,0,0,0,0,0,0,0,0,0,0,0,0,0
2008-07-09 12:45:00+00:00,30,7,12,83.28573608398438,78.80145263671875,0,0,0,0,0,0,0,0,0,1,1,1,1,1,1,1,1,0,0,0,0,0,0,0,0
2008-07-09 12:45:00+00:00,30,7,12,,,0,0,0,0,0,0,0,0,0,0,0,0,0,0,0,0,0,0,0,0,0,0,0,0,0
2008-07-09 12:45:00+00:00,30,7,12,121.59144592285156,13.056478500366211,0,0,0,0,0,0,0,0,0,0,0,1,1,1,1,1,1,0,1,1,1,1,1,1,1
2008-07-09 12:45:00+00:00,30,7,12,292.9840087890625,298.7135009765625,0,0,0,0,0,0,0,0,0,0,0,0,0,0,0,1,1,0,0,0,0,0,0,0,0
2008-07-09 12:45:00+00:00,30,7,12,246.71510314941406,300.9421691894531,0,0,0,0,0,0,0,0,0,0,0,0,0,0,1,1,1,0,0,0,0,0,0,0,0
2008-07-09 12:45:00+00:00,30,7,12,94.68211364746094,79.9276351928711,0,0,0,0,0,0,0,0,0,1,1,1,1,1,1,1,1,0,0,0,0,0,0,0,0
2008-07-09 12:45:00+00:00,30,7,12,219.6808319091797,122.93831634521484,0,0,0,0,0,0,0,0,0,0,0,0,0,0,1,1,1,0,0,0,0,0,0,0,0
2008-07-09 12:45:00+00:00,30,7,12,,,0,0,0,0,0,0,0,0,0,0,0,0,0,0,0,0,0,0,0,0,0,0,0,0,0
2008-07-09 12:45:00+00:00,30,7,12,,,0,0,0,0,0,0,0,0,0,0,0,0,0,0,0,0,0,0,0,0,0,0,0,0,0
2008-07-09 12:45:00+00:00,30,7,12,347.65625,346.2286071777344,0,0,0,0,0,0,0,0,0,0,0,0,0,0,0,0,1,0,0,0,0,0,0,0,0
2008-07-09 12:45:00+00:00,30,7,12,152.9497833251953,82.67578887939453,0,0,0,0,0,0,0,0,0,0,0,0,1,1,1,1,1,0,0,0,0,0,0,0,0
2008-07-09 12:45:00+00:00,30,7,12,,159.76719665527344,0,0,0,0,0,0,0,0,0,0,0,0,0,0,0,0,0,0,0,0,0,0,0,0,0
2008-07-09 12:45:00+00:00,30,7,12,,447.93743896484375,0,0,0,0,0,0,0,0,0,0,0,0,0,0,0,0,0,0,0,0,0,0,0,0,0
2008-07-09 13:00:00+00:00,30,7,13,,,0,0,0,0,0,0,0,0,0,0,0,0,0,0,0,0,0,0,0,0,0,0,0,0,0
2008-07-09 13:00:00+00:00,30,7,13,130.4360809326172,7.057642936706543,0,0,0,0,0,0,0,0,0,0,0,1,1,1,1,1,1,1,1,1,1,1,1,1,1
2008-07-09 13:00:00+00:00,30,7,13,412.8838195800781,392.0050354003906,0,0,0,0,0,0,0,0,0,0,0,0,0,0,0,0,0,0,0,0,0,0,0,0,0
2008-07-09 13:00:00+00:00,30,7,13,94.64106750488281,81.96539306640625,0,0,0,0,0,0,0,0,0,1,1,1,1,1,1,1,1,0,0,0,0,0,0,0,0
2008-07-09 13:00:00+00:00,30,7,13,,,0,0,0,0,0,0,0,0,0,0,0,0,0,0,0,0,0,0,0,0,0,0,0,0,0
2008-07-09 13:00:00+00:00,30,7,13,260.0037536621094,15.710695266723633,0,0,0,0,0,0,0,0,0,0,0,0,0,0,0,1,1,0,0,1,1,1,1,1,1
2008-07-09 13:00:00+00:00,30,7,13,514.71533203125,584.1502685546875,0,0,0,0,0,0,0,0,0,0,0,0,0,0,0,0,0,0,0,0,0,0,0,0,0
2008-07-09 13:15:00+00:00,30,7,13,188.16018676757812,74.39553833007812,0,0,0,0,0,0,0,0,0,0,0,0,0,1,1,1,1,0,0,0,0,0,0,0,0
2008-07-09 13:15:00+00:00,30,7,13,,320.6433410644531,0,0,0,0,0,0,0,0,0,0,0,0,0,0,0,0,0,0,0,0,0,0,0,0,0
2008-07-09 13:15:00+00:00,30,7,13,,238.94248962402344,0,0,0,0,0,0,0,0,0,0,0,0,0,0,0,0,0,0,0,0,0,0,0,0,0
2008-07-09 13:15:00+00:00,30,7,13,410.3162536621094,161.69515991210938,0,0,0,0,0,0,0,0,0,0,0,0,0,0,0,0,0,0,0,0,0,0,0,0,0
2008-07-09 13:15:00+00:00,30,7,13,137.10943603515625,152.31781005859375,0,0,0,0,0,0,0,0,0,0,0,1,1,1,1,1,1,0,0,0,0,0,0,0,0
2008-07-09 13:15:00+00:00,30,7,13,127.44309997558594,133.3800048828125,0,0,0,0,0,0,0,0,0,0,0,1,1,1,1,1,1,0,0,0,0,0,0,0,0
2008-07-09 13:15:00+00:00,30,7,13,50.118438720703125,39.19828414916992,0,0,0,0,0,0,0,1,1,1,1,1,1,1,1,1,1,0,0,0,0,0,1,1,1
2008-07-09 13:15:00+00:00,30,7,13,218.4995880126953,94.54074096679688,0,0,0,0,0,0,0,0,0,0,0,0,0,0,1,1,1,0,0,0,0,0,0,0,0
2008-07-09 13:15:00+00:00,30,7,13,,60.67561721801758,0,0,0,0,0,0,0,0,0,0,0,0,0,0,0,0,0,0,0,0,0,0,0,0,0
2008-07-09 13:15:00+00:00,30,7,13,50.74949264526367,48.917633056640625,0,0,0,0,0,0,0,1,1,1,1,1,1,1,1,1,1,0,0,0,0,0,0,1,1
2008-07-09 13:15:00+00:00,30,7,13,433.19879150390625,394.4602355957031,0,0,0,0,0,0,0,0,0,0,0,0,0,0,0,0,0,0,0,0,0,0,0,0,0
2008-07-09 13:30:00+00:00,30,7,13,,0.0,0,0,0,0,0,0,0,0,0,0,0,0,0,0,0,0,0,1,1,1,1,1,1,1,1
2008-07-09 13:30:00+00:00,30,7,13,,,0,0,0,0,0,0,0,0,0,0,0,0,0,0,0,0,0,0,0,0,0,0,0,0,0
2008-07-09 13:30:00+00:00,30,7,13,93.2684555053711,54.49013900756836,0,0,0,0,0,0,0,0,0,1,1,1,1,1,1,1,1,0,0,0,0,0,0,0,1
2008-07-09 13:30:00+00:00,30,7,13,,,0,0,0,0,0,0,0,0,0,0,0,0,0,0,0,0,0,0,0,0,0,0,0,0,0
2008-07-09 13:30:00+00:00,30,7,13,,,0,0,0,0,0,0,0,0,0,0,0,0,0,0,0,0,0,0,0,0,0,0,0,0,0
2008-07-09 13:30:00+00:00,30,7,13,152.26963806152344,144.44979858398438,0,0,0,0,0,0,0,0,0,0,0,0,1,1,1,1,1,0,0,0,0,0,0,0,0
2008-07-09 13:30:00+00:00,30,7,13,57.864933013916016,67.11087036132812,0,0,0,0,0,0,0,1,1,1,1,1,1,1,1,1,1,0,0,0,0,0,0,0,0
2008-07-09 13:30:00+00:00,30,7,13,329.717041015625,363.873779296875,0,0,0,0,0,0,0,0,0,0,0,0,0,0,0,0,1,0,0,0,0,0,0,0,0
2008-07-09 13:45:00+00:00,30,7,13,,164.02684020996094,0,0,0,0,0,0,0,0,0,0,0,0,0,0,0,0,0,0,0,0,0,0,0,0,0
2008-07-09 13:45:00+00:00,30,7,13,,47.54548645019531,0,0,0,0,0,0,0,0,0,0,0,0,0,0,0,0,0,0,0,0,0,0,0,1,1
2008-07-09 13:45:00+00:00,30,7,13,,129.02244567871094,0,0,0,0,0,0,0,0,0,0,0,0,0,0,0,0,0,0,0,0,0,0,0,0,0
2008-07-09 13:45:00+00:00,30,7,13,365.1002502441406,369.6982116699219,0,0,0,0,0,0,0,0,0,0,0,0,0,0,0,0,0,0,0,0,0,0,0,0,0
2008-07-09 13:45:00+00:00,30,7,13,117.56275939941406,146.04014587402344,0,0,0,0,0,0,0,0,0,0,1,1,1,1,1,1,1,0,0,0,0,0,0,0,0
2008-07-09 13:45:00+00:00,30,7,13,100.5682373046875,191.02178955078125,0,0,0,0,0,0,0,0,0,0,1,1,1,1,1,1,1,0,0,0,0,0,0,0,0
2008-07-09 13:45:00+00:00,30,7,13,,,0,0,0,0,0,0,0,0,0,0,0,0,0,0,0,0,0,0,0,0,0,0,0,0,0
2008-07-09 13:45:00+00:00,30,7,13,,,0,0,0,0,0,0,0,0,0,0,0,0,0,0,0,0,0,0,0,0,0,0,0,0,0
2008-07-09 13:45:00+00:00,30,7,13,85.19556427001953,56.32477951049805,0,0,0,0,0,0,0,0,0,1,1,1,1,1,1,1,1,0,0,0,0,0,0,0,1
2008-07-09 13:45:00+00:00,30,7,13,112.34471130371094,125.22405242919922,0,0,0,0,0,0,0,0,0,0,1,1,1,1,1,1,1,0,0,0,0,0,0,0,0
2008-07-09 13:45:00+00:00,30,7,13,85.93447875976562,68.68235778808594,0,0,0,0,0,0,0,0,0,1,1,1,1,1,1,1,1,0,0,0,0,0,0,0,0
2008-07-09 13:45:00+00:00,30,7,13,53.88408279418945,70.42063903808594,0,0,0,0,0,0,0,1,1,1,1,1,1,1,1,1,1,0,0,0,0,0,0,0,0
2008-07-09 13:45:00+00:00,30,7,13,,,0,0,0,0,0,0,0,0,0,0,0,0,0,0,0,0,0,0,0,0,0,0,0,0,0
2008-07-09 13:45:00+00:00,30,7,13,81.4421157836914,107.36625671386719,0,0,0,0,0,0,0,0,0,1,1,1,1,1,1,1,1,0,0,0,0,0,0,0,0
2008-07-09 13:45:00+00:00,30,7,13,69.19068908691406,101.45181274414062,0,0,0,0,0,0,0,0,1,1,1,1,1,1,1,1,1,0,0,0,0,0,0,0,0
2008-07-09 14:00:00+00:00,30,7,14,211.21205139160156,189.6802978515625,0,0,0,0,0,0,0,0,0,0,0,0,0,0,1,1,1,0,0,0,0,0,0,0,0
2008-07-09 14:00:00+00:00,30,7,14,249.51502990722656,223.67510986328125,0,0,0,0,0,0,0,0,0,0,0,0,0,0,1,1,1,0,0,0,0,0,0,0,0
2008-07-09 14:00:00+00:00,30,7,14,370.34112548828125,,0,0,0,0,0,0,0,0,0,0,0,0,0,0,0,0,0,0,0,0,0,0,0,0,0
2008-07-09 14:00:00+00:00,30,7,14,248.34031677246094,282.6442565917969,0,0,0,0,0,0,0,0,0,0,0,0,0,0,1,1,1,0,0,0,0,0,0,0,0
2008-07-09 14:00:00+00:00,30,7,14,120.58497619628906,177.79872131347656,0,0,0,0,0,0,0,0,0,0,0,1,1,1,1,1,1,0,0,0,0,0,0,0,0
2008-07-09 14:00:00+00:00,30,7,14,104.05950927734375,27.5701961517334,0,0,0,0,0,0,0,0,0,0,1,1,1,1,1,1,1,0,0,0,0,1,1,1,1
2008-07-09 14:00:00+00:00,30,7,14,110.53006744384766,88.55866241455078,0,0,0,0,0,0,0,0,0,0,1,1,1,1,1,1,1,0,0,0,0,0,0,0,0
2008-07-09 14:00:00+00:00,30,7,14,,125.89103698730469,0,0,0,0,0,0,0,0,0,0,0,0,0,0,0,0,0,0,0,0,0,0,0,0,0
2008-07-09 14:00:00+00:00,30,7,14,,,0,0,0,0,0,0,0,0,0,0,0,0,0,0,0,0,0,0,0,0,0,0,0,0,0
2008-07-09 14:00:00+00:00,30,7,14,,,0,0,0,0,0,0,0,0,0,0,0,0,0,0,0,0,0,0,0,0,0,0,0,0,0
2008-07-09 14:00:00+00:00,30,7,14,515.10107421875,18.49553680419922,0,0,0,0,0,0,0,0,0,0,0,0,0,0,0,0,0,0,0,1,1,1,1,1,1
2008-07-09 14:00:00+00:00,30,7,14,,179.28024291992188,0,0,0,0,0,0,0,0,0,0,0,0,0,0,0,0,0,0,0,0,0,0,0,0,0
2008-07-09 14:15:00+00:00,30,7,14,222.84158325195312,149.9742431640625,0,0,0,0,0,0,0,0,0,0,0,0,0,0,1,1,1,0,0,0,0,0,0,0,0
2008-07-09 14:15:00+00:00,30,7,14,396.38751220703125,,0,0,0,0,0,0,0,0,0,0,0,0,0,0,0,0,0,0,0,0,0,0,0,0,0
2008-07-09 14:15:00+00:00,30,7,14,283.2060546875,,0,0,0,0,0,0,0,0,0,0,0,0,0,0,0,1,1,0,0,0,0,0,0,0,0
2008-07-09 14:15:00+00:00,30,7,14,,,0,0,0,0,0,0,0,0,0,0,0,0,0,0,0,0,0,0,0,0,0,0,0,0,0
2008-07-09 14:15:00+00:00,30,7,14,,,0,0,0,0,0,0,0,0,0,0,0,0,0,0,0,0,0,0,0,0,0,0,0,0,0
2008-07-09 14:15:00+00:00,30,7,14,,,0,0,0,0,0,0,0,0,0,0,0,0,0,0,0,0,0,0,0,0,0,0,0,0,0
2008-07-09 14:15:00+00:00,30,7,14,177.890380859375,166.6012725830078,0,0,0,0,0,0,0,0,0,0,0,0,1,1,1,1,1,0,0,0,0,0,0,0,0
2008-07-09 14:15:00+00:00,30,7,14,75.95047760009766,37.62759780883789,0,0,0,0,0,0,0,0,1,1,1,1,1,1,1,1,1,0,0,0,0,0,1,1,1
2008-07-09 14:15:00+00:00,30,7,14,132.94027709960938,44.440765380859375,0,0,0,0,0,0,0,0,0,0,0,1,1,1,1,1,1,0,0,0,0,0,0,1,1
2008-07-09 14:15:00+00:00,30,7,14,64.81993103027344,45.02378463745117,0,0,0,0,0,0,0,0,1,1,1,1,1,1,1,1,1,0,0,0,0,0,0,1,1
2008-07-09 14:30:00+00:00,30,7,14,252.26992797851562,241.63143920898438,0,0,0,0,0,0,0,0,0,0,0,0,0,0,0,1,1,0,0,0,0,0,0,0,0
2008-07-09 14:30:00+00:00,30,7,14,333.4245300292969,,0,0,0,0,0,0,0,0,0,0,0,0,0,0,0,0,1,0,0,0,0,0,0,0,0
2008-07-09 14:30:00+00:00,30,7,14,292.5216064453125,,0,0,0,0,0,0,0,0,0,0,0,0,0,0,0,1,1,0,0,0,0,0,0,0,0
2008-07-09 14:30:00+00:00,30,7,14,318.3361511230469,355.73419189453125,0,0,0,0,0,0,0,0,0,0,0,0,0,0,0,0,1,0,0,0,0,0,0,0,0
2008-07-09 14:30:00+00:00,30,7,14,,,0,0,0,0,0,0,0,0,0,0,0,0,0,0,0,0,0,0,0,0,0,0,0,0,0
2008-07-09 14:45:00+00:00,30,7,14,283.3042907714844,257.35198974609375,0,0,0,0,0,0,0,0,0,0,0,0,0,0,0,1,1,0,0,0,0,0,0,0,0
2008-07-09 14:45:00+00:00,30,7,14,374.0810546875,156.28604125976562,0,0,0,0,0,0,0,0,0,0,0,0,0,0,0,0,0,0,0,0,0,0,0,0,0
2008-07-09 14:45:00+00:00,30,7,14,124.6362533569336,80.8048095703125,0,0,0,0,0,0,0,0,0,0,0,1,1,1,1,1,1,0,0,0,0,0,0,0,0
2008-07-09 14:45:00+00:00,30,7,14,382.0945739746094,444.8037109375,0,0,0,0,0,0,0,0,0,0,0,0,0,0,0,0,0,0,0,0,0,0,0,0,0
2008-07-09 14:45:00+00:00,30,7,14,149.80810546875,157.52847290039062,0,0,0,0,0,0,0,0,0,0,0,1,1,1,1,1,1,0,0,0,0,0,0,0,0
2008-07-09 14:45:00+00:00,30,7,14,128.02992248535156,56.80531311035156,0,0,0,0,0,0,0,0,0,0,0,1,1,1,1,1,1,0,0,0,0,0,0,0,1
2008-07-09 14:45:00+00:00,30,7,14,85.5859603881836,62.499210357666016,0,0,0,0,0,0,0,0,0,1,1,1,1,1,1,1,1,0,0,0,0,0,0,0,0
2008-07-09 14:45:00+00:00,30,7,14,121.66515350341797,151.06661987304688,0,0,0,0,0,0,0,0,0,0,0,1,1,1,1,1,1,0,0,0,0,0,0,0,0
2008-07-09 14:45:00+00:00,30,7,14,278.02227783203125,371.41583251953125,0,0,0,0,0,0,0,0,0,0,0,0,0,0,0,1,1,0,0,0,0,0,0,0,0
2008-07-09 15:00:00+00:00,30,7,15,218.40220642089844,151.28244018554688,0,0,0,0,0,0,0,0,0,0,0,0,0,0,1,1,1,0,0,0,0,0,0,0,0
2008-07-09 15:00:00+00:00,30,7,15,,,0,0,0,0,0,0,0,0,0,0,0,0,0,0,0,0,0,0,0,0,0,0,0,0,0
2008-07-09 15:00:00+00:00,30,7,15,413.8004150390625,419.0396728515625,0,0,0,0,0,0,0,0,0,0,0,0,0,0,0,0,0,0,0,0,0,0,0,0,0
2008-07-09 15:00:00+00:00,30,7,15,,,0,0,0,0,0,0,0,0,0,0,0,0,0,0,0,0,0,0,0,0,0,0,0,0,0
2008-07-09 15:00:00+00:00,30,7,15,,,0,0,0,0,0,0,0,0,0,0,0,0,0,0,0,0,0,0,0,0,0,0,0,0,0
2008-07-09 15:00:00+00:00,30,7,15,,,0,0,0,0,0,0,0,0,0,0,0,0,0,0,0,0,0,0,0,0,0,0,0,0,0
2008-07-09 15:00:00+00:00,30,7,15,421.9556579589844,427.7673034667969,0,0,0,0,0,0,0,0,0,0,0,0,0,0,0,0,0,0,0,0,0,0,0,0,0
2008-07-09 15:00:00+00:00,30,7,15,,,0,0,0,0,0,0,0,0,0,0,0,0,0,0,0,0,0,0,0,0,0,0,0,0,0
2008-07-09 15:15:00+00:00,30,7,15,555.5194702148438,,0,0,0,0,0,0,0,0,0,0,0,0,0,0,0,0,0,0,0,0,0,0,0,0,0
2008-07-09 15:15:00+00:00,30,7,15,187.0930938720703,191.44189453125,0,0,0,0,0,0,0,0,0,0,0,0,0,1,1,1,1,0,0,0,0,0,0,0,0
2008-07-09 15:15:00+00:00,30,7,15,384.0975341796875,405.061767578125,0,0,0,0,0,0,0,0,0,0,0,0,0,0,0,0,0,0,0,0,0,0,0,0,0
2008-07-09 15:15:00+00:00,30,7,15,,,0,0,0,0,0,0,0,0,0,0,0,0,0,0,0,0,0,0,0,0,0,0,0,0,0
2008-07-09 15:15:00+00:00,30,7,15,92.3011245727539,71.10711669921875,0,0,0,0,0,0,0,0,0,1,1,1,1,1,1,1,1,0,0,0,0,0,0,0,0
2008-07-09 15:30:00+00:00,30,7,15,61.42604064941406,111.46472930908203,0,0,0,0,0,0,0,0,1,1,1,1,1,1,1,1,1,0,0,0,0,0,0,0,0
2008-07-09 15:30:00+00:00,30,7,15,67.99613189697266,9.220805168151855,0,0,0,0,0,0,0,0,1,1,1,1,1,1,1,1,1,1,1,1,1,1,1,1,1
2008-07-09 15:30:00+00:00,30,7,15,,434.2648620605469,0,0,0,0,0,0,0,0,0,0,0,0,0,0,0,0,0,0,0,0,0,0,0,0,0
2008-07-09 15:30:00+00:00,30,7,15,440.5975646972656,,0,0,0,0,0,0,0,0,0,0,0,0,0,0,0,0,0,0,0,0,0,0,0,0,0
2008-07-09 15:30:00+00:00,30,7,15,157.28111267089844,137.65838623046875,0,0,0,0,0,0,0,0,0,0,0,0,1,1,1,1,1,0,0,0,0,0,0,0,0
2008-07-09 15:30:00+00:00,30,7,15,,,0,0,0,0,0,0,0,0,0,0,0,0,0,0,0,0,0,0,0,0,0,0,0,0,0
2008-07-09 15:30:00+00:00,30,7,15,137.05615234375,152.3197021484375,0,0,0,0,0,0,0,0,0,0,0,1,1,1,1,1,1,0,0,0,0,0,0,0,0
2008-07-09 15:30:00+00:00,30,7,15,,0.0,0,0,0,0,0,0,0,0,0,0,0,0,0,0,0,0,0,1,1,1,1,1,1,1,1
2008-07-09 15:45:00+00:00,30,7,15,167.95516967773438,89.00704193115234,0,0,0,0,0,0,0,0,0,0,0,0,1,1,1,1,1,0,0,0,0,0,0,0,0
2008-07-09 15:45:00+00:00,30,7,15,84.44937133789062,3.0774805545806885,0,0,0,0,0,0,0,0,0,1,1,1,1,1,1,1,1,1,1,1,1,1,1,1,1
2008-07-09 15:45:00+00:00,30,7,15,,,0,0,0,0,0,0,0,0,0,0,0,0,0,0,0,0,0,0,0,0,0,0,0,0,0
2008-07-09 15:45:00+00:00,30,7,15,172.3552703857422,172.007080078125,0,0,0,0,0,0,0,0,0,0,0,0,1,1,1,1,1,0,0,0,0,0,0,0,0
2008-07-09 15:45:00+00:00,30,7,15,166.21791076660156,175.33079528808594,0,0,0,0,0,0,0,0,0,0,0,0,1,1,1,1,1,0,0,0,0,0,0,0,0
2008-07-09 15:45:00+00:00,30,7,15,116.28306579589844,91.35202026367188,0,0,0,0,0,0,0,0,0,0,1,1,1,1,1,1,1,0,0,0,0,0,0,0,0
2008-07-09 15:45:00+00:00,30,7,15,253.28488159179688,239.60231018066406,0,0,0,0,0,0,0,0,0,0,0,0,0,0,0,1,1,0,0,0,0,0,0,0,0
2008-07-09 15:45:00+00:00,30,7,15,73.83086395263672,67.20288848876953,0,0,0,0,0,0,0,0,1,1,1,1,1,1,1,1,1,0,0,0,0,0,0,0,0
2008-07-09 15:45:00+00:00,30,7,15,83.94232940673828,55.9625244140625,0,0,0,0,0,0,0,0,0,1,1,1,1,1,1,1,1,0,0,0,0,0,0,0,1
2008-07-09 15:45:00+00:00,30,7,15,,503.7264404296875,0,0,0,0,0,0,0,0,0,0,0,0,0,0,0,0,0,0,0,0,0,0,0,0,0
2008-07-09 16:00:00+00:00,30,7,16,152.86434936523438,180.5220184326172,0,0,0,0,0,0,0,0,0,0,0,0,1,1,1,1,1,0,0,0,0,0,0,0,0
2008-07-09 16:00:00+00:00,30,7,16,56.5854606628418,67.44677734375,0,0,0,0,0,0,0,1,1,1,1,1,1,1,1,1,1,0,0,0,0,0,0,0,0
2008-07-09 16:00:00+00:00,30,7,16,,,0,0,0,0,0,0,0,0,0,0,0,0,0,0,0,0,0,0,0,0,0,0,0,0,0
2008-07-09 16:15:00+00:00,30,7,16,288.7769775390625,304.843994140625,0,0,0,0,0,0,0,0,0,0,0,0,0,0,0,1,1,0,0,0,0,0,0,0,0
2008-07-09 16:15:00+00:00,30,7,16,135.78782653808594,107.07318878173828,0,0,0,0,0,0,0,0,0,0,0,1,1,1,1,1,1,0,0,0,0,0,0,0,0
2008-07-09 16:15:00+00:00,30,7,16,,,0,0,0,0,0,0,0,0,0,0,0,0,0,0,0,0,0,0,0,0,0,0,0,0,0
2008-07-09 16:15:00+00:00,30,7,16,,,0,0,0,0,0,0,0,0,0,0,0,0,0,0,0,0,0,0,0,0,0,0,0,0,0
2008-07-09 16:15:00+00:00,30,7,16,,,0,0,0,0,0,0,0,0,0,0,0,0,0,0,0,0,0,0,0,0,0,0,0,0,0
2008-07-09 16:15:00+00:00,30,7,16,,,0,0,0,0,0,0,0,0,0,0,0,0,0,0,0,0,0,0,0,0,0,0,0,0,0
2008-07-09 16:30:00+00:00,30,7,16,,,0,0,0,0,0,0,0,0,0,0,0,0,0,0,0,0,0,0,0,0,0,0,0,0,0
2008-07-09 16:30:00+00:00,30,7,16,174.11050415039062,,0,0,0,0,0,0,0,0,0,0,0,0,1,1,1,1,1,0,0,0,0,0,0,0,0
2008-07-09 16:30:00+00:00,30,7,16,329.9740295410156,352.552490234375,0,0,0,0,0,0,0,0,0,0,0,0,0,0,0,0,1,0,0,0,0,0,0,0,0
2008-07-09 16:45:00+00:00,30,7,16,,,0,0,0,0,0,0,0,0,0,0,0,0,0,0,0,0,0,0,0,0,0,0,0,0,0
2008-07-09 16:45:00+00:00,30,7,16,190.91683959960938,186.94265747070312,0,0,0,0,0,0,0,0,0,0,0,0,0,1,1,1,1,0,0,0,0,0,0,0,0
2008-07-09 16:45:00+00:00,30,7,16,102.36393737792969,67.24813842773438,0,0,0,0,0,0,0,0,0,0,1,1,1,1,1,1,1,0,0,0,0,0,0,0,0
2008-07-09 17:00:00+00:00,30,7,17,120.93126678466797,119.28816986083984,0,0,0,0,0,0,0,0,0,0,0,1,1,1,1,1,1,0,0,0,0,0,0,0,0
2008-07-09 17:00:00+00:00,30,7,17,343.36968994140625,335.2586669921875,0,0,0,0,0,0,0,0,0,0,0,0,0,0,0,0,1,0,0,0,0,0,0,0,0
2008-07-09 17:00:00+00:00,30,7,17,147.3807373046875,252.1122589111328,0,0,0,0,0,0,0,0,0,0,0,1,1,1,1,1,1,0,0,0,0,0,0,0,0
2008-07-09 17:00:00+00:00,30,7,17,,,0,0,0,0,0,0,0,0,0,0,0,0,0,0,0,0,0,0,0,0,0,0,0,0,0
2008-07-09 17:00:00+00:00,30,7,17,121.84636688232422,137.49314880371094,0,0,0,0,0,0,0,0,0,0,0,1,1,1,1,1,1,0,0,0,0,0,0,0,0
2008-07-09 17:00:00+00:00,30,7,17,129.34262084960938,151.6886444091797,0,0,0,0,0,0,0,0,0,0,0,1,1,1,1,1,1,0,0,0,0,0,0,0,0
2008-07-09 17:00:00+00:00,30,7,17,390.170654296875,373.5644836425781,0,0,0,0,0,0,0,0,0,0,0,0,0,0,0,0,0,0,0,0,0,0,0,0,0
2008-07-09 17:15:00+00:00,30,7,17,407.6656494140625,,0,0,0,0,0,0,0,0,0,0,0,0,0,0,0,0,0,0,0,0,0,0,0,0,0
2008-07-09 17:15:00+00:00,30,7,17,309.0820007324219,331.6914367675781,0,0,0,0,0,0,0,0,0,0,0,0,0,0,0,0,1,0,0,0,0,0,0,0,0
2008-07-09 17:15:00+00:00,30,7,17,,,0,0,0,0,0,0,0,0,0,0,0,0,0,0,0,0,0,0,0,0,0,0,0,0,0
2008-07-09 17:15:00+00:00,30,7,17,,353.65521240234375,0,0,0,0,0,0,0,0,0,0,0,0,0,0,0,0,0,0,0,0,0,0,0,0,0
2008-07-09 17:15:00+00:00,30,7,17,207.53732299804688,13.929872512817383,0,0,0,0,0,0,0,0,0,0,0,0,0,0,1,1,1,0,1,1,1,1,1,1,1
2008-07-09 17:30:00+00:00,30,7,17,,,0,0,0,0,0,0,0,0,0,0,0,0,0,0,0,0,0,0,0,0,0,0,0,0,0
2008-07-09 17:30:00+00:00,30,7,17,,,0,0,0,0,0,0,0,0,0,0,0,0,0,0,0,0,0,0,0,0,0,0,0,0,0
2008-07-09 17:30:00+00:00,30,7,17,,,0,0,0,0,0,0,0,0,0,0,0,0,0,0,0,0,0,0,0,0,0,0,0,0,0
2008-07-09 17:30:00+00:00,30,7,17,392.82086181640625,400.46551513671875,0,0,0,0,0,0,0,0,0,0,0,0,0,0,0,0,0,0,0,0,0,0,0,0,0
2008-07-09 17:30:00+00:00,30,7,17,,,0,0,0,0,0,0,0,0,0,0,0,0,0,0,0,0,0,0,0,0,0,0,0,0,0
2008-07-09 17:30:00+00:00,30,7,17,398.1659851074219,394.23309326171875,0,0,0,0,0,0,0,0,0,0,0,0,0,0,0,0,0,0,0,0,0,0,0,0,0
2008-07-09 17:45:00+00:00,30,7,17,,,0,0,0,0,0,0,0,0,0,0,0,0,0,0,0,0,0,0,0,0,0,0,0,0,0
2008-07-09 17:45:00+00:00,30,7,17,276.2610168457031,315.90625,0,0,0,0,0,0,0,0,0,0,0,0,0,0,0,1,1,0,0,0,0,0,0,0,0
2008-07-09 17:45:00+00:00,30,7,17,,11.47148609161377,0,0,0,0,0,0,0,0,0,0,0,0,0,0,0,0,0,0,1,1,1,1,1,1,1
2008-07-10 10:00:00+00:00,30,7,10,,,0,0,0,0,0,0,0,0,0,0,0,0,0,0,0,0,0,0,0,0,0,0,0,0,0
2008-07-10 10:00:00+00:00,30,7,10,,544.1568603515625,0,0,0,0,0,0,0,0,0,0,0,0,0,0,0,0,0,0,0,0,0,0,0,0,0
2008-07-10 10:00:00+00:00,30,7,10,104.78327941894531,79.43362426757812,0,0,0,0,0,0,0,0,0,0,1,1,1,1,1,1,1,0,0,0,0,0,0,0,0
2008-07-10 10:00:00+00:00,30,7,10,66.9461441040039,7.981642246246338,0,0,0,0,0,0,0,0,1,1,1,1,1,1,1,1,1,1,1,1,1,1,1,1,1
2008-07-10 10:00:00+00:00,30,7,10,97.16378021240234,77.38629150390625,0,0,0,0,0,0,0,0,0,1,1,1,1,1,1,1,1,0,0,0,0,0,0,0,0
2008-07-10 10:00:00+00:00,30,7,10,126.61363983154297,116.0405044555664,0,0,0,0,0,0,0,0,0,0,0,1,1,1,1,1,1,0,0,0,0,0,0,0,0
2008-07-10 10:15:00+00:00,30,7,10,385.11077880859375,276.37152099609375,0,0,0,0,0,0,0,0,0,0,0,0,0,0,0,0,0,0,0,0,0,0,0,0,0
2008-07-10 10:15:00+00:00,30,7,10,,523.9187622070312,0,0,0,0,0,0,0,0,0,0,0,0,0,0,0,0,0,0,0,0,0,0,0,0,0
2008-07-10 10:15:00+00:00,30,7,10,67.0971908569336,72.48828887939453,0,0,0,0,0,0,0,0,1,1,1,1,1,1,1,1,1,0,0,0,0,0,0,0,0
2008-07-10 10:15:00+00:00,30,7,10,107.88860321044922,0.0,0,0,0,0,0,0,0,0,0,0,1,1,1,1,1,1,1,1,1,1,1,1,1,1,1
2008-07-10 10:30:00+00:00,30,7,10,,349.5251159667969,0,0,0,0,0,0,0,0,0,0,0,0,0,0,0,0,0,0,0,0,0,0,0,0,0
2008-07-10 10:30:00+00:00,30,7,10,,,0,0,0,0,0,0,0,0,0,0,0,0,0,0,0,0,0,0,0,0,0,0,0,0,0
2008-07-10 10:30:00+00:00,30,7,10,225.57339477539062,78.18228912353516,0,0,0,0,0,0,0,0,0,0,0,0,0,0,1,1,1,0,0,0,0,0,0,0,0
2008-07-10 10:30:00+00:00,30,7,10,210.04185485839844,113.6444320678711,0,0,0,0,0,0,0,0,0,0,0,0,0,0,1,1,1,0,0,0,0,0,0,0,0
2008-07-10 10:30:00+00:00,30,7,10,,,0,0,0,0,0,0,0,0,0,0,0,0,0,0,0,0,0,0,0,0,0,0,0,0,0
2008-07-10 10:30:00+00:00,30,7,10,130.4993896484375,126.278564453125,0,0,0,0,0,0,0,0,0,0,0,1,1,1,1,1,1,0,0,0,0,0,0,0,0
2008-07-10 10:30:00+00:00,30,7,10,,,0,0,0,0,0,0,0,0,0,0,0,0,0,0,0,0,0,0,0,0,0,0,0,0,0
2008-07-10 10:30:00+00:00,30,7,10,77.82746887207031,86.52249908447266,0,0,0,0,0,0,0,0,1,1,1,1,1,1,1,1,1,0,0,0,0,0,0,0,0
2008-07-10 10:30:00+00:00,30,7,10,70.23333740234375,6.591796875,0,0,0,0,0,0,0,0,1,1,1,1,1,1,1,1,1,1,1,1,1,1,1,1,1
2008-07-10 10:30:00+00:00,30,7,10,231.53646850585938,221.35069274902344,0,0,0,0,0,0,0,0,0,0,0,0,0,0,1,1,1,0,0,0,0,0,0,0,0
2008-07-10 10:45:00+00:00,30,7,10,,,0,0,0,0,0,0,0,0,0,0,0,0,0,0,0,0,0,0,0,0,0,0,0,0,0
2008-07-10 10:45:00+00:00,30,7,10,115.48533630371094,167.36643981933594,0,0,0,0,0,0,0,0,0,0,1,1,1,1,1,1,1,0,0,0,0,0,0,0,0
2008-07-10 10:45:00+00:00,30,7,10,,,0,0,0,0,0,0,0,0,0,0,0,0,0,0,0,0,0,0,0,0,0,0,0,0,0
2008-07-10 10:45:00+00:00,30,7,10,,,0,0,0,0,0,0,0,0,0,0,0,0,0,0,0,0,0,0,0,0,0,0,0,0,0
2008-07-10 10:45:00+00:00,30,7,10,,,0,0,0,0,0,0,0,0,0,0,0,0,0,0,0,0,0,0,0,0,0,0,0,0,0
2008-07-10 10:45:00+00:00,30,7,10,224.84255981445312,186.45094299316406,0,0,0,0,0,0,0,0,0,0,0,0,0,0,1,1,1,0,0,0,0,0,0,0,0
2008-07-10 10:45:00+00:00,30,7,10,,,0,0,0,0,0,0,0,0,0,0,0,0,0,0,0,0,0,0,0,0,0,0,0,0,0
2008-07-10 10:45:00+00:00,30,7,10,463.5474548339844,416.1125183105469,0,0,0,0,0,0,0,0,0,0,0,0,0,0,0,0,0,0,0,0,0,0,0,0,0
2008-07-10 10:45:00+00:00,30,7,10,362.5116271972656,349.41754150390625,0,0,0,0,0,0,0,0,0,0,0,0,0,0,0,0,0,0,0,0,0,0,0,0,0
2008-07-10 11:00:00+00:00,30,7,11,221.8755340576172,191.5799102783203,0,0,0,0,0,0,0,0,0,0,0,0,0,0,1,1,1,0,0,0,0,0,0,0,0
2008-07-10 11:00:00+00:00,30,7,11,469.8165283203125,446.911865234375,0,0,0,0,0,0,0,0,0,0,0,0,0,0,0,0,0,0,0,0,0,0,0,0,0
2008-07-10 11:15:00+00:00,30,7,11,,,0,0,0,0,0,0,0,0,0,0,0,0,0,0,0,0,0,0,0,0,0,0,0,0,0
2008-07-10 11:15:00+00:00,30,7,11,,,0,0,0,0,0,0,0,0,0,0,0,0,0,0,0,0,0,0,0,0,0,0,0,0,0
2008-07-10 11:15:00+00:00,30,7,11,,,0,0,0,0,0,0,0,0,0,0,0,0,0,0,0,0,0,0,0,0,0,0,0,0,0
2008-07-10 11:15:00+00:00,30,7,11,,,0,0,0,0,0,0,0,0,0,0,0,0,0,0,0,0,0,0,0,0,0,0,0,0,0
2008-07-10 11:15:00+00:00,30,7,11,232.95033264160156,241.74307250976562,0,0,0,0,0,0,0,0,0,0,0,0,0,0,1,1,1,0,0,0,0,0,0,0,0
2008-07-10 11:15:00+00:00,30,7,11,408.2821960449219,408.6459045410156,0,0,0,0,0,0,0,0,0,0,0,0,0,0,0,0,0,0,0,0,0,0,0,0,0
2008-07-10 11:15:00+00:00,30,7,11,35.87007522583008,37.996795654296875,0,0,0,0,0,1,1,1,1,1,1,1,1,1,1,1,1,0,0,0,0,0,1,1,1
2008-07-10 11:15:00+00:00,30,7,11,,498.0927429199219,0,0,0,0,0,0,0,0,0,0,0,0,0,0,0,0,0,0,0,0,0,0,0,0,0
2008-07-10 11:30:00+00:00,30,7,11,,412.141845703125,0,0,0,0,0,0,0,0,0,0,0,0,0,0,0,0,0,0,0,0,0,0,0,0,0
2008-07-10 11:30:00+00:00,30,7,11,385.9552917480469,306.2490539550781,0,0,0,0,0,0,0,0,0,0,0,0,0,0,0,0,0,0,0,0,0,0,0,0,0
2008-07-10 11:30:00+00:00,30,7,11,332.5666809082031,366.45880126953125,0,0,0,0,0,0,0,0,0,0,0,0,0,0,0,0,1,0,0,0,0,0,0,0,0
2008-07-10 11:30:00+00:00,30,7,11,,461.8623962402344,0,0,0,0,0,0,0,0,0,0,0,0,0,0,0,0,0,0,0,0,0,0,0,0,0
2008-07-10 11:45:00+00:00,30,7,11,285.21429443359375,293.8246765136719,0,0,0,0,0,0,0,0,0,0,0,0,0,0,0,1,1,0,0,0,0,0,0,0,0
2008-07-10 11:45:00+00:00,30,7,11,,,0,0,0,0,0,0,0,0,0,0,0,0,0,0,0,0,0,0,0,0,0,0,0,0,0
2008-07-10 11:45:00+00:00,30,7,11,,,0,0,0,0,0,0,0,0,0,0,0,0,0,0,0,0,0,0,0,0,0,0,0,0,0
2008-07-10 11:45:00+00:00,30,7,11,437.8347473144531,403.8004455566406,0,0,0,0,0,0,0,0,0,0,0,0,0,0,0,0,0,0,0,0,0,0,0,0,0
2008-07-10 11:45:00+00:00,30,7,11,212.0288543701172,176.72427368164062,0,0,0,0,0,0,0,0,0,0,0,0,0,0,1,1,1,0,0,0,0,0,0,0,0
2008-07-10 11:45:00+00:00,30,7,11,423.7100830078125,405.35491943359375,0,0,0,0,0,0,0,0,0,0,0,0,0,0,0,0,0,0,0,0,0,0,0,0,0
2008-07-10 11:45:00+00:00,30,7,11,244.78224182128906,236.88255310058594,0,0,0,0,0,0,0,0,0,0,0,0,0,0,1,1,1,0,0,0,0,0,0,0,0
2008-07-10 11:45:00+00:00,30,7,11,340.4933166503906,134.5846710205078,0,0,0,0,0,0,0,0,0,0,0,0,0,0,0,0,1,0,0,0,0,0,0,0,0
2008-07-10 11:45:00+00:00,30,7,11,257.7974853515625,86.92304992675781,0,0,0,0,0,0,0,0,0,0,0,0,0,0,0,1,1,0,0,0,0,0,0,0,0
2008-07-10 11:45:00+00:00,30,7,11,,,0,0,0,0,0,0,0,0,0,0,0,0,0,0,0,0,0,0,0,0,0,0,0,0,0
2008-07-10 11:45:00+00:00,30,7,11,,9.52000617980957,0,0,0,0,0,0,0,0,0,0,0,0,0,0,0,0,0,1,1,1,1,1,1,1,1
2008-07-10 11:45:00+00:00,30,7,11,350.5142822265625,248.54348754882812,0,0,0,0,0,0,0,0,0,0,0,0,0,0,0,0,0,0,0,0,0,0,0,0,0
2008-07-10 12:00:00+00:00,30,7,12,299.6961364746094,262.016357421875,0,0,0,0,0,0,0,0,0,0,0,0,0,0,0,1,1,0,0,0,0,0,0,0,0
2008-07-10 12:00:00+00:00,30,7,12,303.33843994140625,287.38641357421875,0,0,0,0,0,0,0,0,0,0,0,0,0,0,0,0,1,0,0,0,0,0,0,0,0
2008-07-10 12:00:00+00:00,30,7,12,,,0,0,0,0,0,0,0,0,0,0,0,0,0,0,0,0,0,0,0,0,0,0,0,0,0
2008-07-10 12:00:00+00:00,30,7,12,,,0,0,0,0,0,0,0,0,0,0,0,0,0,0,0,0,0,0,0,0,0,0,0,0,0
2008-07-10 12:00:00+00:00,30,7,12,306.3573913574219,270.2671203613281,0,0,0,0,0,0,0,0,0,0,0,0,0,0,0,0,1,0,0,0,0,0,0,0,0
2008-07-10 12:00:00+00:00,30,7,12,379.5729064941406,377.2436218261719,0,0,0,0,0,0,0,0,0,0,0,0,0,0,0,0,0,0,0,0,0,0,0,0,0
2008-07-10 12:00:00+00:00,30,7,12,185.8614044189453,147.86521911621094,0,0,0,0,0,0,0,0,0,0,0,0,0,1,1,1,1,0,0,0,0,0,0,0,0
2008-07-10 12:00:00+00:00,30,7,12,,,0,0,0,0,0,0,0,0,0,0,0,0,0,0,0,0,0,0,0,0,0,0,0,0,0
2008-07-10 12:00:00+00:00,30,7,12,74.52667999267578,55.82394790649414,0,0,0,0,0,0,0,0,1,1,1,1,1,1,1,1,1,0,0,0,0,0,0,0,1
2008-07-10 12:00:00+00:00,30,7,12,371.38922119140625,380.72467041015625,0,0,0,0,0,0,0,0,0,0,0,0,0,0,0,0,0,0,0,0,0,0,0,0,0
2008-07-10 12:00:00+00:00,30,7,12,,104.93151092529297,0,0,0,0,0,0,0,0,0,0,0,0,0,0,0,0,0,0,0,0,0,0,0,0,0
2008-07-10 12:00:00+00:00,30,7,12,205.69961547851562,227.70968627929688,0,0,0,0,0,0,0,0,0,0,0,0,0,0,1,1,1,0,0,0,0,0,0,0,0
2008-07-10 12:15:00+00:00,30,7,12,,,0,0,0,0,0,0,0,0,0,0,0,0,0,0,0,0,0,0,0,0,0,0,0,0,0
2008-07-10 12:15:00+00:00,30,7,12,218.3485107421875,176.4624786376953,0,0,0,0,0,0,0,0,0,0,0,0,0,0,1,1,1,0,0,0,0,0,0,0,0
2008-07-10 12:15:00+00:00,30,7,12,,,0,0,0,0,0,0,0,0,0,0,0,0,0,0,0,0,0,0,0,0,0,0,0,0,0
2008-07-10 12:15:00+00:00,30,7,12,103.21757507324219,65.13538360595703,0,0,0,0,0,0,0,0,0,0,1,1,1,1,1,1,1,0,0,0,0,0,0,0,0
2008-07-10 12:15:00+00:00,30,7,12,147.5065155029297,165.74928283691406,0,0,0,0,0,0,0,0,0,0,0,1,1,1,1,1,1,0,0,0,0,0,0,0,0
2008-07-10 12:15:00+00:00,30,7,12,189.60733032226562,210.76080322265625,0,0,0,0,0,0,0,0,0,0,0,0,0,1,1,1,1,0,0,0,0,0,0,0,0
2008-07-10 12:30:00+00:00,30,7,12,,,0,0,0,0,0,0,0,0,0,0,0,0,0,0,0,0,0,0,0,0,0,0,0,0,0
2008-07-10 12:30:00+00:00,30,7,12,,,0,0,0,0,0,0,0,0,0,0,0,0,0,0,0,0,0,0,0,0,0,0,0,0,0
2008-07-10 12:30:00+00:00,30,7,12,,,0,0,0,0,0,0,0,0,0,0,0,0,0,0,0,0,0,0,0,0,0,0,0,0,0
2008-07-10 12:30:00+00:00,30,7,12,,,0,0,0,0,0,0,0,0,0,0,0,0,0,0,0,0,0,0,0,0,0,0,0,0,0
2008-07-10 12:30:00+00:00,30,7,12,,382.3340759277344,0,0,0,0,0,0,0,0,0,0,0,0,0,0,0,0,0,0,0,0,0,0,0,0,0
2008-07-10 12:30:00+00:00,30,7,12,,,0,0,0,0,0,0,0,0,0,0,0,0,0,0,0,0,0,0,0,0,0,0,0,0,0
2008-07-10 12:30:00+00:00,30,7,12,173.08880615234375,198.1647491455078,0,0,0,0,0,0,0,0,0,0,0,0,1,1,1,1,1,0,0,0,0,0,0,0,0
2008-07-10 12:30:00+00:00,30,7,12,252.2695770263672,279.74053955078125,0,0,0,0,0,0,0,0,0,0,0,0,0,0,0,1,1,0,0,0,0,0,0,0,0
2008-07-10 12:30:00+00:00,30,7,12,70.67822265625,47.1463737487793,0,0,0,0,0,0,0,0,1,1,1,1,1,1,1,1,1,0,0,0,0,0,0,1,1
2008-07-10 12:45:00+00:00,30,7,12,,,0,0,0,0,0,0,0,0,0,0,0,0,0,0,0,0,0,0,0,0,0,0,0,0,0
2008-07-10 12:45:00+00:00,30,7,12,363.463623046875,334.68414306640625,0,0,0,0,0,0,0,0,0,0,0,0,0,0,0,0,0,0,0,0,0,0,0,0,0
2008-07-10 12:45:00+00:00,30,7,12,315.025634765625,286.2078552246094,0,0,0,0,0,0,0,0,0,0,0,0,0,0,0,0,1,0,0,0,0,0,0,0,0
2008-07-10 12:45:00+00:00,30,7,12,215.1872100830078,208.99801635742188,0,0,0,0,0,0,0,0,0,0,0,0,0,0,1,1,1,0,0,0,0,0,0,0,0
2008-07-10 12:45:00+00:00,30,7,12,350.2042236328125,0.0,0,0,0,0,0,0,0,0,0,0,0,0,0,0,0,0,0,1,1,1,1,1,1,1,1
2008-07-10 13:00:00+00:00,30,7,13,299.49176025390625,298.5994873046875,0,0,0,0,0,0,0,0,0,0,0,0,0,0,0,1,1,0,0,0,0,0,0,0,0
2008-07-10 13:00:00+00:00,30,7,13,,,0,0,0,0,0,0,0,0,0,0,0,0,0,0,0,0,0,0,0,0,0,0,0,0,0
2008-07-10 13:00:00+00:00,30,7,13,,,0,0,0,0,0,0,0,0,0,0,0,0,0,0,0,0,0,0,0,0,0,0,0,0,0
2008-07-10 13:00:00+00:00,30,7,13,,,0,0,0,0,0,0,0,0,0,0,0,0,0,0,0,0,0,0,0,0,0,0,0,0,0
2008-07-10 13:00:00+00:00,30,7,13,84.69584655761719,104.28144073486328,0,0,0,0,0,0,0,0,0,1,1,1,1,1,1,1,1,0,0,0,0,0,0,0,0
2008-07-10 13:00:00+00:00,30,7,13,124.97733306884766,132.82020568847656,0,0,0,0,0,0,0,0,0,0,0,1,1,1,1,1,1,0,0,0,0,0,0,0,0
2008-07-10 13:15:00+00:00,30,7,13,,,0,0,0,0,0,0,0,0,0,0,0,0,0,0,0,0,0,0,0,0,0,0,0,0,0
2008-07-10 13:15:00+00:00,30,7,13,,,0,0,0,0,0,0,0,0,0,0,0,0,0,0,0,0,0,0,0,0,0,0,0,0,0
2008-07-10 13:15:00+00:00,30,7,13,,,0,0,0,0,0,0,0,0,0,0,0,0,0,0,0,0,0,0,0,0,0,0,0,0,0
2008-07-10 13:15:00+00:00,30,7,13,,,0,0,0,0,0,0,0,0,0,0,0,0,0,0,0,0,0,0,0,0,0,0,0,0,0
2008-07-10 13:15:00+00:00,30,7,13,364.86590576171875,369.5841979980469,0,0,0,0,0,0,0,0,0,0,0,0,0,0,0,0,0,0,0,0,0,0,0,0,0
2008-07-10 13:15:00+00:00,30,7,13,40.48963928222656,69.93377685546875,0,0,0,0,0,0,1,1,1,1,1,1,1,1,1,1,1,0,0,0,0,0,0,0,0
2008-07-10 13:15:00+00:00,30,7,13,131.5901336669922,110.56941986083984,0,0,0,0,0,0,0,0,0,0,0,1,1,1,1,1,1,0,0,0,0,0,0,0,0
2008-07-10 13:15:00+00:00,30,7,13,111.64424133300781,80.2532958984375,0,0,0,0,0,0,0,0,0,0,1,1,1,1,1,1,1,0,0,0,0,0,0,0,0
2008-07-10 13:15:00+00:00,30,7,13,260.04083251953125,122.02700805664062,0,0,0,0,0,0,0,0,0,0,0,0,0,0,0,1,1,0,0,0,0,0,0,0,0
2008-07-10 13:30:00+00:00,30,7,13,,,0,0,0,0,0,0,0,0,0,0,0,0,0,0,0,0,0,0,0,0,0,0,0,0,0
2008-07-10 13:30:00+00:00,30,7,13,203.83030700683594,157.3817138671875,0,0,0,0,0,0,0,0,0,0,0,0,0,0,1,1,1,0,0,0,0,0,0,0,0
2008-07-10 13:30:00+00:00,30,7,13,,,0,0,0,0,0,0,0,0,0,0,0,0,0,0,0,0,0,0,0,0,0,0,0,0,0
2008-07-10 13:30:00+00:00,30,7,13,,,0,0,0,0,0,0,0,0,0,0,0,0,0,0,0,0,0,0,0,0,0,0,0,0,0
2008-07-10 13:30:00+00:00,30,7,13,242.53604125976562,248.60226440429688,0,0,0,0,0,0,0,0,0,0,0,0,0,0,1,1,1,0,0,0,0,0,0,0,0
2008-07-10 13:30:00+00:00,30,7,13,,,0,0,0,0,0,0,0,0,0,0,0,0,0,0,0,0,0,0,0,0,0,0,0,0,0
2008-07-10 13:45:00+00:00,30,7,13,200.1156768798828,385.2586975097656,0,0,0,0,0,0,0,0,0,0,0,0,0,0,1,1,1,0,0,0,0,0,0,0,0
2008-07-10 13:45:00+00:00,30,7,13,,,0,0,0,0,0,0,0,0,0,0,0,0,0,0,0,0,0,0,0,0,0,0,0,0,0
2008-07-10 13:45:00+00:00,30,7,13,175.82127380371094,146.1428680419922,0,0,0,0,0,0,0,0,0,0,0,0,1,1,1,1,1,0,0,0,0,0,0,0,0
2008-07-10 13:45:00+00:00,30,7,13,152.2695770263672,129.4609375,0,0,0,0,0,0,0,0,0,0,0,0,1,1,1,1,1,0,0,0,0,0,0,0,0
2008-07-10 13:45:00+00:00,30,7,13,,,0,0,0,0,0,0,0,0,0,0,0,0,0,0,0,0,0,0,0,0,0,0,0,0,0
2008-07-10 13:45:00+00:00,30,7,13,159.27096557617188,143.3555450439453,0,0,0,0,0,0,0,0,0,0,0,0,1,1,1,1,1,0,0,0,0,0,0,0,0
2008-07-10 13:45:00+00:00,30,7,13,,,0,0,0,0,0,0,0,0,0,0,0,0,0,0,0,0,0,0,0,0,0,0,0,0,0
2008-07-10 14:00:00+00:00,30,7,14,,,0,0,0,0,0,0,0,0,0,0,0,0,0,0,0,0,0,0,0,0,0,0,0,0,0
2008-07-10 14:00:00+00:00,30,7,14,210.38751220703125,135.9031982421875,0,0,0,0,0,0,0,0,0,0,0,0,0,0,1,1,1,0,0,0,0,0,0,0,0
2008-07-10 14:00:00+00:00,30,7,14,,316.8805236816406,0,0,0,0,0,0,0,0,0,0,0,0,0,0,0,0,0,0,0,0,0,0,0,0,0
2008-07-10 14:00:00+00:00,30,7,14,386.1296081542969,,0,0,0,0,0,0,0,0,0,0,0,0,0,0,0,0,0,0,0,0,0,0,0,0,0
2008-07-10 14:00:00+00:00,30,7,14,70.68223571777344,33.464210510253906,0,0,0,0,0,0,0,0,1,1,1,1,1,1,1,1,1,0,0,0,0,0,1,1,1
2008-07-10 14:00:00+00:00,30,7,14,95.60143280029297,19.06181526184082,0,0,0,0,0,0,0,0,0,1,1,1,1,1,1,1,1,0,0,1,1,1,1,1,1
2008-07-10 14:15:00+00:00,30,7,14,397.58856201171875,401.6640930175781,0,0,0,0,0,0,0,0,0,0,0,0,0,0,0,0,0,0,0,0,0,0,0,0,0
2008-07-10 14:15:00+00:00,30,7,14,148.22459411621094,145.99478149414062,0,0,0,0,0,0,0,0,0,0,0,1,1,1,1,1,1,0,0,0,0,0,0,0,0
2008-07-10 14:15:00+00:00,30,7,14,,,0,0,0,0,0,0,0,0,0,0,0,0,0,0,0,0,0,0,0,0,0,0,0,0,0
2008-07-10 14:15:00+00:00,30,7,14,,,0,0,0,0,0,0,0,0,0,0,0,0,0,0,0,0,0,0,0,0,0,0,0,0,0
2008-07-10 14:15:00+00:00,30,7,14,215.03070068359375,224.93914794921875,0,0,0,0,0,0,0,0,0,0,0,0,0,0,1,1,1,0,0,0,0,0,0,0,0
2008-07-10 14:15:00+00:00,30,7,14,,,0,0,0,0,0,0,0,0,0,0,0,0,0,0,0,0,0,0,0,0,0,0,0,0,0
2008-07-10 14:15:00+00:00,30,7,14,,,0,0,0,0,0,0,0,0,0,0,0,0,0,0,0,0,0,0,0,0,0,0,0,0,0
2008-07-10 14:15:00+00:00,30,7,14,174.00926208496094,79.77702331542969,0,0,0,0,0,0,0,0,0,0,0,0,1,1,1,1,1,0,0,0,0,0,0,0,0
2008-07-10 14:15:00+00:00,30,7,14,123.18658447265625,84.06947326660156,0,0,0,0,0,0,0,0,0,0,0,1,1,1,1,1,1,0,0,0,0,0,0,0,0
2008-07-10 14:15:00+00:00,30,7,14,228.88180541992188,18.580785751342773,0,0,0,0,0,0,0,0,0,0,0,0,0,0,1,1,1,0,0,1,1,1,1,1,1
2008-07-10 14:15:00+00:00,30,7,14,183.449462890625,28.230072021484375,0,0,0,0,0,0,0,0,0,0,0,0,0,1,1,1,1,0,0,0,0,1,1,1,1
2008-07-10 14:15:00+00:00,30,7,14,,,0,0,0,0,0,0,0,0,0,0,0,0,0,0,0,0,0,0,0,0,0,0,0,0,0
2008-07-10 14:30:00+00:00,30,7,14,,,0,0,0,0,0,0,0,0,0,0,0,0,0,0,0,0,0,0,0,0,0,0,0,0,0
2008-07-10 14:30:00+00:00,30,7,14,262.40234375,240.01760864257812,0,0,0,0,0,0,0,0,0,0,0,0,0,0,0,1,1,0,0,0,0,0,0,0,0
2008-07-10 14:30:00+00:00,30,7,14,190.57211303710938,184.22909545898438,0,0,0,0,0,0,0,0,0,0,0,0,0,1,1,1,1,0,0,0,0,0,0,0,0
2008-07-10 14:30:00+00:00,30,7,14,109.55844116210938,69.18559265136719,0,0,0,0,0,0,0,0,0,0,1,1,1,1,1,1,1,0,0,0,0,0,0,0,0
2008-07-10 14:30:00+00:00,30,7,14,91.00603485107422,155.99114990234375,0,0,0,0,0,0,0,0,0,1,1,1,1,1,1,1,1,0,0,0,0,0,0,0,0
2008-07-10 14:30:00+00:00,30,7,14,96.63256072998047,138.60780334472656,0,0,0,0,0,0,0,0,0,1,1,1,1,1,1,1,1,0,0,0,0,0,0,0,0
2008-07-10 14:30:00+00:00,30,7,14,183.05064392089844,149.75694274902344,0,0,0,0,0,0,0,0,0,0,0,0,0,1,1,1,1,0,0,0,0,0,0,0,0
2008-07-10 14:30:00+00:00,30,7,14,,,0,0,0,0,0,0,0,0,0,0,0,0,0,0,0,0,0,0,0,0,0,0,0,0,0
2008-07-10 14:45:00+00:00,30,7,14,56.1005973815918,5.184892177581787,0,0,0,0,0,0,0,1,1,1,1,1,1,1,1,1,1,1,1,1,1,1,1,1,1
2008-07-10 14:45:00+00:00,30,7,14,321.84906005859375,305.1330261230469,0,0,0,0,0,0,0,0,0,0,0,0,0,0,0,0,1,0,0,0,0,0,0,0,0
2008-07-10 14:45:00+00:00,30,7,14,389.55859375,400.23382568359375,0,0,0,0,0,0,0,0,0,0,0,0,0,0,0,0,0,0,0,0,0,0,0,0,0
2008-07-10 14:45:00+00:00,30,7,14,,,0,0,0,0,0,0,0,0,0,0,0,0,0,0,0,0,0,0,0,0,0,0,0,0,0
2008-07-10 14:45:00+00:00,30,7,14,391.841796875,364.3756408691406,0,0,0,0,0,0,0,0,0,0,0,0,0,0,0,0,0,0,0,0,0,0,0,0,0
2008-07-10 14:45:00+00:00,30,7,14,131.73313903808594,121.30203247070312,0,0,0,0,0,0,0,0,0,0,0,1,1,1,1,1,1,0,0,0,0,0,0,0,0
2008-07-10 14:45:00+00:00,30,7,14,357.35211181640625,332.1050720214844,0,0,0,0,0,0,0,0,0,0,0,0,0,0,0,0,0,0,0,0,0,0,0,0,0
2008-07-10 14:45:00+00:00,30,7,14,142.15406799316406,3.757211685180664,0,0,0,0,0,0,0,0,0,0,0,1,1,1,1,1,1,1,1,1,1,1,1,1,1
2008-07-10 14:45:00+00:00,30,7,14,,,0,0,0,0,0,0,0,0,0,0,0,0,0,0,0,0,0,0,0,0,0,0,0,0,0
2008-07-10 15:00:00+00:00,30,7,15,,,0,0,0,0,0,0,0,0,0,0,0,0,0,0,0,0,0,0,0,0,0,0,0,0,0
2008-07-10 15:00:00+00:00,30,7,15,230.27175903320312,159.0901336669922,0,0,0,0,0,0,0,0,0,0,0,0,0,0,1,1,1,0,0,0,0,0,0,0,0
2008-07-10 15:00:00+00:00,30,7,15,25.012062072753906,3.5897953510284424,0,0,0,0,1,1,1,1,1,1,1,1,1,1,1,1,1,1,1,1,1,1,1,1,1
2008-07-10 15:00:00+00:00,30,7,15,62.09943771362305,0.0,0,0,0,0,0,0,0,0,1,1,1,1,1,1,1,1,1,1,1,1,1,1,1,1,1
2008-07-10 15:00:00+00:00,30,7,15,,,0,0,0,0,0,0,0,0,0,0,0,0,0,0,0,0,0,0,0,0,0,0,0,0,0
2008-07-10 15:15:00+00:00,30,7,15,357.2011413574219,,0,0,0,0,0,0,0,0,0,0,0,0,0,0,0,0,0,0,0,0,0,0,0,0,0
2008-07-10 15:15:00+00:00,30,7,15,,,0,0,0,0,0,0,0,0,0,0,0,0,0,0,0,0,0,0,0,0,0,0,0,0,0
2008-07-10 15:15:00+00:00,30,7,15,246.39369201660156,170.4002227783203,0,0,0,0,0,0,0,0,0,0,0,0,0,0,1,1,1,0,0,0,0,0,0,0,0
2008-07-10 15:15:00+00:00,30,7,15,,,0,0,0,0,0,0,0,0,0,0,0,0,0,0,0,0,0,0,0,0,0,0,0,0,0
2008-07-10 15:15:00+00:00,30,7,15,84.91715240478516,180.76219177246094,0,0,0,0,0,0,0,0,0,1,1,1,1,1,1,1,1,0,0,0,0,0,0,0,0
2008-07-10 15:15:00+00:00,30,7,15,221.7778778076172,234.55963134765625,0,0,0,0,0,0,0,0,0,0,0,0,0,0,1,1,1,0,0,0,0,0,0,0,0
2008-07-10 15:30:00+00:00,30,7,15,,,0,0,0,0,0,0,0,0,0,0,0,0,0,0,0,0,0,0,0,0,0,0,0,0,0
2008-07-10 15:30:00+00:00,30,7,15,323.05572509765625,,0,0,0,0,0,0,0,0,0,0,0,0,0,0,0,0,1,0,0,0,0,0,0,0,0
2008-07-10 15:30:00+00:00,30,7,15,388.7882995605469,,0,0,0,0,0,0,0,0,0,0,0,0,0,0,0,0,0,0,0,0,0,0,0,0,0
2008-07-10 15:30:00+00:00,30,7,15,184.73086547851562,190.21337890625,0,0,0,0,0,0,0,0,0,0,0,0,0,1,1,1,1,0,0,0,0,0,0,0,0
2008-07-10 15:30:00+00:00,30,7,15,148.83534240722656,247.54718017578125,0,0,0,0,0,0,0,0,0,0,0,1,1,1,1,1,1,0,0,0,0,0,0,0,0
2008-07-10 15:30:00+00:00,30,7,15,192.78619384765625,238.4188690185547,0,0,0,0,0,0,0,0,0,0,0,0,0,1,1,1,1,0,0,0,0,0,0,0,0
2008-07-10 15:30:00+00:00,30,7,15,209.1401824951172,221.95245361328125,0,0,0,0,0,0,0,0,0,0,0,0,0,0,1,1,1,0,0,0,0,0,0,0,0
2008-07-10 15:30:00+00:00,30,7,15,178.58920288085938,196.32972717285156,0,0,0,0,0,0,0,0,0,0,0,0,1,1,1,1,1,0,0,0,0,0,0,0,0
2008-07-10 15:30:00+00:00,30,7,15,,,0,0,0,0,0,0,0,0,0,0,0,0,0,0,0,0,0,0,0,0,0,0,0,0,0
2008-07-10 15:30:00+00:00,30,7,15,,,0,0,0,0,0,0,0,0,0,0,0,0,0,0,0,0,0,0,0,0,0,0,0,0,0
2008-07-10 15:45:00+00:00,30,7,15,,,0,0,0,0,0,0,0,0,0,0,0,0,0,0,0,0,0,0,0,0,0,0,0,0,0
2008-07-10 15:45:00+00:00,30,7,15,,,0,0,0,0,0,0,0,0,0,0,0,0,0,0,0,0,0,0,0,0,0,0,0,0,0
2008-07-10 15:45:00+00:00,30,7,15,,,0,0,0,0,0,0,0,0,0,0,0,0,0,0,0,0,0,0,0,0,0,0,0,0,0
2008-07-10 15:45:00+00:00,30,7,15,125.2717514038086,7.361569881439209,0,0,0,0,0,0,0,0,0,0,0,1,1,1,1,1,1,1,1,1,1,1,1,1,1
2008-07-10 15:45:00+00:00,30,7,15,180.0315704345703,194.3003387451172,0,0,0,0,0,0,0,0,0,0,0,0,0,1,1,1,1,0,0,0,0,0,0,0,0
2008-07-10 15:45:00+00:00,30,7,15,130.9430389404297,17.280746459960938,0,0,0,0,0,0,0,0,0,0,0,1,1,1,1,1,1,0,0,1,1,1,1,1,1
2008-07-10 16:00:00+00:00,30,7,16,379.3731384277344,284.1085205078125,0,0,0,0,0,0,0,0,0,0,0,0,0,0,0,0,0,0,0,0,0,0,0,0,0
2008-07-10 16:00:00+00:00,30,7,16,278.0448913574219,126.66851043701172,0,0,0,0,0,0,0,0,0,0,0,0,0,0,0,1,1,0,0,0,0,0,0,0,0
2008-07-10 16:00:00+00:00,30,7,16,244.709228515625,261.00457763671875,0,0,0,0,0,0,0,0,0,0,0,0,0,0,1,1,1,0,0,0,0,0,0,0,0
2008-07-10 16:00:00+00:00,30,7,16,73.43805694580078,86.52024841308594,0,0,0,0,0,0,0,0,1,1,1,1,1,1,1,1,1,0,0,0,0,0,0,0,0
2008-07-10 16:00:00+00:00,30,7,16,68.69048309326172,21.67466163635254,0,0,0,0,0,0,0,0,1,1,1,1,1,1,1,1,1,0,0,0,1,1,1,1,1
2008-07-10 16:15:00+00:00,30,7,16,,,0,0,0,0,0,0,0,0,0,0,0,0,0,0,0,0,0,0,0,0,0,0,0,0,0
2008-07-10 16:15:00+00:00,30,7,16,,,0,0,0,0,0,0,0,0,0,0,0,0,0,0,0,0,0,0,0,0,0,0,0,0,0
2008-07-10 16:15:00+00:00,30,7,16,202.66744995117188,164.03216552734375,0,0,0,0,0,0,0,0,0,0,0,0,0,0,1,1,1,0,0,0,0,0,0,0,0
2008-07-10 16:15:00+00:00,30,7,16,78.76915740966797,33.51900100708008,0,0,0,0,0,0,0,0,1,1,1,1,1,1,1,1,1,0,0,0,0,0,1,1,1
2008-07-10 16:15:00+00:00,30,7,16,,,0,0,0,0,0,0,0,0,0,0,0,0,0,0,0,0,0,0,0,0,0,0,0,0,0
2008-07-10 16:30:00+00:00,30,7,16,331.1176452636719,266.8643493652344,0,0,0,0,0,0,0,0,0,0,0,0,0,0,0,0,1,0,0,0,0,0,0,0,0
2008-07-10 16:30:00+00:00,30,7,16,325.1177978515625,427.7542419433594,0,0,0,0,0,0,0,0,0,0,0,0,0,0,0,0,1,0,0,0,0,0,0,0,0
2008-07-10 16:30:00+00:00,30,7,16,292.1845703125,394.4325256347656,0,0,0,0,0,0,0,0,0,0,0,0,0,0,0,1,1,0,0,0,0,0,0,0,0
2008-07-10 16:30:00+00:00,30,7,16,,,0,0,0,0,0,0,0,0,0,0,0,0,0,0,0,0,0,0,0,0,0,0,0,0,0
2008-07-10 16:45:00+00:00,30,7,16,475.3330078125,489.4635314941406,0,0,0,0,0,0,0,0,0,0,0,0,0,0,0,0,0,0,0,0,0,0,0,0,0
2008-07-10 16:45:00+00:00,30,7,16,,341.8148498535156,0,0,0,0,0,0,0,0,0,0,0,0,0,0,0,0,0,0,0,0,0,0,0,0,0
2008-07-10 16:45:00+00:00,30,7,16,442.1800537109375,263.8648681640625,0,0,0,0,0,0,0,0,0,0,0,0,0,0,0,0,0,0,0,0,0,0,0,0,0
2008-07-10 16:45:00+00:00,30,7,16,,,0,0,0,0,0,0,0,0,0,0,0,0,0,0,0,0,0,0,0,0,0,0,0,0,0
2008-07-10 16:45:00+00:00,30,7,16,,,0,0,0,0,0,0,0,0,0,0,0,0,0,0,0,0,0,0,0,0,0,0,0,0,0
2008-07-10 16:45:00+00:00,30,7,16,,,0,0,0,0,0,0,0,0,0,0,0,0,0,0,0,0,0,0,0,0,0,0,0,0,0
2008-07-10 16:45:00+00:00,30,7,16,,,0,0,0,0,0,0,0,0,0,0,0,0,0,0,0,0,0,0,0,0,0,0,0,0,0
2008-07-10 17:00:00+00:00,30,7,17,100.926025390625,133.1115264892578,0,0,0,0,0,0,0,0,0,0,1,1,1,1,1,1,1,0,0,0,0,0,0,0,0
2008-07-10 17:00:00+00:00,30,7,17,145.42779541015625,159.84814453125,0,0,0,0,0,0,0,0,0,0,0,1,1,1,1,1,1,0,0,0,0,0,0,0,0
2008-07-10 17:00:00+00:00,30,7,17,128.3585662841797,71.07313537597656,0,0,0,0,0,0,0,0,0,0,0,1,1,1,1,1,1,0,0,0,0,0,0,0,0
2008-07-10 17:00:00+00:00,30,7,17,463.94140625,456.9751281738281,0,0,0,0,0,0,0,0,0,0,0,0,0,0,0,0,0,0,0,0,0,0,0,0,0
2008-07-10 17:15:00+00:00,30,7,17,166.92335510253906,,0,0,0,0,0,0,0,0,0,0,0,0,1,1,1,1,1,0,0,0,0,0,0,0,0
2008-07-10 17:15:00+00:00,30,7,17,198.84909057617188,155.55384826660156,0,0,0,0,0,0,0,0,0,0,0,0,0,1,1,1,1,0,0,0,0,0,0,0,0
2008-07-10 17:30:00+00:00,30,7,17,,,0,0,0,0,0,0,0,0,0,0,0,0,0,0,0,0,0,0,0,0,0,0,0,0,0
2008-07-10 17:30:00+00:00,30,7,17,,,0,0,0,0,0,0,0,0,0,0,0,0,0,0,0,0,0,0,0,0,0,0,0,0,0
2008-07-10 17:30:00+00:00,30,7,17,,,0,0,0,0,0,0,0,0,0,0,0,0,0,0,0,0,0,0,0,0,0,0,0,0,0
2008-07-10 17:30:00+00:00,30,7,17,,,0,0,0,0,0,0,0,0,0,0,0,0,0,0,0,0,0,0,0,0,0,0,0,0,0
2008-07-10 17:30:00+00:00,30,7,17,,,0,0,0,0,0,0,0,0,0,0,0,0,0,0,0,0,0,0,0,0,0,0,0,0,0
2008-07-10 17:45:00+00:00,30,7,17,,,0,0,0,0,0,0,0,0,0,0,0,0,0,0,0,0,0,0,0,0,0,0,0,0,0
2008-07-10 17:45:00+00:00,30,7,17,370.8364562988281,367.6654052734375,0,0,0,0,0,0,0,0,0,0,0,0,0,0,0,0,0,0,0,0,0,0,0,0,0
2008-07-10 17:45:00+00:00,30,7,17,,,0,0,0,0,0,0,0,0,0,0,0,0,0,0,0,0,0,0,0,0,0,0,0,0,0
2008-07-11 10:00:00+00:00,30,7,10,,,0,0,0,0,0,0,0,0,0,0,0,0,0,0,0,0,0,0,0,0,0,0,0,0,0
2008-07-11 10:00:00+00:00,30,7,10,,,0,0,0,0,0,0,0,0,0,0,0,0,0,0,0,0,0,0,0,0,0,0,0,0,0
2008-07-11 10:00:00+00:00,30,7,10,,,0,0,0,0,0,0,0,0,0,0,0,0,0,0,0,0,0,0,0,0,0,0,0,0,0
2008-07-11 10:00:00+00:00,30,7,10,,,0,0,0,0,0,0,0,0,0,0,0,0,0,0,0,0,0,0,0,0,0,0,0,0,0
2008-07-11 10:00:00+00:00,30,7,10,,,0,0,0,0,0,0,0,0,0,0,0,0,0,0,0,0,0,0,0,0,0,0,0,0,0
2008-07-11 10:00:00+00:00,30,7,10,,,0,0,0,0,0,0,0,0,0,0,0,0,0,0,0,0,0,0,0,0,0,0,0,0,0
2008-07-11 10:00:00+00:00,30,7,10,,360.1464538574219,0,0,0,0,0,0,0,0,0,0,0,0,0,0,0,0,0,0,0,0,0,0,0,0,0
2008-07-11 10:00:00+00:00,30,7,10,,,0,0,0,0,0,0,0,0,0,0,0,0,0,0,0,0,0,0,0,0,0,0,0,0,0
2008-07-11 10:15:00+00:00,30,7,10,,,0,0,0,0,0,0,0,0,0,0,0,0,0,0,0,0,0,0,0,0,0,0,0,0,0
2008-07-11 10:15:00+00:00,30,7,10,,,0,0,0,0,0,0,0,0,0,0,0,0,0,0,0,0,0,0,0,0,0,0,0,0,0
2008-07-11 10:15:00+00:00,30,7,10,,,0,0,0,0,0,0,0,0,0,0,0,0,0,0,0,0,0,0,0,0,0,0,0,0,0
2008-07-11 10:30:00+00:00,30,7,10,,,0,0,0,0,0,0,0,0,0,0,0,0,0,0,0,0,0,0,0,0,0,0,0,0,0
2008-07-11 10:30:00+00:00,30,7,10,,614.138427734375,0,0,0,0,0,0,0,0,0,0,0,0,0,0,0,0,0,0,0,0,0,0,0,0,0
2008-07-11 10:30:00+00:00,30,7,10,,57.8734130859375,0,0,0,0,0,0,0,0,0,0,0,0,0,0,0,0,0,0,0,0,0,0,0,0,1
2008-07-11 10:30:00+00:00,30,7,10,,3.4925880432128906,0,0,0,0,0,0,0,0,0,0,0,0,0,0,0,0,0,1,1,1,1,1,1,1,1
2008-07-11 10:45:00+00:00,30,7,10,,,0,0,0,0,0,0,0,0,0,0,0,0,0,0,0,0,0,0,0,0,0,0,0,0,0
2008-07-11 10:45:00+00:00,30,7,10,177.85845947265625,0.0,0,0,0,0,0,0,0,0,0,0,0,0,1,1,1,1,1,1,1,1,1,1,1,1,1
2008-07-11 11:00:00+00:00,30,7,11,,,0,0,0,0,0,0,0,0,0,0,0,0,0,0,0,0,0,0,0,0,0,0,0,0,0
2008-07-11 11:00:00+00:00,30,7,11,,,0,0,0,0,0,0,0,0,0,0,0,0,0,0,0,0,0,0,0,0,0,0,0,0,0
2008-07-11 11:00:00+00:00,30,7,11,473.0311279296875,412.0478515625,0,0,0,0,0,0,0,0,0,0,0,0,0,0,0,0,0,0,0,0,0,0,0,0,0
2008-07-11 11:00:00+00:00,30,7,11,,,0,0,0,0,0,0,0,0,0,0,0,0,0,0,0,0,0,0,0,0,0,0,0,0,0
2008-07-11 11:15:00+00:00,30,7,11,,346.6519775390625,0,0,0,0,0,0,0,0,0,0,0,0,0,0,0,0,0,0,0,0,0,0,0,0,0
2008-07-11 11:15:00+00:00,30,7,11,,265.93438720703125,0,0,0,0,0,0,0,0,0,0,0,0,0,0,0,0,0,0,0,0,0,0,0,0,0
2008-07-11 11:15:00+00:00,30,7,11,,,0,0,0,0,0,0,0,0,0,0,0,0,0,0,0,0,0,0,0,0,0,0,0,0,0
2008-07-11 11:15:00+00:00,30,7,11,,,0,0,0,0,0,0,0,0,0,0,0,0,0,0,0,0,0,0,0,0,0,0,0,0,0
2008-07-11 11:15:00+00:00,30,7,11,,,0,0,0,0,0,0,0,0,0,0,0,0,0,0,0,0,0,0,0,0,0,0,0,0,0
2008-07-11 11:15:00+00:00,30,7,11,526.4392700195312,478.5588684082031,0,0,0,0,0,0,0,0,0,0,0,0,0,0,0,0,0,0,0,0,0,0,0,0,0
2008-07-11 11:15:00+00:00,30,7,11,147.59877014160156,68.23876190185547,0,0,0,0,0,0,0,0,0,0,0,1,1,1,1,1,1,0,0,0,0,0,0,0,0
2008-07-11 11:15:00+00:00,30,7,11,108.22370910644531,3.0184288024902344,0,0,0,0,0,0,0,0,0,0,1,1,1,1,1,1,1,1,1,1,1,1,1,1,1
2008-07-11 11:15:00+00:00,30,7,11,,,0,0,0,0,0,0,0,0,0,0,0,0,0,0,0,0,0,0,0,0,0,0,0,0,0
2008-07-11 11:15:00+00:00,30,7,11,,,0,0,0,0,0,0,0,0,0,0,0,0,0,0,0,0,0,0,0,0,0,0,0,0,0
2008-07-11 11:30:00+00:00,30,7,11,,,0,0,0,0,0,0,0,0,0,0,0,0,0,0,0,0,0,0,0,0,0,0,0,0,0
2008-07-11 11:30:00+00:00,30,7,11,,,0,0,0,0,0,0,0,0,0,0,0,0,0,0,0,0,0,0,0,0,0,0,0,0,0
2008-07-11 11:30:00+00:00,30,7,11,,,0,0,0,0,0,0,0,0,0,0,0,0,0,0,0,0,0,0,0,0,0,0,0,0,0
2008-07-11 11:30:00+00:00,30,7,11,81.26447296142578,60.2566032409668,0,0,0,0,0,0,0,0,0,1,1,1,1,1,1,1,1,0,0,0,0,0,0,0,0
2008-07-11 11:45:00+00:00,30,7,11,,,0,0,0,0,0,0,0,0,0,0,0,0,0,0,0,0,0,0,0,0,0,0,0,0,0
2008-07-11 11:45:00+00:00,30,7,11,482.5200500488281,355.32830810546875,0,0,0,0,0,0,0,0,0,0,0,0,0,0,0,0,0,0,0,0,0,0,0,0,0
2008-07-11 11:45:00+00:00,30,7,11,93.09940338134766,89.8532485961914,0,0,0,0,0,0,0,0,0,1,1,1,1,1,1,1,1,0,0,0,0,0,0,0,0
2008-07-11 11:45:00+00:00,30,7,11,,665.897705078125,0,0,0,0,0,0,0,0,0,0,0,0,0,0,0,0,0,0,0,0,0,0,0,0,0
2008-07-11 11:45:00+00:00,30,7,11,69.14877319335938,0.0,0,0,0,0,0,0,0,0,1,1,1,1,1,1,1,1,1,1,1,1,1,1,1,1,1
2008-07-11 11:45:00+00:00,30,7,11,,,0,0,0,0,0,0,0,0,0,0,0,0,0,0,0,0,0,0,0,0,0,0,0,0,0
2008-07-11 12:00:00+00:00,30,7,12,,,0,0,0,0,0,0,0,0,0,0,0,0,0,0,0,0,0,0,0,0,0,0,0,0,0
2008-07-11 12:00:00+00:00,30,7,12,,,0,0,0,0,0,0,0,0,0,0,0,0,0,0,0,0,0,0,0,0,0,0,0,0,0
2008-07-11 12:00:00+00:00,30,7,12,77.15283966064453,,0,0,0,0,0,0,0,0,1,1,1,1,1,1,1,1,1,0,0,0,0,0,0,0,0
2008-07-11 12:00:00+00:00,30,7,12,179.0432891845703,170.8636016845703,0,0,0,0,0,0,0,0,0,0,0,0,1,1,1,1,1,0,0,0,0,0,0,0,0
2008-07-11 12:15:00+00:00,30,7,12,,,0,0,0,0,0,0,0,0,0,0,0,0,0,0,0,0,0,0,0,0,0,0,0,0,0
2008-07-11 12:15:00+00:00,30,7,12,340.6902160644531,308.4056091308594,0,0,0,0,0,0,0,0,0,0,0,0,0,0,0,0,1,0,0,0,0,0,0,0,0
2008-07-11 12:15:00+00:00,30,7,12,270.17266845703125,237.0217742919922,0,0,0,0,0,0,0,0,0,0,0,0,0,0,0,1,1,0,0,0,0,0,0,0,0
2008-07-11 12:15:00+00:00,30,7,12,,,0,0,0,0,0,0,0,0,0,0,0,0,0,0,0,0,0,0,0,0,0,0,0,0,0
2008-07-11 12:15:00+00:00,30,7,12,,,0,0,0,0,0,0,0,0,0,0,0,0,0,0,0,0,0,0,0,0,0,0,0,0,0
2008-07-11 12:15:00+00:00,30,7,12,,,0,0,0,0,0,0,0,0,0,0,0,0,0,0,0,0,0,0,0,0,0,0,0,0,0
2008-07-11 12:15:00+00:00,30,7,12,,,0,0,0,0,0,0,0,0,0,0,0,0,0,0,0,0,0,0,0,0,0,0,0,0,0
2008-07-11 12:15:00+00:00,30,7,12,317.3999328613281,347.9521484375,0,0,0,0,0,0,0,0,0,0,0,0,0,0,0,0,1,0,0,0,0,0,0,0,0
2008-07-11 12:15:00+00:00,30,7,12,279.08758544921875,313.09906005859375,0,0,0,0,0,0,0,0,0,0,0,0,0,0,0,1,1,0,0,0,0,0,0,0,0
2008-07-11 12:30:00+00:00,30,7,12,376.8699645996094,384.65625,0,0,0,0,0,0,0,0,0,0,0,0,0,0,0,0,0,0,0,0,0,0,0,0,0
2008-07-11 12:30:00+00:00,30,7,12,327.9545593261719,305.0929870605469,0,0,0,0,0,0,0,0,0,0,0,0,0,0,0,0,1,0,0,0,0,0,0,0,0
2008-07-11 12:30:00+00:00,30,7,12,319.344482421875,344.81524658203125,0,0,0,0,0,0,0,0,0,0,0,0,0,0,0,0,1,0,0,0,0,0,0,0,0
2008-07-11 12:30:00+00:00,30,7,12,,,0,0,0,0,0,0,0,0,0,0,0,0,0,0,0,0,0,0,0,0,0,0,0,0,0
2008-07-11 12:30:00+00:00,30,7,12,,,0,0,0,0,0,0,0,0,0,0,0,0,0,0,0,0,0,0,0,0,0,0,0,0,0
2008-07-11 12:30:00+00:00,30,7,12,425.5909118652344,382.4985046386719,0,0,0,0,0,0,0,0,0,0,0,0,0,0,0,0,0,0,0,0,0,0,0,0,0
2008-07-11 12:45:00+00:00,30,7,12,,,0,0,0,0,0,0,0,0,0,0,0,0,0,0,0,0,0,0,0,0,0,0,0,0,0
2008-07-11 13:00:00+00:00,30,7,13,,,0,0,0,0,0,0,0,0,0,0,0,0,0,0,0,0,0,0,0,0,0,0,0,0,0
2008-07-11 13:00:00+00:00,30,7,13,,,0,0,0,0,0,0,0,0,0,0,0,0,0,0,0,0,0,0,0,0,0,0,0,0,0
2008-07-11 13:00:00+00:00,30,7,13,,,0,0,0,0,0,0,0,0,0,0,0,0,0,0,0,0,0,0,0,0,0,0,0,0,0
2008-07-11 13:00:00+00:00,30,7,13,364.55865478515625,8.471431732177734,0,0,0,0,0,0,0,0,0,0,0,0,0,0,0,0,0,1,1,1,1,1,1,1,1
2008-07-11 13:15:00+00:00,30,7,13,,,0,0,0,0,0,0,0,0,0,0,0,0,0,0,0,0,0,0,0,0,0,0,0,0,0
2008-07-11 13:15:00+00:00,30,7,13,,,0,0,0,0,0,0,0,0,0,0,0,0,0,0,0,0,0,0,0,0,0,0,0,0,0
2008-07-11 13:15:00+00:00,30,7,13,,,0,0,0,0,0,0,0,0,0,0,0,0,0,0,0,0,0,0,0,0,0,0,0,0,0
2008-07-11 13:15:00+00:00,30,7,13,,,0,0,0,0,0,0,0,0,0,0,0,0,0,0,0,0,0,0,0,0,0,0,0,0,0
2008-07-11 13:15:00+00:00,30,7,13,,,0,0,0,0,0,0,0,0,0,0,0,0,0,0,0,0,0,0,0,0,0,0,0,0,0
2008-07-11 13:15:00+00:00,30,7,13,,,0,0,0,0,0,0,0,0,0,0,0,0,0,0,0,0,0,0,0,0,0,0,0,0,0
2008-07-11 13:15:00+00:00,30,7,13,,,0,0,0,0,0,0,0,0,0,0,0,0,0,0,0,0,0,0,0,0,0,0,0,0,0
2008-07-11 13:30:00+00:00,30,7,13,,,0,0,0,0,0,0,0,0,0,0,0,0,0,0,0,0,0,0,0,0,0,0,0,0,0
2008-07-11 13:30:00+00:00,30,7,13,,,0,0,0,0,0,0,0,0,0,0,0,0,0,0,0,0,0,0,0,0,0,0,0,0,0
2008-07-11 13:30:00+00:00,30,7,13,,,0,0,0,0,0,0,0,0,0,0,0,0,0,0,0,0,0,0,0,0,0,0,0,0,0
2008-07-11 13:30:00+00:00,30,7,13,,,0,0,0,0,0,0,0,0,0,0,0,0,0,0,0,0,0,0,0,0,0,0,0,0,0
2008-07-11 13:45:00+00:00,30,7,13,,,0,0,0,0,0,0,0,0,0,0,0,0,0,0,0,0,0,0,0,0,0,0,0,0,0
2008-07-11 13:45:00+00:00,30,7,13,,,0,0,0,0,0,0,0,0,0,0,0,0,0,0,0,0,0,0,0,0,0,0,0,0,0
2008-07-11 13:45:00+00:00,30,7,13,,,0,0,0,0,0,0,0,0,0,0,0,0,0,0,0,0,0,0,0,0,0,0,0,0,0
2008-07-11 13:45:00+00:00,30,7,13,,,0,0,0,0,0,0,0,0,0,0,0,0,0,0,0,0,0,0,0,0,0,0,0,0,0
2008-07-11 13:45:00+00:00,30,7,13,,,0,0,0,0,0,0,0,0,0,0,0,0,0,0,0,0,0,0,0,0,0,0,0,0,0
2008-07-11 13:45:00+00:00,30,7,13,,,0,0,0,0,0,0,0,0,0,0,0,0,0,0,0,0,0,0,0,0,0,0,0,0,0
2008-07-11 14:00:00+00:00,30,7,14,,,0,0,0,0,0,0,0,0,0,0,0,0,0,0,0,0,0,0,0,0,0,0,0,0,0
2008-07-11 14:00:00+00:00,30,7,14,,,0,0,0,0,0,0,0,0,0,0,0,0,0,0,0,0,0,0,0,0,0,0,0,0,0
2008-07-11 14:00:00+00:00,30,7,14,,217.59475708007812,0,0,0,0,0,0,0,0,0,0,0,0,0,0,0,0,0,0,0,0,0,0,0,0,0
2008-07-11 14:00:00+00:00,30,7,14,,,0,0,0,0,0,0,0,0,0,0,0,0,0,0,0,0,0,0,0,0,0,0,0,0,0
2008-07-11 14:00:00+00:00,30,7,14,,,0,0,0,0,0,0,0,0,0,0,0,0,0,0,0,0,0,0,0,0,0,0,0,0,0
2008-07-11 14:00:00+00:00,30,7,14,,,0,0,0,0,0,0,0,0,0,0,0,0,0,0,0,0,0,0,0,0,0,0,0,0,0
2008-07-11 14:00:00+00:00,30,7,14,,,0,0,0,0,0,0,0,0,0,0,0,0,0,0,0,0,0,0,0,0,0,0,0,0,0
2008-07-11 14:15:00+00:00,30,7,14,327.5466613769531,,0,0,0,0,0,0,0,0,0,0,0,0,0,0,0,0,1,0,0,0,0,0,0,0,0
2008-07-11 14:15:00+00:00,30,7,14,,,0,0,0,0,0,0,0,0,0,0,0,0,0,0,0,0,0,0,0,0,0,0,0,0,0
2008-07-11 14:15:00+00:00,30,7,14,169.34567260742188,168.4971160888672,0,0,0,0,0,0,0,0,0,0,0,0,1,1,1,1,1,0,0,0,0,0,0,0,0
2008-07-11 14:30:00+00:00,30,7,14,,,0,0,0,0,0,0,0,0,0,0,0,0,0,0,0,0,0,0,0,0,0,0,0,0,0
2008-07-11 14:30:00+00:00,30,7,14,,,0,0,0,0,0,0,0,0,0,0,0,0,0,0,0,0,0,0,0,0,0,0,0,0,0
2008-07-11 14:30:00+00:00,30,7,14,205.5887908935547,174.96133422851562,0,0,0,0,0,0,0,0,0,0,0,0,0,0,1,1,1,0,0,0,0,0,0,0,0
2008-07-11 14:30:00+00:00,30,7,14,145.39895629882812,114.77887725830078,0,0,0,0,0,0,0,0,0,0,0,1,1,1,1,1,1,0,0,0,0,0,0,0,0
2008-07-11 14:30:00+00:00,30,7,14,,,0,0,0,0,0,0,0,0,0,0,0,0,0,0,0,0,0,0,0,0,0,0,0,0,0
2008-07-11 14:30:00+00:00,30,7,14,,,0,0,0,0,0,0,0,0,0,0,0,0,0,0,0,0,0,0,0,0,0,0,0,0,0
2008-07-11 14:30:00+00:00,30,7,14,,,0,0,0,0,0,0,0,0,0,0,0,0,0,0,0,0,0,0,0,0,0,0,0,0,0
2008-07-11 14:45:00+00:00,30,7,14,390.7423400878906,315.02642822265625,0,0,0,0,0,0,0,0,0,0,0,0,0,0,0,0,0,0,0,0,0,0,0,0,0
2008-07-11 14:45:00+00:00,30,7,14,,,0,0,0,0,0,0,0,0,0,0,0,0,0,0,0,0,0,0,0,0,0,0,0,0,0
2008-07-11 14:45:00+00:00,30,7,14,192.12120056152344,167.09681701660156,0,0,0,0,0,0,0,0,0,0,0,0,0,1,1,1,1,0,0,0,0,0,0,0,0
2008-07-11 14:45:00+00:00,30,7,14,,92.08045196533203,0,0,0,0,0,0,0,0,0,0,0,0,0,0,0,0,0,0,0,0,0,0,0,0,0
2008-07-11 14:45:00+00:00,30,7,14,129.33200073242188,157.44798278808594,0,0,0,0,0,0,0,0,0,0,0,1,1,1,1,1,1,0,0,0,0,0,0,0,0
2008-07-11 14:45:00+00:00,30,7,14,164.62789916992188,163.7129364013672,0,0,0,0,0,0,0,0,0,0,0,0,1,1,1,1,1,0,0,0,0,0,0,0,0
2008-07-11 14:45:00+00:00,30,7,14,313.44671630859375,310.27789306640625,0,0,0,0,0,0,0,0,0,0,0,0,0,0,0,0,1,0,0,0,0,0,0,0,0
2008-07-11 14:45:00+00:00,30,7,14,195.49899291992188,221.29425048828125,0,0,0,0,0,0,0,0,0,0,0,0,0,1,1,1,1,0,0,0,0,0,0,0,0
2008-07-11 14:45:00+00:00,30,7,14,,,0,0,0,0,0,0,0,0,0,0,0,0,0,0,0,0,0,0,0,0,0,0,0,0,0
2008-07-11 15:00:00+00:00,30,7,15,,,0,0,0,0,0,0,0,0,0,0,0,0,0,0,0,0,0,0,0,0,0,0,0,0,0
2008-07-11 15:00:00+00:00,30,7,15,,,0,0,0,0,0,0,0,0,0,0,0,0,0,0,0,0,0,0,0,0,0,0,0,0,0
2008-07-11 15:00:00+00:00,30,7,15,,341.8351135253906,0,0,0,0,0,0,0,0,0,0,0,0,0,0,0,0,0,0,0,0,0,0,0,0,0
2008-07-11 15:00:00+00:00,30,7,15,,,0,0,0,0,0,0,0,0,0,0,0,0,0,0,0,0,0,0,0,0,0,0,0,0,0
2008-07-11 15:00:00+00:00,30,7,15,,,0,0,0,0,0,0,0,0,0,0,0,0,0,0,0,0,0,0,0,0,0,0,0,0,0
2008-07-11 15:00:00+00:00,30,7,15,141.06117248535156,120.86103820800781,0,0,0,0,0,0,0,0,0,0,0,1,1,1,1,1,1,0,0,0,0,0,0,0,0
2008-07-11 15:00:00+00:00,30,7,15,,,0,0,0,0,0,0,0,0,0,0,0,0,0,0,0,0,0,0,0,0,0,0,0,0,0
2008-07-11 15:00:00+00:00,30,7,15,308.7074279785156,24.16322898864746,0,0,0,0,0,0,0,0,0,0,0,0,0,0,0,0,1,0,0,0,1,1,1,1,1
2008-07-11 15:15:00+00:00,30,7,15,,,0,0,0,0,0,0,0,0,0,0,0,0,0,0,0,0,0,0,0,0,0,0,0,0,0
2008-07-11 15:15:00+00:00,30,7,15,,,0,0,0,0,0,0,0,0,0,0,0,0,0,0,0,0,0,0,0,0,0,0,0,0,0
2008-07-11 15:15:00+00:00,30,7,15,,,0,0,0,0,0,0,0,0,0,0,0,0,0,0,0,0,0,0,0,0,0,0,0,0,0
2008-07-11 15:15:00+00:00,30,7,15,,,0,0,0,0,0,0,0,0,0,0,0,0,0,0,0,0,0,0,0,0,0,0,0,0,0
2008-07-11 15:15:00+00:00,30,7,15,199.83096313476562,201.95872497558594,0,0,0,0,0,0,0,0,0,0,0,0,0,1,1,1,1,0,0,0,0,0,0,0,0
2008-07-11 15:15:00+00:00,30,7,15,,,0,0,0,0,0,0,0,0,0,0,0,0,0,0,0,0,0,0,0,0,0,0,0,0,0
2008-07-11 15:15:00+00:00,30,7,15,116.0627212524414,163.6833038330078,0,0,0,0,0,0,0,0,0,0,1,1,1,1,1,1,1,0,0,0,0,0,0,0,0
2008-07-11 15:15:00+00:00,30,7,15,226.65066528320312,276.2253723144531,0,0,0,0,0,0,0,0,0,0,0,0,0,0,1,1,1,0,0,0,0,0,0,0,0
2008-07-11 15:15:00+00:00,30,7,15,252.83460998535156,266.5740661621094,0,0,0,0,0,0,0,0,0,0,0,0,0,0,0,1,1,0,0,0,0,0,0,0,0
2008-07-11 15:15:00+00:00,30,7,15,437.6990051269531,471.57818603515625,0,0,0,0,0,0,0,0,0,0,0,0,0,0,0,0,0,0,0,0,0,0,0,0,0
2008-07-11 15:30:00+00:00,30,7,15,,10.349577903747559,0,0,0,0,0,0,0,0,0,0,0,0,0,0,0,0,0,0,1,1,1,1,1,1,1
2008-07-11 15:30:00+00:00,30,7,15,,4.065180778503418,0,0,0,0,0,0,0,0,0,0,0,0,0,0,0,0,0,1,1,1,1,1,1,1,1
2008-07-11 15:30:00+00:00,30,7,15,,,0,0,0,0,0,0,0,0,0,0,0,0,0,0,0,0,0,0,0,0,0,0,0,0,0
2008-07-11 15:30:00+00:00,30,7,15,214.2806396484375,,0,0,0,0,0,0,0,0,0,0,0,0,0,0,1,1,1,0,0,0,0,0,0,0,0
2008-07-11 15:30:00+00:00,30,7,15,,,0,0,0,0,0,0,0,0,0,0,0,0,0,0,0,0,0,0,0,0,0,0,0,0,0
2008-07-11 15:30:00+00:00,30,7,15,71.19046020507812,75.6153335571289,0,0,0,0,0,0,0,0,1,1,1,1,1,1,1,1,1,0,0,0,0,0,0,0,0
2008-07-11 15:30:00+00:00,30,7,15,372.3539123535156,367.6119384765625,0,0,0,0,0,0,0,0,0,0,0,0,0,0,0,0,0,0,0,0,0,0,0,0,0
2008-07-11 15:30:00+00:00,30,7,15,423.73065185546875,440.771484375,0,0,0,0,0,0,0,0,0,0,0,0,0,0,0,0,0,0,0,0,0,0,0,0,0
2008-07-11 15:30:00+00:00,30,7,15,240.8487548828125,243.71763610839844,0,0,0,0,0,0,0,0,0,0,0,0,0,0,1,1,1,0,0,0,0,0,0,0,0
2008-07-11 15:30:00+00:00,30,7,15,225.2233428955078,196.47503662109375,0,0,0,0,0,0,0,0,0,0,0,0,0,0,1,1,1,0,0,0,0,0,0,0,0
2008-07-11 15:30:00+00:00,30,7,15,82.17337036132812,,0,0,0,0,0,0,0,0,0,1,1,1,1,1,1,1,1,0,0,0,0,0,0,0,0
2008-07-11 15:30:00+00:00,30,7,15,99.7175064086914,89.45826721191406,0,0,0,0,0,0,0,0,0,1,1,1,1,1,1,1,1,0,0,0,0,0,0,0,0
2008-07-11 15:30:00+00:00,30,7,15,130.26058959960938,112.36056518554688,0,0,0,0,0,0,0,0,0,0,0,1,1,1,1,1,1,0,0,0,0,0,0,0,0
2008-07-11 15:45:00+00:00,30,7,15,,,0,0,0,0,0,0,0,0,0,0,0,0,0,0,0,0,0,0,0,0,0,0,0,0,0
2008-07-11 15:45:00+00:00,30,7,15,,,0,0,0,0,0,0,0,0,0,0,0,0,0,0,0,0,0,0,0,0,0,0,0,0,0
2008-07-11 15:45:00+00:00,30,7,15,,,0,0,0,0,0,0,0,0,0,0,0,0,0,0,0,0,0,0,0,0,0,0,0,0,0
2008-07-11 15:45:00+00:00,30,7,15,387.4796447753906,445.3653259277344,0,0,0,0,0,0,0,0,0,0,0,0,0,0,0,0,0,0,0,0,0,0,0,0,0
2008-07-11 15:45:00+00:00,30,7,15,327.58221435546875,409.1161804199219,0,0,0,0,0,0,0,0,0,0,0,0,0,0,0,0,1,0,0,0,0,0,0,0,0
2008-07-11 15:45:00+00:00,30,7,15,166.19105529785156,163.54525756835938,0,0,0,0,0,0,0,0,0,0,0,0,1,1,1,1,1,0,0,0,0,0,0,0,0
2008-07-11 15:45:00+00:00,30,7,15,134.7935791015625,123.56920623779297,0,0,0,0,0,0,0,0,0,0,0,1,1,1,1,1,1,0,0,0,0,0,0,0,0
2008-07-11 15:45:00+00:00,30,7,15,75.94789123535156,68.5233154296875,0,0,0,0,0,0,0,0,1,1,1,1,1,1,1,1,1,0,0,0,0,0,0,0,0
2008-07-11 15:45:00+00:00,30,7,15,,192.5685272216797,0,0,0,0,0,0,0,0,0,0,0,0,0,0,0,0,0,0,0,0,0,0,0,0,0
2008-07-11 16:00:00+00:00,30,7,16,,,0,0,0,0,0,0,0,0,0,0,0,0,0,0,0,0,0,0,0,0,0,0,0,0,0
2008-07-11 16:00:00+00:00,30,7,16,,,0,0,0,0,0,0,0,0,0,0,0,0,0,0,0,0,0,0,0,0,0,0,0,0,0
2008-07-11 16:00:00+00:00,30,7,16,180.02989196777344,46.98664855957031,0,0,0,0,0,0,0,0,0,0,0,0,0,1,1,1,1,0,0,0,0,0,0,1,1
2008-07-11 16:00:00+00:00,30,7,16,104.29344940185547,27.07762908935547,0,0,0,0,0,0,0,0,0,0,1,1,1,1,1,1,1,0,0,0,0,1,1,1,1
2008-07-11 16:00:00+00:00,30,7,16,158.47732543945312,69.39334106445312,0,0,0,0,0,0,0,0,0,0,0,0,1,1,1,1,1,0,0,0,0,0,0,0,0
2008-07-11 16:00:00+00:00,30,7,16,334.3087463378906,463.1165466308594,0,0,0,0,0,0,0,0,0,0,0,0,0,0,0,0,1,0,0,0,0,0,0,0,0
2008-07-11 16:00:00+00:00,30,7,16,,,0,0,0,0,0,0,0,0,0,0,0,0,0,0,0,0,0,0,0,0,0,0,0,0,0
2008-07-11 16:00:00+00:00,30,7,16,189.96316528320312,183.20803833007812,0,0,0,0,0,0,0,0,0,0,0,0,0,1,1,1,1,0,0,0,0,0,0,0,0
2008-07-11 16:00:00+00:00,30,7,16,,,0,0,0,0,0,0,0,0,0,0,0,0,0,0,0,0,0,0,0,0,0,0,0,0,0
2008-07-11 16:00:00+00:00,30,7,16,196.4855499267578,195.65171813964844,0,0,0,0,0,0,0,0,0,0,0,0,0,1,1,1,1,0,0,0,0,0,0,0,0
2008-07-11 16:00:00+00:00,30,7,16,,,0,0,0,0,0,0,0,0,0,0,0,0,0,0,0,0,0,0,0,0,0,0,0,0,0
2008-07-11 16:15:00+00:00,30,7,16,,,0,0,0,0,0,0,0,0,0,0,0,0,0,0,0,0,0,0,0,0,0,0,0,0,0
2008-07-11 16:15:00+00:00,30,7,16,272.7242431640625,136.03219604492188,0,0,0,0,0,0,0,0,0,0,0,0,0,0,0,1,1,0,0,0,0,0,0,0,0
2008-07-11 16:15:00+00:00,30,7,16,,,0,0,0,0,0,0,0,0,0,0,0,0,0,0,0,0,0,0,0,0,0,0,0,0,0
2008-07-11 16:15:00+00:00,30,7,16,240.09991455078125,127.51255798339844,0,0,0,0,0,0,0,0,0,0,0,0,0,0,1,1,1,0,0,0,0,0,0,0,0
2008-07-11 16:15:00+00:00,30,7,16,92.92362976074219,3.0151712894439697,0,0,0,0,0,0,0,0,0,1,1,1,1,1,1,1,1,1,1,1,1,1,1,1,1
2008-07-11 16:15:00+00:00,30,7,16,161.3213653564453,11.0053071975708,0,0,0,0,0,0,0,0,0,0,0,0,1,1,1,1,1,0,1,1,1,1,1,1,1
2008-07-11 16:15:00+00:00,30,7,16,306.39044189453125,170.55514526367188,0,0,0,0,0,0,0,0,0,0,0,0,0,0,0,0,1,0,0,0,0,0,0,0,0
2008-07-11 16:30:00+00:00,30,7,16,,,0,0,0,0,0,0,0,0,0,0,0,0,0,0,0,0,0,0,0,0,0,0,0,0,0
2008-07-11 16:30:00+00:00,30,7,16,296.8342590332031,285.40960693359375,0,0,0,0,0,0,0,0,0,0,0,0,0,0,0,1,1,0,0,0,0,0,0,0,0
2008-07-11 16:30:00+00:00,30,7,16,497.582763671875,567.7907104492188,0,0,0,0,0,0,0,0,0,0,0,0,0,0,0,0,0,0,0,0,0,0,0,0,0
2008-07-11 16:30:00+00:00,30,7,16,,438.41485595703125,0,0,0,0,0,0,0,0,0,0,0,0,0,0,0,0,0,0,0,0,0,0,0,0,0
2008-07-11 16:30:00+00:00,30,7,16,54.70466613769531,44.552093505859375,0,0,0,0,0,0,0,1,1,1,1,1,1,1,1,1,1,0,0,0,0,0,0,1,1
2008-07-11 16:30:00+00:00,30,7,16,305.1471252441406,201.00418090820312,0,0,0,0,0,0,0,0,0,0,0,0,0,0,0,0,1,0,0,0,0,0,0,0,0
2008-07-11 16:30:00+00:00,30,7,16,322.0750427246094,,0,0,0,0,0,0,0,0,0,0,0,0,0,0,0,0,1,0,0,0,0,0,0,0,0
2008-07-11 16:45:00+00:00,30,7,16,,,0,0,0,0,0,0,0,0,0,0,0,0,0,0,0,0,0,0,0,0,0,0,0,0,0
2008-07-11 16:45:00+00:00,30,7,16,,,0,0,0,0,0,0,0,0,0,0,0,0,0,0,0,0,0,0,0,0,0,0,0,0,0
2008-07-11 16:45:00+00:00,30,7,16,296.0872802734375,313.3536682128906,0,0,0,0,0,0,0,0,0,0,0,0,0,0,0,1,1,0,0,0,0,0,0,0,0
2008-07-11 16:45:00+00:00,30,7,16,,,0,0,0,0,0,0,0,0,0,0,0,0,0,0,0,0,0,0,0,0,0,0,0,0,0
2008-07-11 17:00:00+00:00,30,7,17,,,0,0,0,0,0,0,0,0,0,0,0,0,0,0,0,0,0,0,0,0,0,0,0,0,0
2008-07-11 17:00:00+00:00,30,7,17,,,0,0,0,0,0,0,0,0,0,0,0,0,0,0,0,0,0,0,0,0,0,0,0,0,0
2008-07-11 17:00:00+00:00,30,7,17,141.75341796875,136.549072265625,0,0,0,0,0,0,0,0,0,0,0,1,1,1,1,1,1,0,0,0,0,0,0,0,0
2008-07-11 17:00:00+00:00,30,7,17,258.8997497558594,264.7320861816406,0,0,0,0,0,0,0,0,0,0,0,0,0,0,0,1,1,0,0,0,0,0,0,0,0
2008-07-11 17:15:00+00:00,30,7,17,,542.7313842773438,0,0,0,0,0,0,0,0,0,0,0,0,0,0,0,0,0,0,0,0,0,0,0,0,0
2008-07-11 17:15:00+00:00,30,7,17,191.9702606201172,163.85646057128906,0,0,0,0,0,0,0,0,0,0,0,0,0,1,1,1,1,0,0,0,0,0,0,0,0
2008-07-11 17:15:00+00:00,30,7,17,248.09422302246094,217.81544494628906,0,0,0,0,0,0,0,0,0,0,0,0,0,0,1,1,1,0,0,0,0,0,0,0,0
2008-07-11 17:15:00+00:00,30,7,17,184.00967407226562,155.6898956298828,0,0,0,0,0,0,0,0,0,0,0,0,0,1,1,1,1,0,0,0,0,0,0,0,0
2008-07-11 17:15:00+00:00,30,7,17,,601.4630737304688,0,0,0,0,0,0,0,0,0,0,0,0,0,0,0,0,0,0,0,0,0,0,0,0,0
2008-07-11 17:15:00+00:00,30,7,17,,,0,0,0,0,0,0,0,0,0,0,0,0,0,0,0,0,0,0,0,0,0,0,0,0,0
2008-07-11 17:30:00+00:00,30,7,17,,,0,0,0,0,0,0,0,0,0,0,0,0,0,0,0,0,0,0,0,0,0,0,0,0,0
2008-07-11 17:30:00+00:00,30,7,17,86.6219482421875,125.11090850830078,0,0,0,0,0,0,0,0,0,1,1,1,1,1,1,1,1,0,0,0,0,0,0,0,0
2008-07-11 17:45:00+00:00,30,7,17,173.52859497070312,183.1929473876953,0,0,0,0,0,0,0,0,0,0,0,0,1,1,1,1,1,0,0,0,0,0,0,0,0
2008-07-12 10:00:00+00:00,30,7,10,,,0,0,0,0,0,0,0,0,0,0,0,0,0,0,0,0,0,0,0,0,0,0,0,0,0
2008-07-12 10:00:00+00:00,30,7,10,,,0,0,0,0,0,0,0,0,0,0,0,0,0,0,0,0,0,0,0,0,0,0,0,0,0
2008-07-12 10:00:00+00:00,30,7,10,,,0,0,0,0,0,0,0,0,0,0,0,0,0,0,0,0,0,0,0,0,0,0,0,0,0
2008-07-12 10:00:00+00:00,30,7,10,,,0,0,0,0,0,0,0,0,0,0,0,0,0,0,0,0,0,0,0,0,0,0,0,0,0
2008-07-12 10:00:00+00:00,30,7,10,,,0,0,0,0,0,0,0,0,0,0,0,0,0,0,0,0,0,0,0,0,0,0,0,0,0
2008-07-12 10:15:00+00:00,30,7,10,,,0,0,0,0,0,0,0,0,0,0,0,0,0,0,0,0,0,0,0,0,0,0,0,0,0
2008-07-12 10:15:00+00:00,30,7,10,,,0,0,0,0,0,0,0,0,0,0,0,0,0,0,0,0,0,0,0,0,0,0,0,0,0
2008-07-12 10:15:00+00:00,30,7,10,,,0,0,0,0,0,0,0,0,0,0,0,0,0,0,0,0,0,0,0,0,0,0,0,0,0
2008-07-12 10:15:00+00:00,30,7,10,,,0,0,0,0,0,0,0,0,0,0,0,0,0,0,0,0,0,0,0,0,0,0,0,0,0
2008-07-12 10:15:00+00:00,30,7,10,,,0,0,0,0,0,0,0,0,0,0,0,0,0,0,0,0,0,0,0,0,0,0,0,0,0
2008-07-12 10:15:00+00:00,30,7,10,,,0,0,0,0,0,0,0,0,0,0,0,0,0,0,0,0,0,0,0,0,0,0,0,0,0
2008-07-12 10:15:00+00:00,30,7,10,,,0,0,0,0,0,0,0,0,0,0,0,0,0,0,0,0,0,0,0,0,0,0,0,0,0
2008-07-12 10:15:00+00:00,30,7,10,,,0,0,0,0,0,0,0,0,0,0,0,0,0,0,0,0,0,0,0,0,0,0,0,0,0
2008-07-12 10:15:00+00:00,30,7,10,,,0,0,0,0,0,0,0,0,0,0,0,0,0,0,0,0,0,0,0,0,0,0,0,0,0
2008-07-12 10:15:00+00:00,30,7,10,,,0,0,0,0,0,0,0,0,0,0,0,0,0,0,0,0,0,0,0,0,0,0,0,0,0
2008-07-12 10:15:00+00:00,30,7,10,490.1091613769531,517.587646484375,0,0,0,0,0,0,0,0,0,0,0,0,0,0,0,0,0,0,0,0,0,0,0,0,0
2008-07-12 10:15:00+00:00,30,7,10,,,0,0,0,0,0,0,0,0,0,0,0,0,0,0,0,0,0,0,0,0,0,0,0,0,0
2008-07-12 10:30:00+00:00,30,7,10,,,0,0,0,0,0,0,0,0,0,0,0,0,0,0,0,0,0,0,0,0,0,0,0,0,0
2008-07-12 10:30:00+00:00,30,7,10,,,0,0,0,0,0,0,0,0,0,0,0,0,0,0,0,0,0,0,0,0,0,0,0,0,0
2008-07-12 10:30:00+00:00,30,7,10,422.9780578613281,425.2590026855469,0,0,0,0,0,0,0,0,0,0,0,0,0,0,0,0,0,0,0,0,0,0,0,0,0
2008-07-12 10:30:00+00:00,30,7,10,430.71173095703125,441.3448486328125,0,0,0,0,0,0,0,0,0,0,0,0,0,0,0,0,0,0,0,0,0,0,0,0,0
2008-07-12 10:30:00+00:00,30,7,10,,,0,0,0,0,0,0,0,0,0,0,0,0,0,0,0,0,0,0,0,0,0,0,0,0,0
2008-07-12 10:45:00+00:00,30,7,10,,,0,0,0,0,0,0,0,0,0,0,0,0,0,0,0,0,0,0,0,0,0,0,0,0,0
2008-07-12 10:45:00+00:00,30,7,10,,,0,0,0,0,0,0,0,0,0,0,0,0,0,0,0,0,0,0,0,0,0,0,0,0,0
2008-07-12 10:45:00+00:00,30,7,10,,,0,0,0,0,0,0,0,0,0,0,0,0,0,0,0,0,0,0,0,0,0,0,0,0,0
2008-07-12 10:45:00+00:00,30,7,10,,,0,0,0,0,0,0,0,0,0,0,0,0,0,0,0,0,0,0,0,0,0,0,0,0,0
2008-07-12 10:45:00+00:00,30,7,10,,,0,0,0,0,0,0,0,0,0,0,0,0,0,0,0,0,0,0,0,0,0,0,0,0,0
2008-07-12 10:45:00+00:00,30,7,10,,,0,0,0,0,0,0,0,0,0,0,0,0,0,0,0,0,0,0,0,0,0,0,0,0,0
2008-07-12 10:45:00+00:00,30,7,10,121.32209014892578,128.16249084472656,0,0,0,0,0,0,0,0,0,0,0,1,1,1,1,1,1,0,0,0,0,0,0,0,0
2008-07-12 10:45:00+00:00,30,7,10,,,0,0,0,0,0,0,0,0,0,0,0,0,0,0,0,0,0,0,0,0,0,0,0,0,0
2008-07-12 11:00:00+00:00,30,7,11,,,0,0,0,0,0,0,0,0,0,0,0,0,0,0,0,0,0,0,0,0,0,0,0,0,0
2008-07-12 11:00:00+00:00,30,7,11,,,0,0,0,0,0,0,0,0,0,0,0,0,0,0,0,0,0,0,0,0,0,0,0,0,0
2008-07-12 11:00:00+00:00,30,7,11,,,0,0,0,0,0,0,0,0,0,0,0,0,0,0,0,0,0,0,0,0,0,0,0,0,0
2008-07-12 11:00:00+00:00,30,7,11,,,0,0,0,0,0,0,0,0,0,0,0,0,0,0,0,0,0,0,0,0,0,0,0,0,0
2008-07-12 11:00:00+00:00,30,7,11,,,0,0,0,0,0,0,0,0,0,0,0,0,0,0,0,0,0,0,0,0,0,0,0,0,0
2008-07-12 11:00:00+00:00,30,7,11,,,0,0,0,0,0,0,0,0,0,0,0,0,0,0,0,0,0,0,0,0,0,0,0,0,0
2008-07-12 11:00:00+00:00,30,7,11,,,0,0,0,0,0,0,0,0,0,0,0,0,0,0,0,0,0,0,0,0,0,0,0,0,0
2008-07-12 11:00:00+00:00,30,7,11,,,0,0,0,0,0,0,0,0,0,0,0,0,0,0,0,0,0,0,0,0,0,0,0,0,0
2008-07-12 11:00:00+00:00,30,7,11,323.08441162109375,510.5039367675781,0,0,0,0,0,0,0,0,0,0,0,0,0,0,0,0,1,0,0,0,0,0,0,0,0
2008-07-12 11:15:00+00:00,30,7,11,,,0,0,0,0,0,0,0,0,0,0,0,0,0,0,0,0,0,0,0,0,0,0,0,0,0
2008-07-12 11:15:00+00:00,30,7,11,,,0,0,0,0,0,0,0,0,0,0,0,0,0,0,0,0,0,0,0,0,0,0,0,0,0
2008-07-12 11:15:00+00:00,30,7,11,,,0,0,0,0,0,0,0,0,0,0,0,0,0,0,0,0,0,0,0,0,0,0,0,0,0
2008-07-12 11:15:00+00:00,30,7,11,,,0,0,0,0,0,0,0,0,0,0,0,0,0,0,0,0,0,0,0,0,0,0,0,0,0
2008-07-12 11:15:00+00:00,30,7,11,,,0,0,0,0,0,0,0,0,0,0,0,0,0,0,0,0,0,0,0,0,0,0,0,0,0
2008-07-12 11:15:00+00:00,30,7,11,,,0,0,0,0,0,0,0,0,0,0,0,0,0,0,0,0,0,0,0,0,0,0,0,0,0
2008-07-12 11:15:00+00:00,30,7,11,,,0,0,0,0,0,0,0,0,0,0,0,0,0,0,0,0,0,0,0,0,0,0,0,0,0
2008-07-12 11:15:00+00:00,30,7,11,,,0,0,0,0,0,0,0,0,0,0,0,0,0,0,0,0,0,0,0,0,0,0,0,0,0
2008-07-12 11:30:00+00:00,30,7,11,,,0,0,0,0,0,0,0,0,0,0,0,0,0,0,0,0,0,0,0,0,0,0,0,0,0
2008-07-12 11:30:00+00:00,30,7,11,,,0,0,0,0,0,0,0,0,0,0,0,0,0,0,0,0,0,0,0,0,0,0,0,0,0
2008-07-12 11:30:00+00:00,30,7,11,,,0,0,0,0,0,0,0,0,0,0,0,0,0,0,0,0,0,0,0,0,0,0,0,0,0
2008-07-12 11:30:00+00:00,30,7,11,,,0,0,0,0,0,0,0,0,0,0,0,0,0,0,0,0,0,0,0,0,0,0,0,0,0
2008-07-12 11:30:00+00:00,30,7,11,,,0,0,0,0,0,0,0,0,0,0,0,0,0,0,0,0,0,0,0,0,0,0,0,0,0
2008-07-12 11:30:00+00:00,30,7,11,,,0,0,0,0,0,0,0,0,0,0,0,0,0,0,0,0,0,0,0,0,0,0,0,0,0
2008-07-12 11:30:00+00:00,30,7,11,,,0,0,0,0,0,0,0,0,0,0,0,0,0,0,0,0,0,0,0,0,0,0,0,0,0
2008-07-12 11:30:00+00:00,30,7,11,,,0,0,0,0,0,0,0,0,0,0,0,0,0,0,0,0,0,0,0,0,0,0,0,0,0
2008-07-12 11:30:00+00:00,30,7,11,149.15591430664062,,0,0,0,0,0,0,0,0,0,0,0,1,1,1,1,1,1,0,0,0,0,0,0,0,0
2008-07-12 11:30:00+00:00,30,7,11,482.54486083984375,,0,0,0,0,0,0,0,0,0,0,0,0,0,0,0,0,0,0,0,0,0,0,0,0,0
2008-07-12 11:30:00+00:00,30,7,11,143.26133728027344,141.02017211914062,0,0,0,0,0,0,0,0,0,0,0,1,1,1,1,1,1,0,0,0,0,0,0,0,0
2008-07-12 11:45:00+00:00,30,7,11,,,0,0,0,0,0,0,0,0,0,0,0,0,0,0,0,0,0,0,0,0,0,0,0,0,0
2008-07-12 11:45:00+00:00,30,7,11,,,0,0,0,0,0,0,0,0,0,0,0,0,0,0,0,0,0,0,0,0,0,0,0,0,0
2008-07-12 11:45:00+00:00,30,7,11,,,0,0,0,0,0,0,0,0,0,0,0,0,0,0,0,0,0,0,0,0,0,0,0,0,0
2008-07-12 11:45:00+00:00,30,7,11,,,0,0,0,0,0,0,0,0,0,0,0,0,0,0,0,0,0,0,0,0,0,0,0,0,0
2008-07-12 11:45:00+00:00,30,7,11,,399.0193786621094,0,0,0,0,0,0,0,0,0,0,0,0,0,0,0,0,0,0,0,0,0,0,0,0,0
2008-07-12 11:45:00+00:00,30,7,11,,,0,0,0,0,0,0,0,0,0,0,0,0,0,0,0,0,0,0,0,0,0,0,0,0,0
2008-07-12 11:45:00+00:00,30,7,11,,,0,0,0,0,0,0,0,0,0,0,0,0,0,0,0,0,0,0,0,0,0,0,0,0,0
2008-07-12 11:45:00+00:00,30,7,11,,,0,0,0,0,0,0,0,0,0,0,0,0,0,0,0,0,0,0,0,0,0,0,0,0,0
2008-07-12 11:45:00+00:00,30,7,11,334.9972229003906,340.0262451171875,0,0,0,0,0,0,0,0,0,0,0,0,0,0,0,0,1,0,0,0,0,0,0,0,0
2008-07-12 12:00:00+00:00,30,7,12,,,0,0,0,0,0,0,0,0,0,0,0,0,0,0,0,0,0,0,0,0,0,0,0,0,0
2008-07-12 12:00:00+00:00,30,7,12,,,0,0,0,0,0,0,0,0,0,0,0,0,0,0,0,0,0,0,0,0,0,0,0,0,0
2008-07-12 12:00:00+00:00,30,7,12,,,0,0,0,0,0,0,0,0,0,0,0,0,0,0,0,0,0,0,0,0,0,0,0,0,0
2008-07-12 12:00:00+00:00,30,7,12,,,0,0,0,0,0,0,0,0,0,0,0,0,0,0,0,0,0,0,0,0,0,0,0,0,0
2008-07-12 12:00:00+00:00,30,7,12,,,0,0,0,0,0,0,0,0,0,0,0,0,0,0,0,0,0,0,0,0,0,0,0,0,0
2008-07-12 12:00:00+00:00,30,7,12,,,0,0,0,0,0,0,0,0,0,0,0,0,0,0,0,0,0,0,0,0,0,0,0,0,0
2008-07-12 12:00:00+00:00,30,7,12,,,0,0,0,0,0,0,0,0,0,0,0,0,0,0,0,0,0,0,0,0,0,0,0,0,0
2008-07-12 12:00:00+00:00,30,7,12,,,0,0,0,0,0,0,0,0,0,0,0,0,0,0,0,0,0,0,0,0,0,0,0,0,0
2008-07-12 12:00:00+00:00,30,7,12,,,0,0,0,0,0,0,0,0,0,0,0,0,0,0,0,0,0,0,0,0,0,0,0,0,0
2008-07-12 12:00:00+00:00,30,7,12,,,0,0,0,0,0,0,0,0,0,0,0,0,0,0,0,0,0,0,0,0,0,0,0,0,0
2008-07-12 12:00:00+00:00,30,7,12,,296.8887939453125,0,0,0,0,0,0,0,0,0,0,0,0,0,0,0,0,0,0,0,0,0,0,0,0,0
2008-07-12 12:00:00+00:00,30,7,12,,,0,0,0,0,0,0,0,0,0,0,0,0,0,0,0,0,0,0,0,0,0,0,0,0,0
2008-07-12 12:00:00+00:00,30,7,12,,304.35955810546875,0,0,0,0,0,0,0,0,0,0,0,0,0,0,0,0,0,0,0,0,0,0,0,0,0
2008-07-12 12:00:00+00:00,30,7,12,400.7718811035156,335.58062744140625,0,0,0,0,0,0,0,0,0,0,0,0,0,0,0,0,0,0,0,0,0,0,0,0,0
2008-07-12 12:15:00+00:00,30,7,12,,,0,0,0,0,0,0,0,0,0,0,0,0,0,0,0,0,0,0,0,0,0,0,0,0,0
2008-07-12 12:15:00+00:00,30,7,12,,,0,0,0,0,0,0,0,0,0,0,0,0,0,0,0,0,0,0,0,0,0,0,0,0,0
2008-07-12 12:15:00+00:00,30,7,12,,,0,0,0,0,0,0,0,0,0,0,0,0,0,0,0,0,0,0,0,0,0,0,0,0,0
2008-07-12 12:15:00+00:00,30,7,12,,,0,0,0,0,0,0,0,0,0,0,0,0,0,0,0,0,0,0,0,0,0,0,0,0,0
2008-07-12 12:15:00+00:00,30,7,12,,,0,0,0,0,0,0,0,0,0,0,0,0,0,0,0,0,0,0,0,0,0,0,0,0,0
2008-07-12 12:15:00+00:00,30,7,12,,,0,0,0,0,0,0,0,0,0,0,0,0,0,0,0,0,0,0,0,0,0,0,0,0,0
2008-07-12 12:15:00+00:00,30,7,12,,,0,0,0,0,0,0,0,0,0,0,0,0,0,0,0,0,0,0,0,0,0,0,0,0,0
2008-07-12 12:15:00+00:00,30,7,12,,,0,0,0,0,0,0,0,0,0,0,0,0,0,0,0,0,0,0,0,0,0,0,0,0,0
2008-07-12 12:15:00+00:00,30,7,12,,502.3708801269531,0,0,0,0,0,0,0,0,0,0,0,0,0,0,0,0,0,0,0,0,0,0,0,0,0
2008-07-12 12:15:00+00:00,30,7,12,424.00531005859375,417.73876953125,0,0,0,0,0,0,0,0,0,0,0,0,0,0,0,0,0,0,0,0,0,0,0,0,0
2008-07-12 12:15:00+00:00,30,7,12,,,0,0,0,0,0,0,0,0,0,0,0,0,0,0,0,0,0,0,0,0,0,0,0,0,0
2008-07-12 12:15:00+00:00,30,7,12,,,0,0,0,0,0,0,0,0,0,0,0,0,0,0,0,0,0,0,0,0,0,0,0,0,0
2008-07-12 12:30:00+00:00,30,7,12,,,0,0,0,0,0,0,0,0,0,0,0,0,0,0,0,0,0,0,0,0,0,0,0,0,0
2008-07-12 12:30:00+00:00,30,7,12,,,0,0,0,0,0,0,0,0,0,0,0,0,0,0,0,0,0,0,0,0,0,0,0,0,0
2008-07-12 12:30:00+00:00,30,7,12,,,0,0,0,0,0,0,0,0,0,0,0,0,0,0,0,0,0,0,0,0,0,0,0,0,0
2008-07-12 12:30:00+00:00,30,7,12,,,0,0,0,0,0,0,0,0,0,0,0,0,0,0,0,0,0,0,0,0,0,0,0,0,0
2008-07-12 12:30:00+00:00,30,7,12,265.6607360839844,221.38522338867188,0,0,0,0,0,0,0,0,0,0,0,0,0,0,0,1,1,0,0,0,0,0,0,0,0
2008-07-12 12:30:00+00:00,30,7,12,288.7768249511719,266.70086669921875,0,0,0,0,0,0,0,0,0,0,0,0,0,0,0,1,1,0,0,0,0,0,0,0,0
2008-07-12 12:30:00+00:00,30,7,12,363.9587097167969,338.0859375,0,0,0,0,0,0,0,0,0,0,0,0,0,0,0,0,0,0,0,0,0,0,0,0,0
2008-07-12 12:30:00+00:00,30,7,12,,223.0143585205078,0,0,0,0,0,0,0,0,0,0,0,0,0,0,0,0,0,0,0,0,0,0,0,0,0
2008-07-12 12:45:00+00:00,30,7,12,,401.2376708984375,0,0,0,0,0,0,0,0,0,0,0,0,0,0,0,0,0,0,0,0,0,0,0,0,0
2008-07-12 12:45:00+00:00,30,7,12,,,0,0,0,0,0,0,0,0,0,0,0,0,0,0,0,0,0,0,0,0,0,0,0,0,0
2008-07-12 12:45:00+00:00,30,7,12,,,0,0,0,0,0,0,0,0,0,0,0,0,0,0,0,0,0,0,0,0,0,0,0,0,0
2008-07-12 12:45:00+00:00,30,7,12,,,0,0,0,0,0,0,0,0,0,0,0,0,0,0,0,0,0,0,0,0,0,0,0,0,0
2008-07-12 12:45:00+00:00,30,7,12,,,0,0,0,0,0,0,0,0,0,0,0,0,0,0,0,0,0,0,0,0,0,0,0,0,0
2008-07-12 12:45:00+00:00,30,7,12,366.919921875,,0,0,0,0,0,0,0,0,0,0,0,0,0,0,0,0,0,0,0,0,0,0,0,0,0
2008-07-12 12:45:00+00:00,30,7,12,,,0,0,0,0,0,0,0,0,0,0,0,0,0,0,0,0,0,0,0,0,0,0,0,0,0
2008-07-12 12:45:00+00:00,30,7,12,,411.2251892089844,0,0,0,0,0,0,0,0,0,0,0,0,0,0,0,0,0,0,0,0,0,0,0,0,0
2008-07-12 12:45:00+00:00,30,7,12,,382.0346374511719,0,0,0,0,0,0,0,0,0,0,0,0,0,0,0,0,0,0,0,0,0,0,0,0,0
2008-07-12 13:00:00+00:00,30,7,13,,205.0397186279297,0,0,0,0,0,0,0,0,0,0,0,0,0,0,0,0,0,0,0,0,0,0,0,0,0
2008-07-12 13:00:00+00:00,30,7,13,,,0,0,0,0,0,0,0,0,0,0,0,0,0,0,0,0,0,0,0,0,0,0,0,0,0
2008-07-12 13:00:00+00:00,30,7,13,,,0,0,0,0,0,0,0,0,0,0,0,0,0,0,0,0,0,0,0,0,0,0,0,0,0
2008-07-12 13:00:00+00:00,30,7,13,,298.647216796875,0,0,0,0,0,0,0,0,0,0,0,0,0,0,0,0,0,0,0,0,0,0,0,0,0
2008-07-12 13:00:00+00:00,30,7,13,354.6251525878906,314.13238525390625,0,0,0,0,0,0,0,0,0,0,0,0,0,0,0,0,0,0,0,0,0,0,0,0,0
2008-07-12 13:00:00+00:00,30,7,13,331.1087341308594,284.0413818359375,0,0,0,0,0,0,0,0,0,0,0,0,0,0,0,0,1,0,0,0,0,0,0,0,0
2008-07-12 13:00:00+00:00,30,7,13,,376.031494140625,0,0,0,0,0,0,0,0,0,0,0,0,0,0,0,0,0,0,0,0,0,0,0,0,0
2008-07-12 13:00:00+00:00,30,7,13,,,0,0,0,0,0,0,0,0,0,0,0,0,0,0,0,0,0,0,0,0,0,0,0,0,0
2008-07-12 13:00:00+00:00,30,7,13,,,0,0,0,0,0,0,0,0,0,0,0,0,0,0,0,0,0,0,0,0,0,0,0,0,0
2008-07-12 13:00:00+00:00,30,7,13,,,0,0,0,0,0,0,0,0,0,0,0,0,0,0,0,0,0,0,0,0,0,0,0,0,0
2008-07-12 13:00:00+00:00,30,7,13,170.94888305664062,108.22246551513672,0,0,0,0,0,0,0,0,0,0,0,0,1,1,1,1,1,0,0,0,0,0,0,0,0
2008-07-12 13:00:00+00:00,30,7,13,,316.0526428222656,0,0,0,0,0,0,0,0,0,0,0,0,0,0,0,0,0,0,0,0,0,0,0,0,0
2008-07-12 13:00:00+00:00,30,7,13,134.83859252929688,361.52520751953125,0,0,0,0,0,0,0,0,0,0,0,1,1,1,1,1,1,0,0,0,0,0,0,0,0
2008-07-12 13:00:00+00:00,30,7,13,337.8021240234375,156.8813934326172,0,0,0,0,0,0,0,0,0,0,0,0,0,0,0,0,1,0,0,0,0,0,0,0,0
2008-07-12 13:00:00+00:00,30,7,13,466.2751770019531,408.4208984375,0,0,0,0,0,0,0,0,0,0,0,0,0,0,0,0,0,0,0,0,0,0,0,0,0
2008-07-12 13:00:00+00:00,30,7,13,184.0393524169922,237.23983764648438,0,0,0,0,0,0,0,0,0,0,0,0,0,1,1,1,1,0,0,0,0,0,0,0,0
2008-07-12 13:00:00+00:00,30,7,13,361.5374450683594,413.959716796875,0,0,0,0,0,0,0,0,0,0,0,0,0,0,0,0,0,0,0,0,0,0,0,0,0
2008-07-12 13:15:00+00:00,30,7,13,134.64059448242188,89.46913146972656,0,0,0,0,0,0,0,0,0,0,0,1,1,1,1,1,1,0,0,0,0,0,0,0,0
2008-07-12 13:15:00+00:00,30,7,13,396.07830810546875,366.173828125,0,0,0,0,0,0,0,0,0,0,0,0,0,0,0,0,0,0,0,0,0,0,0,0,0
2008-07-12 13:15:00+00:00,30,7,13,,390.58319091796875,0,0,0,0,0,0,0,0,0,0,0,0,0,0,0,0,0,0,0,0,0,0,0,0,0
2008-07-12 13:15:00+00:00,30,7,13,,310.6753234863281,0,0,0,0,0,0,0,0,0,0,0,0,0,0,0,0,0,0,0,0,0,0,0,0,0
2008-07-12 13:15:00+00:00,30,7,13,,,0,0,0,0,0,0,0,0,0,0,0,0,0,0,0,0,0,0,0,0,0,0,0,0,0
2008-07-12 13:15:00+00:00,30,7,13,268.99566650390625,307.1856384277344,0,0,0,0,0,0,0,0,0,0,0,0,0,0,0,1,1,0,0,0,0,0,0,0,0
2008-07-12 13:15:00+00:00,30,7,13,,,0,0,0,0,0,0,0,0,0,0,0,0,0,0,0,0,0,0,0,0,0,0,0,0,0
2008-07-12 13:15:00+00:00,30,7,13,,,0,0,0,0,0,0,0,0,0,0,0,0,0,0,0,0,0,0,0,0,0,0,0,0,0
2008-07-12 13:15:00+00:00,30,7,13,381.3507385253906,62.2811164855957,0,0,0,0,0,0,0,0,0,0,0,0,0,0,0,0,0,0,0,0,0,0,0,0,0
2008-07-12 13:15:00+00:00,30,7,13,,,0,0,0,0,0,0,0,0,0,0,0,0,0,0,0,0,0,0,0,0,0,0,0,0,0
2008-07-12 13:15:00+00:00,30,7,13,,,0,0,0,0,0,0,0,0,0,0,0,0,0,0,0,0,0,0,0,0,0,0,0,0,0
2008-07-12 13:15:00+00:00,30,7,13,109.1942367553711,128.9673309326172,0,0,0,0,0,0,0,0,0,0,1,1,1,1,1,1,1,0,0,0,0,0,0,0,0
2008-07-12 13:15:00+00:00,30,7,13,227.19761657714844,269.6167297363281,0,0,0,0,0,0,0,0,0,0,0,0,0,0,1,1,1,0,0,0,0,0,0,0,0
2008-07-12 13:15:00+00:00,30,7,13,57.68061065673828,12.376009941101074,0,0,0,0,0,0,0,1,1,1,1,1,1,1,1,1,1,0,1,1,1,1,1,1,1
2008-07-12 13:30:00+00:00,30,7,13,,247.93252563476562,0,0,0,0,0,0,0,0,0,0,0,0,0,0,0,0,0,0,0,0,0,0,0,0,0
2008-07-12 13:30:00+00:00,30,7,13,,,0,0,0,0,0,0,0,0,0,0,0,0,0,0,0,0,0,0,0,0,0,0,0,0,0
2008-07-12 13:30:00+00:00,30,7,13,,435.2772521972656,0,0,0,0,0,0,0,0,0,0,0,0,0,0,0,0,0,0,0,0,0,0,0,0,0
2008-07-12 13:30:00+00:00,30,7,13,268.62921142578125,259.1112060546875,0,0,0,0,0,0,0,0,0,0,0,0,0,0,0,1,1,0,0,0,0,0,0,0,0
2008-07-12 13:30:00+00:00,30,7,13,,445.42535400390625,0,0,0,0,0,0,0,0,0,0,0,0,0,0,0,0,0,0,0,0,0,0,0,0,0
2008-07-12 13:30:00+00:00,30,7,13,,,0,0,0,0,0,0,0,0,0,0,0,0,0,0,0,0,0,0,0,0,0,0,0,0,0
2008-07-12 13:30:00+00:00,30,7,13,,,0,0,0,0,0,0,0,0,0,0,0,0,0,0,0,0,0,0,0,0,0,0,0,0,0
2008-07-12 13:30:00+00:00,30,7,13,,,0,0,0,0,0,0,0,0,0,0,0,0,0,0,0,0,0,0,0,0,0,0,0,0,0
2008-07-12 13:30:00+00:00,30,7,13,,,0,0,0,0,0,0,0,0,0,0,0,0,0,0,0,0,0,0,0,0,0,0,0,0,0
2008-07-12 13:30:00+00:00,30,7,13,349.0762023925781,,0,0,0,0,0,0,0,0,0,0,0,0,0,0,0,0,1,0,0,0,0,0,0,0,0
2008-07-12 13:30:00+00:00,30,7,13,,,0,0,0,0,0,0,0,0,0,0,0,0,0,0,0,0,0,0,0,0,0,0,0,0,0
2008-07-12 13:30:00+00:00,30,7,13,,,0,0,0,0,0,0,0,0,0,0,0,0,0,0,0,0,0,0,0,0,0,0,0,0,0
2008-07-12 13:30:00+00:00,30,7,13,382.1702880859375,414.543701171875,0,0,0,0,0,0,0,0,0,0,0,0,0,0,0,0,0,0,0,0,0,0,0,0,0
2008-07-12 13:30:00+00:00,30,7,13,,,0,0,0,0,0,0,0,0,0,0,0,0,0,0,0,0,0,0,0,0,0,0,0,0,0
2008-07-12 13:30:00+00:00,30,7,13,497.8626708984375,483.2183837890625,0,0,0,0,0,0,0,0,0,0,0,0,0,0,0,0,0,0,0,0,0,0,0,0,0
2008-07-12 13:30:00+00:00,30,7,13,,,0,0,0,0,0,0,0,0,0,0,0,0,0,0,0,0,0,0,0,0,0,0,0,0,0
2008-07-12 13:30:00+00:00,30,7,13,203.86526489257812,274.9394226074219,0,0,0,0,0,0,0,0,0,0,0,0,0,0,1,1,1,0,0,0,0,0,0,0,0
2008-07-12 13:30:00+00:00,30,7,13,70.5486068725586,106.20403289794922,0,0,0,0,0,0,0,0,1,1,1,1,1,1,1,1,1,0,0,0,0,0,0,0,0
2008-07-12 13:45:00+00:00,30,7,13,,,0,0,0,0,0,0,0,0,0,0,0,0,0,0,0,0,0,0,0,0,0,0,0,0,0
2008-07-12 13:45:00+00:00,30,7,13,84.68669891357422,223.78488159179688,0,0,0,0,0,0,0,0,0,1,1,1,1,1,1,1,1,0,0,0,0,0,0,0,0
2008-07-12 13:45:00+00:00,30,7,13,271.21453857421875,143.13807678222656,0,0,0,0,0,0,0,0,0,0,0,0,0,0,0,1,1,0,0,0,0,0,0,0,0
2008-07-12 13:45:00+00:00,30,7,13,,,0,0,0,0,0,0,0,0,0,0,0,0,0,0,0,0,0,0,0,0,0,0,0,0,0
2008-07-12 13:45:00+00:00,30,7,13,,,0,0,0,0,0,0,0,0,0,0,0,0,0,0,0,0,0,0,0,0,0,0,0,0,0
2008-07-12 13:45:00+00:00,30,7,13,,,0,0,0,0,0,0,0,0,0,0,0,0,0,0,0,0,0,0,0,0,0,0,0,0,0
2008-07-12 13:45:00+00:00,30,7,13,435.41204833984375,,0,0,0,0,0,0,0,0,0,0,0,0,0,0,0,0,0,0,0,0,0,0,0,0,0
2008-07-12 13:45:00+00:00,30,7,13,155.80584716796875,155.92886352539062,0,0,0,0,0,0,0,0,0,0,0,0,1,1,1,1,1,0,0,0,0,0,0,0,0
2008-07-12 13:45:00+00:00,30,7,13,,,0,0,0,0,0,0,0,0,0,0,0,0,0,0,0,0,0,0,0,0,0,0,0,0,0
2008-07-12 13:45:00+00:00,30,7,13,,,0,0,0,0,0,0,0,0,0,0,0,0,0,0,0,0,0,0,0,0,0,0,0,0,0
2008-07-12 13:45:00+00:00,30,7,13,112.29473114013672,171.57553100585938,0,0,0,0,0,0,0,0,0,0,1,1,1,1,1,1,1,0,0,0,0,0,0,0,0
2008-07-12 13:45:00+00:00,30,7,13,,,0,0,0,0,0,0,0,0,0,0,0,0,0,0,0,0,0,0,0,0,0,0,0,0,0
2008-07-12 13:45:00+00:00,30,7,13,413.57305908203125,233.57339477539062,0,0,0,0,0,0,0,0,0,0,0,0,0,0,0,0,0,0,0,0,0,0,0,0,0
2008-07-12 13:45:00+00:00,30,7,13,383.3091125488281,367.1274108886719,0,0,0,0,0,0,0,0,0,0,0,0,0,0,0,0,0,0,0,0,0,0,0,0,0
2008-07-12 13:45:00+00:00,30,7,13,114.8485336303711,117.18134307861328,0,0,0,0,0,0,0,0,0,0,1,1,1,1,1,1,1,0,0,0,0,0,0,0,0
2008-07-12 13:45:00+00:00,30,7,13,272.8916320800781,243.54330444335938,0,0,0,0,0,0,0,0,0,0,0,0,0,0,0,1,1,0,0,0,0,0,0,0,0
2008-07-12 13:45:00+00:00,30,7,13,383.8245849609375,264.1623229980469,0,0,0,0,0,0,0,0,0,0,0,0,0,0,0,0,0,0,0,0,0,0,0,0,0
2008-07-12 14:00:00+00:00,30,7,14,113.06507110595703,310.9371337890625,0,0,0,0,0,0,0,0,0,0,1,1,1,1,1,1,1,0,0,0,0,0,0,0,0
2008-07-12 14:00:00+00:00,30,7,14,,,0,0,0,0,0,0,0,0,0,0,0,0,0,0,0,0,0,0,0,0,0,0,0,0,0
2008-07-12 14:00:00+00:00,30,7,14,171.4525146484375,41.9193115234375,0,0,0,0,0,0,0,0,0,0,0,0,1,1,1,1,1,0,0,0,0,0,0,1,1
2008-07-12 14:00:00+00:00,30,7,14,,,0,0,0,0,0,0,0,0,0,0,0,0,0,0,0,0,0,0,0,0,0,0,0,0,0
2008-07-12 14:00:00+00:00,30,7,14,,,0,0,0,0,0,0,0,0,0,0,0,0,0,0,0,0,0,0,0,0,0,0,0,0,0
2008-07-12 14:00:00+00:00,30,7,14,,,0,0,0,0,0,0,0,0,0,0,0,0,0,0,0,0,0,0,0,0,0,0,0,0,0
2008-07-12 14:00:00+00:00,30,7,14,424.1605224609375,443.7060241699219,0,0,0,0,0,0,0,0,0,0,0,0,0,0,0,0,0,0,0,0,0,0,0,0,0
2008-07-12 14:00:00+00:00,30,7,14,,,0,0,0,0,0,0,0,0,0,0,0,0,0,0,0,0,0,0,0,0,0,0,0,0,0
2008-07-12 14:00:00+00:00,30,7,14,,200.1710968017578,0,0,0,0,0,0,0,0,0,0,0,0,0,0,0,0,0,0,0,0,0,0,0,0,0
2008-07-12 14:00:00+00:00,30,7,14,420.297119140625,,0,0,0,0,0,0,0,0,0,0,0,0,0,0,0,0,0,0,0,0,0,0,0,0,0
2008-07-12 14:00:00+00:00,30,7,14,,288.501220703125,0,0,0,0,0,0,0,0,0,0,0,0,0,0,0,0,0,0,0,0,0,0,0,0,0
2008-07-12 14:00:00+00:00,30,7,14,,345.7299499511719,0,0,0,0,0,0,0,0,0,0,0,0,0,0,0,0,0,0,0,0,0,0,0,0,0
2008-07-12 14:00:00+00:00,30,7,14,,,0,0,0,0,0,0,0,0,0,0,0,0,0,0,0,0,0,0,0,0,0,0,0,0,0
2008-07-12 14:00:00+00:00,30,7,14,,,0,0,0,0,0,0,0,0,0,0,0,0,0,0,0,0,0,0,0,0,0,0,0,0,0
2008-07-12 14:00:00+00:00,30,7,14,334.35272216796875,312.6420593261719,0,0,0,0,0,0,0,0,0,0,0,0,0,0,0,0,1,0,0,0,0,0,0,0,0
2008-07-12 14:00:00+00:00,30,7,14,222.16087341308594,44.72565841674805,0,0,0,0,0,0,0,0,0,0,0,0,0,0,1,1,1,0,0,0,0,0,0,1,1
2008-07-12 14:00:00+00:00,30,7,14,186.07269287109375,174.6285858154297,0,0,0,0,0,0,0,0,0,0,0,0,0,1,1,1,1,0,0,0,0,0,0,0,0
2008-07-12 14:15:00+00:00,30,7,14,390.0085754394531,,0,0,0,0,0,0,0,0,0,0,0,0,0,0,0,0,0,0,0,0,0,0,0,0,0
2008-07-12 14:15:00+00:00,30,7,14,,,0,0,0,0,0,0,0,0,0,0,0,0,0,0,0,0,0,0,0,0,0,0,0,0,0
2008-07-12 14:15:00+00:00,30,7,14,,,0,0,0,0,0,0,0,0,0,0,0,0,0,0,0,0,0,0,0,0,0,0,0,0,0
2008-07-12 14:15:00+00:00,30,7,14,,126.68008422851562,0,0,0,0,0,0,0,0,0,0,0,0,0,0,0,0,0,0,0,0,0,0,0,0,0
2008-07-12 14:15:00+00:00,30,7,14,305.8250732421875,144.74755859375,0,0,0,0,0,0,0,0,0,0,0,0,0,0,0,0,1,0,0,0,0,0,0,0,0
2008-07-12 14:15:00+00:00,30,7,14,,227.58335876464844,0,0,0,0,0,0,0,0,0,0,0,0,0,0,0,0,0,0,0,0,0,0,0,0,0
2008-07-12 14:15:00+00:00,30,7,14,,,0,0,0,0,0,0,0,0,0,0,0,0,0,0,0,0,0,0,0,0,0,0,0,0,0
2008-07-12 14:15:00+00:00,30,7,14,,146.77099609375,0,0,0,0,0,0,0,0,0,0,0,0,0,0,0,0,0,0,0,0,0,0,0,0,0
2008-07-12 14:15:00+00:00,30,7,14,,40.419368743896484,0,0,0,0,0,0,0,0,0,0,0,0,0,0,0,0,0,0,0,0,0,0,0,1,1
2008-07-12 14:15:00+00:00,30,7,14,,103.71878051757812,0,0,0,0,0,0,0,0,0,0,0,0,0,0,0,0,0,0,0,0,0,0,0,0,0
2008-07-12 14:15:00+00:00,30,7,14,127.49890899658203,121.99320983886719,0,0,0,0,0,0,0,0,0,0,0,1,1,1,1,1,1,0,0,0,0,0,0,0,0
2008-07-12 14:30:00+00:00,30,7,14,,,0,0,0,0,0,0,0,0,0,0,0,0,0,0,0,0,0,0,0,0,0,0,0,0,0
2008-07-12 14:30:00+00:00,30,7,14,,,0,0,0,0,0,0,0,0,0,0,0,0,0,0,0,0,0,0,0,0,0,0,0,0,0
2008-07-12 14:30:00+00:00,30,7,14,165.8101043701172,149.89382934570312,0,0,0,0,0,0,0,0,0,0,0,0,1,1,1,1,1,0,0,0,0,0,0,0,0
2008-07-12 14:30:00+00:00,30,7,14,212.4363555908203,165.53021240234375,0,0,0,0,0,0,0,0,0,0,0,0,0,0,1,1,1,0,0,0,0,0,0,0,0
2008-07-12 14:30:00+00:00,30,7,14,166.90509033203125,153.39329528808594,0,0,0,0,0,0,0,0,0,0,0,0,1,1,1,1,1,0,0,0,0,0,0,0,0
2008-07-12 14:30:00+00:00,30,7,14,,164.9732208251953,0,0,0,0,0,0,0,0,0,0,0,0,0,0,0,0,0,0,0,0,0,0,0,0,0
2008-07-12 14:30:00+00:00,30,7,14,,286.4020690917969,0,0,0,0,0,0,0,0,0,0,0,0,0,0,0,0,0,0,0,0,0,0,0,0,0
2008-07-12 14:30:00+00:00,30,7,14,,153.71624755859375,0,0,0,0,0,0,0,0,0,0,0,0,0,0,0,0,0,0,0,0,0,0,0,0,0
2008-07-12 14:45:00+00:00,30,7,14,,,0,0,0,0,0,0,0,0,0,0,0,0,0,0,0,0,0,0,0,0,0,0,0,0,0
2008-07-12 14:45:00+00:00,30,7,14,,,0,0,0,0,0,0,0,0,0,0,0,0,0,0,0,0,0,0,0,0,0,0,0,0,0
2008-07-12 14:45:00+00:00,30,7,14,,,0,0,0,0,0,0,0,0,0,0,0,0,0,0,0,0,0,0,0,0,0,0,0,0,0
2008-07-12 14:45:00+00:00,30,7,14,,,0,0,0,0,0,0,0,0,0,0,0,0,0,0,0,0,0,0,0,0,0,0,0,0,0
2008-07-12 14:45:00+00:00,30,7,14,,,0,0,0,0,0,0,0,0,0,0,0,0,0,0,0,0,0,0,0,0,0,0,0,0,0
2008-07-12 14:45:00+00:00,30,7,14,216.99008178710938,195.81517028808594,0,0,0,0,0,0,0,0,0,0,0,0,0,0,1,1,1,0,0,0,0,0,0,0,0
2008-07-12 14:45:00+00:00,30,7,14,294.7915344238281,272.46844482421875,0,0,0,0,0,0,0,0,0,0,0,0,0,0,0,1,1,0,0,0,0,0,0,0,0
2008-07-12 14:45:00+00:00,30,7,14,293.51531982421875,271.8639221191406,0,0,0,0,0,0,0,0,0,0,0,0,0,0,0,1,1,0,0,0,0,0,0,0,0
2008-07-12 14:45:00+00:00,30,7,14,506.8276062011719,,0,0,0,0,0,0,0,0,0,0,0,0,0,0,0,0,0,0,0,0,0,0,0,0,0
2008-07-12 14:45:00+00:00,30,7,14,162.29998779296875,165.39088439941406,0,0,0,0,0,0,0,0,0,0,0,0,1,1,1,1,1,0,0,0,0,0,0,0,0
2008-07-12 14:45:00+00:00,30,7,14,226.10382080078125,209.48731994628906,0,0,0,0,0,0,0,0,0,0,0,0,0,0,1,1,1,0,0,0,0,0,0,0,0
2008-07-12 14:45:00+00:00,30,7,14,204.0069580078125,178.5211181640625,0,0,0,0,0,0,0,0,0,0,0,0,0,0,1,1,1,0,0,0,0,0,0,0,0
2008-07-12 14:45:00+00:00,30,7,14,253.66566467285156,242.20211791992188,0,0,0,0,0,0,0,0,0,0,0,0,0,0,0,1,1,0,0,0,0,0,0,0,0
2008-07-12 14:45:00+00:00,30,7,14,,363.10028076171875,0,0,0,0,0,0,0,0,0,0,0,0,0,0,0,0,0,0,0,0,0,0,0,0,0
2008-07-12 14:45:00+00:00,30,7,14,,,0,0,0,0,0,0,0,0,0,0,0,0,0,0,0,0,0,0,0,0,0,0,0,0,0
2008-07-12 14:45:00+00:00,30,7,14,106.37958526611328,142.5918731689453,0,0,0,0,0,0,0,0,0,0,1,1,1,1,1,1,1,0,0,0,0,0,0,0,0
2008-07-12 14:45:00+00:00,30,7,14,222.15562438964844,153.0795440673828,0,0,0,0,0,0,0,0,0,0,0,0,0,0,1,1,1,0,0,0,0,0,0,0,0
2008-07-12 14:45:00+00:00,30,7,14,104.38861083984375,89.90023803710938,0,0,0,0,0,0,0,0,0,0,1,1,1,1,1,1,1,0,0,0,0,0,0,0,0
2008-07-12 14:45:00+00:00,30,7,14,,,0,0,0,0,0,0,0,0,0,0,0,0,0,0,0,0,0,0,0,0,0,0,0,0,0
2008-07-12 15:00:00+00:00,30,7,15,,,0,0,0,0,0,0,0,0,0,0,0,0,0,0,0,0,0,0,0,0,0,0,0,0,0
2008-07-12 15:00:00+00:00,30,7,15,,,0,0,0,0,0,0,0,0,0,0,0,0,0,0,0,0,0,0,0,0,0,0,0,0,0
2008-07-12 15:00:00+00:00,30,7,15,,156.5304412841797,0,0,0,0,0,0,0,0,0,0,0,0,0,0,0,0,0,0,0,0,0,0,0,0,0
2008-07-12 15:00:00+00:00,30,7,15,178.32516479492188,169.1435089111328,0,0,0,0,0,0,0,0,0,0,0,0,1,1,1,1,1,0,0,0,0,0,0,0,0
2008-07-12 15:15:00+00:00,30,7,15,,,0,0,0,0,0,0,0,0,0,0,0,0,0,0,0,0,0,0,0,0,0,0,0,0,0
2008-07-12 15:15:00+00:00,30,7,15,,,0,0,0,0,0,0,0,0,0,0,0,0,0,0,0,0,0,0,0,0,0,0,0,0,0
2008-07-12 15:15:00+00:00,30,7,15,,,0,0,0,0,0,0,0,0,0,0,0,0,0,0,0,0,0,0,0,0,0,0,0,0,0
2008-07-12 15:15:00+00:00,30,7,15,,388.412353515625,0,0,0,0,0,0,0,0,0,0,0,0,0,0,0,0,0,0,0,0,0,0,0,0,0
2008-07-12 15:15:00+00:00,30,7,15,194.79672241210938,188.0382080078125,0,0,0,0,0,0,0,0,0,0,0,0,0,1,1,1,1,0,0,0,0,0,0,0,0
2008-07-12 15:15:00+00:00,30,7,15,145.49105834960938,127.22905731201172,0,0,0,0,0,0,0,0,0,0,0,1,1,1,1,1,1,0,0,0,0,0,0,0,0
2008-07-12 15:30:00+00:00,30,7,15,,,0,0,0,0,0,0,0,0,0,0,0,0,0,0,0,0,0,0,0,0,0,0,0,0,0
2008-07-12 15:30:00+00:00,30,7,15,,,0,0,0,0,0,0,0,0,0,0,0,0,0,0,0,0,0,0,0,0,0,0,0,0,0
2008-07-12 15:30:00+00:00,30,7,15,,,0,0,0,0,0,0,0,0,0,0,0,0,0,0,0,0,0,0,0,0,0,0,0,0,0
2008-07-12 15:30:00+00:00,30,7,15,347.7867431640625,,0,0,0,0,0,0,0,0,0,0,0,0,0,0,0,0,1,0,0,0,0,0,0,0,0
2008-07-12 15:30:00+00:00,30,7,15,395.6363220214844,398.75726318359375,0,0,0,0,0,0,0,0,0,0,0,0,0,0,0,0,0,0,0,0,0,0,0,0,0
2008-07-12 15:30:00+00:00,30,7,15,185.64407348632812,267.8853759765625,0,0,0,0,0,0,0,0,0,0,0,0,0,1,1,1,1,0,0,0,0,0,0,0,0
2008-07-12 15:30:00+00:00,30,7,15,111.45491790771484,93.54524230957031,0,0,0,0,0,0,0,0,0,0,1,1,1,1,1,1,1,0,0,0,0,0,0,0,0
2008-07-12 15:30:00+00:00,30,7,15,258.9468078613281,132.75738525390625,0,0,0,0,0,0,0,0,0,0,0,0,0,0,0,1,1,0,0,0,0,0,0,0,0
2008-07-12 15:30:00+00:00,30,7,15,158.63809204101562,151.10826110839844,0,0,0,0,0,0,0,0,0,0,0,0,1,1,1,1,1,0,0,0,0,0,0,0,0
2008-07-12 15:30:00+00:00,30,7,15,376.37359619140625,247.71719360351562,0,0,0,0,0,0,0,0,0,0,0,0,0,0,0,0,0,0,0,0,0,0,0,0,0
2008-07-12 15:45:00+00:00,30,7,15,,,0,0,0,0,0,0,0,0,0,0,0,0,0,0,0,0,0,0,0,0,0,0,0,0,0
2008-07-12 15:45:00+00:00,30,7,15,140.5101318359375,134.45028686523438,0,0,0,0,0,0,0,0,0,0,0,1,1,1,1,1,1,0,0,0,0,0,0,0,0
2008-07-12 15:45:00+00:00,30,7,15,158.6995391845703,157.79165649414062,0,0,0,0,0,0,0,0,0,0,0,0,1,1,1,1,1,0,0,0,0,0,0,0,0
2008-07-12 15:45:00+00:00,30,7,15,437.6466979980469,73.64889526367188,0,0,0,0,0,0,0,0,0,0,0,0,0,0,0,0,0,0,0,0,0,0,0,0,0
2008-07-12 15:45:00+00:00,30,7,15,63.54810333251953,39.2646369934082,0,0,0,0,0,0,0,0,1,1,1,1,1,1,1,1,1,0,0,0,0,0,1,1,1
2008-07-12 16:00:00+00:00,30,7,16,,,0,0,0,0,0,0,0,0,0,0,0,0,0,0,0,0,0,0,0,0,0,0,0,0,0
2008-07-12 16:00:00+00:00,30,7,16,247.17491149902344,547.3446044921875,0,0,0,0,0,0,0,0,0,0,0,0,0,0,1,1,1,0,0,0,0,0,0,0,0
2008-07-12 16:00:00+00:00,30,7,16,262.53033447265625,219.85459899902344,0,0,0,0,0,0,0,0,0,0,0,0,0,0,0,1,1,0,0,0,0,0,0,0,0
2008-07-12 16:00:00+00:00,30,7,16,276.6368408203125,287.06585693359375,0,0,0,0,0,0,0,0,0,0,0,0,0,0,0,1,1,0,0,0,0,0,0,0,0
2008-07-12 16:00:00+00:00,30,7,16,343.0108642578125,216.89361572265625,0,0,0,0,0,0,0,0,0,0,0,0,0,0,0,0,1,0,0,0,0,0,0,0,0
2008-07-12 16:00:00+00:00,30,7,16,67.17195129394531,10.12391471862793,0,0,0,0,0,0,0,0,1,1,1,1,1,1,1,1,1,0,1,1,1,1,1,1,1
2008-07-12 16:15:00+00:00,30,7,16,,,0,0,0,0,0,0,0,0,0,0,0,0,0,0,0,0,0,0,0,0,0,0,0,0,0
2008-07-12 16:15:00+00:00,30,7,16,286.2462463378906,282.212158203125,0,0,0,0,0,0,0,0,0,0,0,0,0,0,0,1,1,0,0,0,0,0,0,0,0
2008-07-12 16:15:00+00:00,30,7,16,185.3291473388672,155.35862731933594,0,0,0,0,0,0,0,0,0,0,0,0,0,1,1,1,1,0,0,0,0,0,0,0,0
2008-07-12 16:15:00+00:00,30,7,16,136.99610900878906,81.48888397216797,0,0,0,0,0,0,0,0,0,0,0,1,1,1,1,1,1,0,0,0,0,0,0,0,0
2008-07-12 16:15:00+00:00,30,7,16,87.27361297607422,78.44317626953125,0,0,0,0,0,0,0,0,0,1,1,1,1,1,1,1,1,0,0,0,0,0,0,0,0
2008-07-12 16:15:00+00:00,30,7,16,77.15907287597656,55.56022262573242,0,0,0,0,0,0,0,0,1,1,1,1,1,1,1,1,1,0,0,0,0,0,0,0,1
2008-07-12 16:15:00+00:00,30,7,16,,,0,0,0,0,0,0,0,0,0,0,0,0,0,0,0,0,0,0,0,0,0,0,0,0,0
2008-07-12 16:30:00+00:00,30,7,16,,,0,0,0,0,0,0,0,0,0,0,0,0,0,0,0,0,0,0,0,0,0,0,0,0,0
2008-07-12 16:30:00+00:00,30,7,16,346.718505859375,309.9125671386719,0,0,0,0,0,0,0,0,0,0,0,0,0,0,0,0,1,0,0,0,0,0,0,0,0
2008-07-12 16:30:00+00:00,30,7,16,135.49481201171875,155.1005859375,0,0,0,0,0,0,0,0,0,0,0,1,1,1,1,1,1,0,0,0,0,0,0,0,0
2008-07-12 16:30:00+00:00,30,7,16,63.86334228515625,73.78204345703125,0,0,0,0,0,0,0,0,1,1,1,1,1,1,1,1,1,0,0,0,0,0,0,0,0
2008-07-12 16:30:00+00:00,30,7,16,100.4630355834961,110.37042236328125,0,0,0,0,0,0,0,0,0,0,1,1,1,1,1,1,1,0,0,0,0,0,0,0,0
2008-07-12 16:30:00+00:00,30,7,16,269.4143981933594,248.80970764160156,0,0,0,0,0,0,0,0,0,0,0,0,0,0,0,1,1,0,0,0,0,0,0,0,0
2008-07-12 16:30:00+00:00,30,7,16,203.5369110107422,190.6986846923828,0,0,0,0,0,0,0,0,0,0,0,0,0,0,1,1,1,0,0,0,0,0,0,0,0
2008-07-12 16:45:00+00:00,30,7,16,,,0,0,0,0,0,0,0,0,0,0,0,0,0,0,0,0,0,0,0,0,0,0,0,0,0
2008-07-12 16:45:00+00:00,30,7,16,268.7312927246094,279.7419128417969,0,0,0,0,0,0,0,0,0,0,0,0,0,0,0,1,1,0,0,0,0,0,0,0,0
2008-07-12 16:45:00+00:00,30,7,16,286.5963439941406,294.75921630859375,0,0,0,0,0,0,0,0,0,0,0,0,0,0,0,1,1,0,0,0,0,0,0,0,0
2008-07-12 16:45:00+00:00,30,7,16,115.40239715576172,70.88404846191406,0,0,0,0,0,0,0,0,0,0,1,1,1,1,1,1,1,0,0,0,0,0,0,0,0
2008-07-12 16:45:00+00:00,30,7,16,132.13282775878906,7.690495491027832,0,0,0,0,0,0,0,0,0,0,0,1,1,1,1,1,1,1,1,1,1,1,1,1,1
2008-07-12 16:45:00+00:00,30,7,16,397.5328369140625,404.9034729003906,0,0,0,0,0,0,0,0,0,0,0,0,0,0,0,0,0,0,0,0,0,0,0,0,0
2008-07-12 16:45:00+00:00,30,7,16,134.8577423095703,160.21951293945312,0,0,0,0,0,0,0,0,0,0,0,1,1,1,1,1,1,0,0,0,0,0,0,0,0
2008-07-12 17:00:00+00:00,30,7,17,332.325439453125,388.8222351074219,0,0,0,0,0,0,0,0,0,0,0,0,0,0,0,0,1,0,0,0,0,0,0,0,0
2008-07-12 17:00:00+00:00,30,7,17,274.4289245605469,127.06636047363281,0,0,0,0,0,0,0,0,0,0,0,0,0,0,0,1,1,0,0,0,0,0,0,0,0
2008-07-12 17:00:00+00:00,30,7,17,572.2741088867188,576.3860473632812,0,0,0,0,0,0,0,0,0,0,0,0,0,0,0,0,0,0,0,0,0,0,0,0,0
2008-07-12 17:00:00+00:00,30,7,17,60.63693618774414,32.95572280883789,0,0,0,0,0,0,0,0,1,1,1,1,1,1,1,1,1,0,0,0,0,0,1,1,1
2008-07-12 17:15:00+00:00,30,7,17,227.88430786132812,252.1008758544922,0,0,0,0,0,0,0,0,0,0,0,0,0,0,1,1,1,0,0,0,0,0,0,0,0
2008-07-12 17:15:00+00:00,30,7,17,62.153106689453125,59.433074951171875,0,0,0,0,0,0,0,0,1,1,1,1,1,1,1,1,1,0,0,0,0,0,0,0,1
2008-07-12 17:15:00+00:00,30,7,17,167.0242462158203,159.94769287109375,0,0,0,0,0,0,0,0,0,0,0,0,1,1,1,1,1,0,0,0,0,0,0,0,0
2008-07-12 17:15:00+00:00,30,7,17,162.35604858398438,204.7478790283203,0,0,0,0,0,0,0,0,0,0,0,0,1,1,1,1,1,0,0,0,0,0,0,0,0
2008-07-12 17:30:00+00:00,30,7,17,,,0,0,0,0,0,0,0,0,0,0,0,0,0,0,0,0,0,0,0,0,0,0,0,0,0
2008-07-12 17:30:00+00:00,30,7,17,,,0,0,0,0,0,0,0,0,0,0,0,0,0,0,0,0,0,0,0,0,0,0,0,0,0
2008-07-12 17:30:00+00:00,30,7,17,,,0,0,0,0,0,0,0,0,0,0,0,0,0,0,0,0,0,0,0,0,0,0,0,0,0
2008-07-12 17:30:00+00:00,30,7,17,137.838623046875,135.6034393310547,0,0,0,0,0,0,0,0,0,0,0,1,1,1,1,1,1,0,0,0,0,0,0,0,0
2008-07-12 17:30:00+00:00,30,7,17,81.1130142211914,64.46514129638672,0,0,0,0,0,0,0,0,0,1,1,1,1,1,1,1,1,0,0,0,0,0,0,0,0
2008-07-12 17:45:00+00:00,30,7,17,118.89008331298828,94.4552001953125,0,0,0,0,0,0,0,0,0,0,1,1,1,1,1,1,1,0,0,0,0,0,0,0,0
2008-07-12 17:45:00+00:00,30,7,17,149.458251953125,99.45658874511719,0,0,0,0,0,0,0,0,0,0,0,1,1,1,1,1,1,0,0,0,0,0,0,0,0
2008-07-12 17:45:00+00:00,30,7,17,144.20834350585938,108.36093139648438,0,0,0,0,0,0,0,0,0,0,0,1,1,1,1,1,1,0,0,0,0,0,0,0,0
2008-07-13 10:00:00+00:00,30,7,10,,,0,0,0,0,0,0,0,0,0,0,0,0,0,0,0,0,0,0,0,0,0,0,0,0,0
2008-07-13 10:00:00+00:00,30,7,10,,,0,0,0,0,0,0,0,0,0,0,0,0,0,0,0,0,0,0,0,0,0,0,0,0,0
2008-07-13 10:00:00+00:00,30,7,10,,,0,0,0,0,0,0,0,0,0,0,0,0,0,0,0,0,0,0,0,0,0,0,0,0,0
2008-07-13 10:00:00+00:00,30,7,10,,,0,0,0,0,0,0,0,0,0,0,0,0,0,0,0,0,0,0,0,0,0,0,0,0,0
2008-07-13 10:00:00+00:00,30,7,10,,,0,0,0,0,0,0,0,0,0,0,0,0,0,0,0,0,0,0,0,0,0,0,0,0,0
2008-07-13 10:00:00+00:00,30,7,10,,,0,0,0,0,0,0,0,0,0,0,0,0,0,0,0,0,0,0,0,0,0,0,0,0,0
2008-07-13 10:00:00+00:00,30,7,10,386.99298095703125,304.0577087402344,0,0,0,0,0,0,0,0,0,0,0,0,0,0,0,0,0,0,0,0,0,0,0,0,0
2008-07-13 10:00:00+00:00,30,7,10,309.0846862792969,4.5879926681518555,0,0,0,0,0,0,0,0,0,0,0,0,0,0,0,0,1,1,1,1,1,1,1,1,1
2008-07-13 10:00:00+00:00,30,7,10,,,0,0,0,0,0,0,0,0,0,0,0,0,0,0,0,0,0,0,0,0,0,0,0,0,0
2008-07-13 10:00:00+00:00,30,7,10,,,0,0,0,0,0,0,0,0,0,0,0,0,0,0,0,0,0,0,0,0,0,0,0,0,0
2008-07-13 10:00:00+00:00,30,7,10,,,0,0,0,0,0,0,0,0,0,0,0,0,0,0,0,0,0,0,0,0,0,0,0,0,0
2008-07-13 10:00:00+00:00,30,7,10,,,0,0,0,0,0,0,0,0,0,0,0,0,0,0,0,0,0,0,0,0,0,0,0,0,0
2008-07-13 10:00:00+00:00,30,7,10,,,0,0,0,0,0,0,0,0,0,0,0,0,0,0,0,0,0,0,0,0,0,0,0,0,0
2008-07-13 10:00:00+00:00,30,7,10,,,0,0,0,0,0,0,0,0,0,0,0,0,0,0,0,0,0,0,0,0,0,0,0,0,0
2008-07-13 10:15:00+00:00,30,7,10,,,0,0,0,0,0,0,0,0,0,0,0,0,0,0,0,0,0,0,0,0,0,0,0,0,0
2008-07-13 10:15:00+00:00,30,7,10,,474.93670654296875,0,0,0,0,0,0,0,0,0,0,0,0,0,0,0,0,0,0,0,0,0,0,0,0,0
2008-07-13 10:15:00+00:00,30,7,10,,,0,0,0,0,0,0,0,0,0,0,0,0,0,0,0,0,0,0,0,0,0,0,0,0,0
2008-07-13 10:15:00+00:00,30,7,10,,200.7856903076172,0,0,0,0,0,0,0,0,0,0,0,0,0,0,0,0,0,0,0,0,0,0,0,0,0
2008-07-13 10:15:00+00:00,30,7,10,,323.8669128417969,0,0,0,0,0,0,0,0,0,0,0,0,0,0,0,0,0,0,0,0,0,0,0,0,0
2008-07-13 10:15:00+00:00,30,7,10,,,0,0,0,0,0,0,0,0,0,0,0,0,0,0,0,0,0,0,0,0,0,0,0,0,0
2008-07-13 10:15:00+00:00,30,7,10,,,0,0,0,0,0,0,0,0,0,0,0,0,0,0,0,0,0,0,0,0,0,0,0,0,0
2008-07-13 10:15:00+00:00,30,7,10,310.62152099609375,227.81846618652344,0,0,0,0,0,0,0,0,0,0,0,0,0,0,0,0,1,0,0,0,0,0,0,0,0
2008-07-13 10:15:00+00:00,30,7,10,,,0,0,0,0,0,0,0,0,0,0,0,0,0,0,0,0,0,0,0,0,0,0,0,0,0
2008-07-13 10:15:00+00:00,30,7,10,,,0,0,0,0,0,0,0,0,0,0,0,0,0,0,0,0,0,0,0,0,0,0,0,0,0
2008-07-13 10:15:00+00:00,30,7,10,,,0,0,0,0,0,0,0,0,0,0,0,0,0,0,0,0,0,0,0,0,0,0,0,0,0
2008-07-13 10:15:00+00:00,30,7,10,,,0,0,0,0,0,0,0,0,0,0,0,0,0,0,0,0,0,0,0,0,0,0,0,0,0
2008-07-13 10:15:00+00:00,30,7,10,,369.23004150390625,0,0,0,0,0,0,0,0,0,0,0,0,0,0,0,0,0,0,0,0,0,0,0,0,0
2008-07-13 10:15:00+00:00,30,7,10,,,0,0,0,0,0,0,0,0,0,0,0,0,0,0,0,0,0,0,0,0,0,0,0,0,0
2008-07-13 10:15:00+00:00,30,7,10,336.5592346191406,109.29119873046875,0,0,0,0,0,0,0,0,0,0,0,0,0,0,0,0,1,0,0,0,0,0,0,0,0
2008-07-13 10:15:00+00:00,30,7,10,,334.34674072265625,0,0,0,0,0,0,0,0,0,0,0,0,0,0,0,0,0,0,0,0,0,0,0,0,0
2008-07-13 10:15:00+00:00,30,7,10,,,0,0,0,0,0,0,0,0,0,0,0,0,0,0,0,0,0,0,0,0,0,0,0,0,0
2008-07-13 10:30:00+00:00,30,7,10,,,0,0,0,0,0,0,0,0,0,0,0,0,0,0,0,0,0,0,0,0,0,0,0,0,0
2008-07-13 10:30:00+00:00,30,7,10,,,0,0,0,0,0,0,0,0,0,0,0,0,0,0,0,0,0,0,0,0,0,0,0,0,0
2008-07-13 10:30:00+00:00,30,7,10,,,0,0,0,0,0,0,0,0,0,0,0,0,0,0,0,0,0,0,0,0,0,0,0,0,0
2008-07-13 10:30:00+00:00,30,7,10,,351.2783203125,0,0,0,0,0,0,0,0,0,0,0,0,0,0,0,0,0,0,0,0,0,0,0,0,0
2008-07-13 10:30:00+00:00,30,7,10,,,0,0,0,0,0,0,0,0,0,0,0,0,0,0,0,0,0,0,0,0,0,0,0,0,0
2008-07-13 10:30:00+00:00,30,7,10,,,0,0,0,0,0,0,0,0,0,0,0,0,0,0,0,0,0,0,0,0,0,0,0,0,0
2008-07-13 10:30:00+00:00,30,7,10,,,0,0,0,0,0,0,0,0,0,0,0,0,0,0,0,0,0,0,0,0,0,0,0,0,0
2008-07-13 10:30:00+00:00,30,7,10,,485.64251708984375,0,0,0,0,0,0,0,0,0,0,0,0,0,0,0,0,0,0,0,0,0,0,0,0,0
2008-07-13 10:30:00+00:00,30,7,10,,,0,0,0,0,0,0,0,0,0,0,0,0,0,0,0,0,0,0,0,0,0,0,0,0,0
2008-07-13 10:30:00+00:00,30,7,10,,311.46734619140625,0,0,0,0,0,0,0,0,0,0,0,0,0,0,0,0,0,0,0,0,0,0,0,0,0
2008-07-13 10:30:00+00:00,30,7,10,,280.072265625,0,0,0,0,0,0,0,0,0,0,0,0,0,0,0,0,0,0,0,0,0,0,0,0,0
2008-07-13 10:30:00+00:00,30,7,10,,353.488037109375,0,0,0,0,0,0,0,0,0,0,0,0,0,0,0,0,0,0,0,0,0,0,0,0,0
2008-07-13 10:30:00+00:00,30,7,10,,,0,0,0,0,0,0,0,0,0,0,0,0,0,0,0,0,0,0,0,0,0,0,0,0,0
2008-07-13 10:30:00+00:00,30,7,10,,320.1455383300781,0,0,0,0,0,0,0,0,0,0,0,0,0,0,0,0,0,0,0,0,0,0,0,0,0
2008-07-13 10:30:00+00:00,30,7,10,,,0,0,0,0,0,0,0,0,0,0,0,0,0,0,0,0,0,0,0,0,0,0,0,0,0
2008-07-13 10:30:00+00:00,30,7,10,,0.0,0,0,0,0,0,0,0,0,0,0,0,0,0,0,0,0,0,1,1,1,1,1,1,1,1
2008-07-13 10:30:00+00:00,30,7,10,,,0,0,0,0,0,0,0,0,0,0,0,0,0,0,0,0,0,0,0,0,0,0,0,0,0
2008-07-13 10:30:00+00:00,30,7,10,,,0,0,0,0,0,0,0,0,0,0,0,0,0,0,0,0,0,0,0,0,0,0,0,0,0
2008-07-13 10:30:00+00:00,30,7,10,,,0,0,0,0,0,0,0,0,0,0,0,0,0,0,0,0,0,0,0,0,0,0,0,0,0
2008-07-13 10:30:00+00:00,30,7,10,,,0,0,0,0,0,0,0,0,0,0,0,0,0,0,0,0,0,0,0,0,0,0,0,0,0
2008-07-13 10:45:00+00:00,30,7,10,,225.2555694580078,0,0,0,0,0,0,0,0,0,0,0,0,0,0,0,0,0,0,0,0,0,0,0,0,0
2008-07-13 10:45:00+00:00,30,7,10,469.498046875,338.59918212890625,0,0,0,0,0,0,0,0,0,0,0,0,0,0,0,0,0,0,0,0,0,0,0,0,0
2008-07-13 10:45:00+00:00,30,7,10,210.5540771484375,121.60183715820312,0,0,0,0,0,0,0,0,0,0,0,0,0,0,1,1,1,0,0,0,0,0,0,0,0
2008-07-13 10:45:00+00:00,30,7,10,,380.3888244628906,0,0,0,0,0,0,0,0,0,0,0,0,0,0,0,0,0,0,0,0,0,0,0,0,0
2008-07-13 10:45:00+00:00,30,7,10,308.88671875,294.8808898925781,0,0,0,0,0,0,0,0,0,0,0,0,0,0,0,0,1,0,0,0,0,0,0,0,0
2008-07-13 10:45:00+00:00,30,7,10,233.8607177734375,198.070556640625,0,0,0,0,0,0,0,0,0,0,0,0,0,0,1,1,1,0,0,0,0,0,0,0,0
2008-07-13 10:45:00+00:00,30,7,10,326.044189453125,83.26555633544922,0,0,0,0,0,0,0,0,0,0,0,0,0,0,0,0,1,0,0,0,0,0,0,0,0
2008-07-13 10:45:00+00:00,30,7,10,,,0,0,0,0,0,0,0,0,0,0,0,0,0,0,0,0,0,0,0,0,0,0,0,0,0
2008-07-13 10:45:00+00:00,30,7,10,261.9378356933594,227.7061309814453,0,0,0,0,0,0,0,0,0,0,0,0,0,0,0,1,1,0,0,0,0,0,0,0,0
2008-07-13 10:45:00+00:00,30,7,10,,,0,0,0,0,0,0,0,0,0,0,0,0,0,0,0,0,0,0,0,0,0,0,0,0,0
2008-07-13 10:45:00+00:00,30,7,10,385.6253662109375,114.57970428466797,0,0,0,0,0,0,0,0,0,0,0,0,0,0,0,0,0,0,0,0,0,0,0,0,0
2008-07-13 10:45:00+00:00,30,7,10,97.12101745605469,117.47702026367188,0,0,0,0,0,0,0,0,0,1,1,1,1,1,1,1,1,0,0,0,0,0,0,0,0
2008-07-13 10:45:00+00:00,30,7,10,116.0635757446289,118.39192199707031,0,0,0,0,0,0,0,0,0,0,1,1,1,1,1,1,1,0,0,0,0,0,0,0,0
2008-07-13 10:45:00+00:00,30,7,10,310.41705322265625,294.309326171875,0,0,0,0,0,0,0,0,0,0,0,0,0,0,0,0,1,0,0,0,0,0,0,0,0
2008-07-13 10:45:00+00:00,30,7,10,,,0,0,0,0,0,0,0,0,0,0,0,0,0,0,0,0,0,0,0,0,0,0,0,0,0
2008-07-13 10:45:00+00:00,30,7,10,,,0,0,0,0,0,0,0,0,0,0,0,0,0,0,0,0,0,0,0,0,0,0,0,0,0
2008-07-13 10:45:00+00:00,30,7,10,,,0,0,0,0,0,0,0,0,0,0,0,0,0,0,0,0,0,0,0,0,0,0,0,0,0
2008-07-13 11:00:00+00:00,30,7,11,,,0,0,0,0,0,0,0,0,0,0,0,0,0,0,0,0,0,0,0,0,0,0,0,0,0
2008-07-13 11:00:00+00:00,30,7,11,,359.79022216796875,0,0,0,0,0,0,0,0,0,0,0,0,0,0,0,0,0,0,0,0,0,0,0,0,0
2008-07-13 11:00:00+00:00,30,7,11,262.39654541015625,274.6456604003906,0,0,0,0,0,0,0,0,0,0,0,0,0,0,0,1,1,0,0,0,0,0,0,0,0
2008-07-13 11:00:00+00:00,30,7,11,166.67723083496094,165.32557678222656,0,0,0,0,0,0,0,0,0,0,0,0,1,1,1,1,1,0,0,0,0,0,0,0,0
2008-07-13 11:00:00+00:00,30,7,11,,,0,0,0,0,0,0,0,0,0,0,0,0,0,0,0,0,0,0,0,0,0,0,0,0,0
2008-07-13 11:00:00+00:00,30,7,11,222.9293670654297,158.96017456054688,0,0,0,0,0,0,0,0,0,0,0,0,0,0,1,1,1,0,0,0,0,0,0,0,0
2008-07-13 11:00:00+00:00,30,7,11,161.92874145507812,96.45610046386719,0,0,0,0,0,0,0,0,0,0,0,0,1,1,1,1,1,0,0,0,0,0,0,0,0
2008-07-13 11:00:00+00:00,30,7,11,,500.4201354980469,0,0,0,0,0,0,0,0,0,0,0,0,0,0,0,0,0,0,0,0,0,0,0,0,0
2008-07-13 11:00:00+00:00,30,7,11,,,0,0,0,0,0,0,0,0,0,0,0,0,0,0,0,0,0,0,0,0,0,0,0,0,0
2008-07-13 11:00:00+00:00,30,7,11,302.82373046875,269.29925537109375,0,0,0,0,0,0,0,0,0,0,0,0,0,0,0,0,1,0,0,0,0,0,0,0,0
2008-07-13 11:00:00+00:00,30,7,11,237.6846160888672,216.02963256835938,0,0,0,0,0,0,0,0,0,0,0,0,0,0,1,1,1,0,0,0,0,0,0,0,0
2008-07-13 11:00:00+00:00,30,7,11,224.01150512695312,203.42752075195312,0,0,0,0,0,0,0,0,0,0,0,0,0,0,1,1,1,0,0,0,0,0,0,0,0
2008-07-13 11:00:00+00:00,30,7,11,,,0,0,0,0,0,0,0,0,0,0,0,0,0,0,0,0,0,0,0,0,0,0,0,0,0
2008-07-13 11:00:00+00:00,30,7,11,,,0,0,0,0,0,0,0,0,0,0,0,0,0,0,0,0,0,0,0,0,0,0,0,0,0
2008-07-13 11:15:00+00:00,30,7,11,236.30197143554688,204.2462615966797,0,0,0,0,0,0,0,0,0,0,0,0,0,0,1,1,1,0,0,0,0,0,0,0,0
2008-07-13 11:15:00+00:00,30,7,11,447.2593688964844,339.72308349609375,0,0,0,0,0,0,0,0,0,0,0,0,0,0,0,0,0,0,0,0,0,0,0,0,0
2008-07-13 11:15:00+00:00,30,7,11,164.8758544921875,133.51194763183594,0,0,0,0,0,0,0,0,0,0,0,0,1,1,1,1,1,0,0,0,0,0,0,0,0
2008-07-13 11:15:00+00:00,30,7,11,253.61712646484375,344.8330078125,0,0,0,0,0,0,0,0,0,0,0,0,0,0,0,1,1,0,0,0,0,0,0,0,0
2008-07-13 11:15:00+00:00,30,7,11,,,0,0,0,0,0,0,0,0,0,0,0,0,0,0,0,0,0,0,0,0,0,0,0,0,0
2008-07-13 11:15:00+00:00,30,7,11,,,0,0,0,0,0,0,0,0,0,0,0,0,0,0,0,0,0,0,0,0,0,0,0,0,0
2008-07-13 11:15:00+00:00,30,7,11,,322.4478759765625,0,0,0,0,0,0,0,0,0,0,0,0,0,0,0,0,0,0,0,0,0,0,0,0,0
2008-07-13 11:15:00+00:00,30,7,11,,,0,0,0,0,0,0,0,0,0,0,0,0,0,0,0,0,0,0,0,0,0,0,0,0,0
2008-07-13 11:15:00+00:00,30,7,11,,27.94451141357422,0,0,0,0,0,0,0,0,0,0,0,0,0,0,0,0,0,0,0,0,0,1,1,1,1
2008-07-13 11:15:00+00:00,30,7,11,,17.31775665283203,0,0,0,0,0,0,0,0,0,0,0,0,0,0,0,0,0,0,0,1,1,1,1,1,1
2008-07-13 11:15:00+00:00,30,7,11,,,0,0,0,0,0,0,0,0,0,0,0,0,0,0,0,0,0,0,0,0,0,0,0,0,0
2008-07-13 11:15:00+00:00,30,7,11,,,0,0,0,0,0,0,0,0,0,0,0,0,0,0,0,0,0,0,0,0,0,0,0,0,0
2008-07-13 11:30:00+00:00,30,7,11,,324.55609130859375,0,0,0,0,0,0,0,0,0,0,0,0,0,0,0,0,0,0,0,0,0,0,0,0,0
2008-07-13 11:30:00+00:00,30,7,11,282.8387145996094,250.5261993408203,0,0,0,0,0,0,0,0,0,0,0,0,0,0,0,1,1,0,0,0,0,0,0,0,0
2008-07-13 11:30:00+00:00,30,7,11,,91.84928131103516,0,0,0,0,0,0,0,0,0,0,0,0,0,0,0,0,0,0,0,0,0,0,0,0,0
2008-07-13 11:30:00+00:00,30,7,11,246.97740173339844,106.32474517822266,0,0,0,0,0,0,0,0,0,0,0,0,0,0,1,1,1,0,0,0,0,0,0,0,0
2008-07-13 11:30:00+00:00,30,7,11,281.531982421875,235.1996612548828,0,0,0,0,0,0,0,0,0,0,0,0,0,0,0,1,1,0,0,0,0,0,0,0,0
2008-07-13 11:30:00+00:00,30,7,11,220.96226501464844,381.74249267578125,0,0,0,0,0,0,0,0,0,0,0,0,0,0,1,1,1,0,0,0,0,0,0,0,0
2008-07-13 11:30:00+00:00,30,7,11,197.8246612548828,301.23175048828125,0,0,0,0,0,0,0,0,0,0,0,0,0,1,1,1,1,0,0,0,0,0,0,0,0
2008-07-13 11:30:00+00:00,30,7,11,,349.7309265136719,0,0,0,0,0,0,0,0,0,0,0,0,0,0,0,0,0,0,0,0,0,0,0,0,0
2008-07-13 11:30:00+00:00,30,7,11,,,0,0,0,0,0,0,0,0,0,0,0,0,0,0,0,0,0,0,0,0,0,0,0,0,0
2008-07-13 11:30:00+00:00,30,7,11,,,0,0,0,0,0,0,0,0,0,0,0,0,0,0,0,0,0,0,0,0,0,0,0,0,0
2008-07-13 11:30:00+00:00,30,7,11,,,0,0,0,0,0,0,0,0,0,0,0,0,0,0,0,0,0,0,0,0,0,0,0,0,0
2008-07-13 11:30:00+00:00,30,7,11,,287.6720275878906,0,0,0,0,0,0,0,0,0,0,0,0,0,0,0,0,0,0,0,0,0,0,0,0,0
2008-07-13 11:45:00+00:00,30,7,11,115.38870239257812,129.3622589111328,0,0,0,0,0,0,0,0,0,0,1,1,1,1,1,1,1,0,0,0,0,0,0,0,0
2008-07-13 11:45:00+00:00,30,7,11,287.18585205078125,74.84678649902344,0,0,0,0,0,0,0,0,0,0,0,0,0,0,0,1,1,0,0,0,0,0,0,0,0
2008-07-13 11:45:00+00:00,30,7,11,246.20310974121094,208.24484252929688,0,0,0,0,0,0,0,0,0,0,0,0,0,0,1,1,1,0,0,0,0,0,0,0,0
2008-07-13 11:45:00+00:00,30,7,11,,284.2910461425781,0,0,0,0,0,0,0,0,0,0,0,0,0,0,0,0,0,0,0,0,0,0,0,0,0
2008-07-13 11:45:00+00:00,30,7,11,298.81976318359375,112.35591125488281,0,0,0,0,0,0,0,0,0,0,0,0,0,0,0,1,1,0,0,0,0,0,0,0,0
2008-07-13 11:45:00+00:00,30,7,11,457.7752990722656,219.55628967285156,0,0,0,0,0,0,0,0,0,0,0,0,0,0,0,0,0,0,0,0,0,0,0,0,0
2008-07-13 11:45:00+00:00,30,7,11,279.7794494628906,211.0812530517578,0,0,0,0,0,0,0,0,0,0,0,0,0,0,0,1,1,0,0,0,0,0,0,0,0
2008-07-13 11:45:00+00:00,30,7,11,303.7812194824219,208.302490234375,0,0,0,0,0,0,0,0,0,0,0,0,0,0,0,0,1,0,0,0,0,0,0,0,0
2008-07-13 11:45:00+00:00,30,7,11,,,0,0,0,0,0,0,0,0,0,0,0,0,0,0,0,0,0,0,0,0,0,0,0,0,0
2008-07-13 11:45:00+00:00,30,7,11,376.39990234375,385.4795227050781,0,0,0,0,0,0,0,0,0,0,0,0,0,0,0,0,0,0,0,0,0,0,0,0,0
2008-07-13 11:45:00+00:00,30,7,11,61.88904571533203,113.18310546875,0,0,0,0,0,0,0,0,1,1,1,1,1,1,1,1,1,0,0,0,0,0,0,0,0
2008-07-13 11:45:00+00:00,30,7,11,218.17529296875,202.85516357421875,0,0,0,0,0,0,0,0,0,0,0,0,0,0,1,1,1,0,0,0,0,0,0,0,0
2008-07-13 11:45:00+00:00,30,7,11,215.93150329589844,97.11734008789062,0,0,0,0,0,0,0,0,0,0,0,0,0,0,1,1,1,0,0,0,0,0,0,0,0
2008-07-13 11:45:00+00:00,30,7,11,263.7693176269531,60.93447494506836,0,0,0,0,0,0,0,0,0,0,0,0,0,0,0,1,1,0,0,0,0,0,0,0,0
2008-07-13 11:45:00+00:00,30,7,11,,,0,0,0,0,0,0,0,0,0,0,0,0,0,0,0,0,0,0,0,0,0,0,0,0,0
2008-07-13 12:00:00+00:00,30,7,12,62.273468017578125,112.19178009033203,0,0,0,0,0,0,0,0,1,1,1,1,1,1,1,1,1,0,0,0,0,0,0,0,0
2008-07-13 12:00:00+00:00,30,7,12,263.68408203125,183.72634887695312,0,0,0,0,0,0,0,0,0,0,0,0,0,0,0,1,1,0,0,0,0,0,0,0,0
2008-07-13 12:00:00+00:00,30,7,12,,,0,0,0,0,0,0,0,0,0,0,0,0,0,0,0,0,0,0,0,0,0,0,0,0,0
2008-07-13 12:00:00+00:00,30,7,12,140.65988159179688,202.63023376464844,0,0,0,0,0,0,0,0,0,0,0,1,1,1,1,1,1,0,0,0,0,0,0,0,0
2008-07-13 12:00:00+00:00,30,7,12,,,0,0,0,0,0,0,0,0,0,0,0,0,0,0,0,0,0,0,0,0,0,0,0,0,0
2008-07-13 12:00:00+00:00,30,7,12,393.0865173339844,415.3224182128906,0,0,0,0,0,0,0,0,0,0,0,0,0,0,0,0,0,0,0,0,0,0,0,0,0
2008-07-13 12:00:00+00:00,30,7,12,351.4405822753906,311.92999267578125,0,0,0,0,0,0,0,0,0,0,0,0,0,0,0,0,0,0,0,0,0,0,0,0,0
2008-07-13 12:00:00+00:00,30,7,12,,,0,0,0,0,0,0,0,0,0,0,0,0,0,0,0,0,0,0,0,0,0,0,0,0,0
2008-07-13 12:00:00+00:00,30,7,12,398.3646545410156,421.8661193847656,0,0,0,0,0,0,0,0,0,0,0,0,0,0,0,0,0,0,0,0,0,0,0,0,0
2008-07-13 12:00:00+00:00,30,7,12,184.8791961669922,164.51312255859375,0,0,0,0,0,0,0,0,0,0,0,0,0,1,1,1,1,0,0,0,0,0,0,0,0
2008-07-13 12:00:00+00:00,30,7,12,429.0491027832031,92.04733276367188,0,0,0,0,0,0,0,0,0,0,0,0,0,0,0,0,0,0,0,0,0,0,0,0,0
2008-07-13 12:00:00+00:00,30,7,12,507.86279296875,92.07989501953125,0,0,0,0,0,0,0,0,0,0,0,0,0,0,0,0,0,0,0,0,0,0,0,0,0
2008-07-13 12:00:00+00:00,30,7,12,55.31105422973633,477.4103088378906,0,0,0,0,0,0,0,1,1,1,1,1,1,1,1,1,1,0,0,0,0,0,0,0,0
2008-07-13 12:15:00+00:00,30,7,12,149.20635986328125,184.82701110839844,0,0,0,0,0,0,0,0,0,0,0,1,1,1,1,1,1,0,0,0,0,0,0,0,0
2008-07-13 12:15:00+00:00,30,7,12,309.22723388671875,309.1910705566406,0,0,0,0,0,0,0,0,0,0,0,0,0,0,0,0,1,0,0,0,0,0,0,0,0
2008-07-13 12:15:00+00:00,30,7,12,266.3057861328125,267.7798767089844,0,0,0,0,0,0,0,0,0,0,0,0,0,0,0,1,1,0,0,0,0,0,0,0,0
2008-07-13 12:15:00+00:00,30,7,12,97.3744125366211,149.74571228027344,0,0,0,0,0,0,0,0,0,1,1,1,1,1,1,1,1,0,0,0,0,0,0,0,0
2008-07-13 12:15:00+00:00,30,7,12,,,0,0,0,0,0,0,0,0,0,0,0,0,0,0,0,0,0,0,0,0,0,0,0,0,0
2008-07-13 12:15:00+00:00,30,7,12,252.37709045410156,87.66091918945312,0,0,0,0,0,0,0,0,0,0,0,0,0,0,0,1,1,0,0,0,0,0,0,0,0
2008-07-13 12:15:00+00:00,30,7,12,,,0,0,0,0,0,0,0,0,0,0,0,0,0,0,0,0,0,0,0,0,0,0,0,0,0
2008-07-13 12:15:00+00:00,30,7,12,209.4033203125,339.1942138671875,0,0,0,0,0,0,0,0,0,0,0,0,0,0,1,1,1,0,0,0,0,0,0,0,0
2008-07-13 12:15:00+00:00,30,7,12,233.72520446777344,159.664794921875,0,0,0,0,0,0,0,0,0,0,0,0,0,0,1,1,1,0,0,0,0,0,0,0,0
2008-07-13 12:15:00+00:00,30,7,12,164.12059020996094,115.66838073730469,0,0,0,0,0,0,0,0,0,0,0,0,1,1,1,1,1,0,0,0,0,0,0,0,0
2008-07-13 12:15:00+00:00,30,7,12,213.22244262695312,165.25808715820312,0,0,0,0,0,0,0,0,0,0,0,0,0,0,1,1,1,0,0,0,0,0,0,0,0
2008-07-13 12:15:00+00:00,30,7,12,236.27639770507812,189.31517028808594,0,0,0,0,0,0,0,0,0,0,0,0,0,0,1,1,1,0,0,0,0,0,0,0,0
2008-07-13 12:15:00+00:00,30,7,12,410.46002197265625,417.6947021484375,0,0,0,0,0,0,0,0,0,0,0,0,0,0,0,0,0,0,0,0,0,0,0,0,0
2008-07-13 12:15:00+00:00,30,7,12,359.36004638671875,364.8902893066406,0,0,0,0,0,0,0,0,0,0,0,0,0,0,0,0,0,0,0,0,0,0,0,0,0
2008-07-13 12:15:00+00:00,30,7,12,315.93255615234375,202.63868713378906,0,0,0,0,0,0,0,0,0,0,0,0,0,0,0,0,1,0,0,0,0,0,0,0,0
2008-07-13 12:30:00+00:00,30,7,12,,,0,0,0,0,0,0,0,0,0,0,0,0,0,0,0,0,0,0,0,0,0,0,0,0,0
2008-07-13 12:30:00+00:00,30,7,12,,,0,0,0,0,0,0,0,0,0,0,0,0,0,0,0,0,0,0,0,0,0,0,0,0,0
2008-07-13 12:30:00+00:00,30,7,12,368.4887390136719,371.46893310546875,0,0,0,0,0,0,0,0,0,0,0,0,0,0,0,0,0,0,0,0,0,0,0,0,0
2008-07-13 12:30:00+00:00,30,7,12,290.8448791503906,309.8246765136719,0,0,0,0,0,0,0,0,0,0,0,0,0,0,0,1,1,0,0,0,0,0,0,0,0
2008-07-13 12:30:00+00:00,30,7,12,345.30255126953125,213.1603546142578,0,0,0,0,0,0,0,0,0,0,0,0,0,0,0,0,1,0,0,0,0,0,0,0,0
2008-07-13 12:30:00+00:00,30,7,12,233.77346801757812,94.31565856933594,0,0,0,0,0,0,0,0,0,0,0,0,0,0,1,1,1,0,0,0,0,0,0,0,0
2008-07-13 12:30:00+00:00,30,7,12,75.72209930419922,135.0449676513672,0,0,0,0,0,0,0,0,1,1,1,1,1,1,1,1,1,0,0,0,0,0,0,0,0
2008-07-13 12:30:00+00:00,30,7,12,,,0,0,0,0,0,0,0,0,0,0,0,0,0,0,0,0,0,0,0,0,0,0,0,0,0
2008-07-13 12:30:00+00:00,30,7,12,,,0,0,0,0,0,0,0,0,0,0,0,0,0,0,0,0,0,0,0,0,0,0,0,0,0
2008-07-13 12:30:00+00:00,30,7,12,174.0021514892578,140.784912109375,0,0,0,0,0,0,0,0,0,0,0,0,1,1,1,1,1,0,0,0,0,0,0,0,0
2008-07-13 12:30:00+00:00,30,7,12,303.6703186035156,320.7855529785156,0,0,0,0,0,0,0,0,0,0,0,0,0,0,0,0,1,0,0,0,0,0,0,0,0
2008-07-13 12:30:00+00:00,30,7,12,255.40533447265625,217.34738159179688,0,0,0,0,0,0,0,0,0,0,0,0,0,0,0,1,1,0,0,0,0,0,0,0,0
2008-07-13 12:30:00+00:00,30,7,12,,393.28533935546875,0,0,0,0,0,0,0,0,0,0,0,0,0,0,0,0,0,0,0,0,0,0,0,0,0
2008-07-13 12:30:00+00:00,30,7,12,229.74061584472656,239.93954467773438,0,0,0,0,0,0,0,0,0,0,0,0,0,0,1,1,1,0,0,0,0,0,0,0,0
2008-07-13 12:30:00+00:00,30,7,12,283.2470397949219,293.56512451171875,0,0,0,0,0,0,0,0,0,0,0,0,0,0,0,1,1,0,0,0,0,0,0,0,0
2008-07-13 12:30:00+00:00,30,7,12,357.9085998535156,368.2619934082031,0,0,0,0,0,0,0,0,0,0,0,0,0,0,0,0,0,0,0,0,0,0,0,0,0
2008-07-13 12:30:00+00:00,30,7,12,,100.79425048828125,0,0,0,0,0,0,0,0,0,0,0,0,0,0,0,0,0,0,0,0,0,0,0,0,0
2008-07-13 12:30:00+00:00,30,7,12,,40.64058303833008,0,0,0,0,0,0,0,0,0,0,0,0,0,0,0,0,0,0,0,0,0,0,0,1,1
2008-07-13 12:45:00+00:00,30,7,12,,,0,0,0,0,0,0,0,0,0,0,0,0,0,0,0,0,0,0,0,0,0,0,0,0,0
2008-07-13 12:45:00+00:00,30,7,12,,,0,0,0,0,0,0,0,0,0,0,0,0,0,0,0,0,0,0,0,0,0,0,0,0,0
2008-07-13 12:45:00+00:00,30,7,12,,,0,0,0,0,0,0,0,0,0,0,0,0,0,0,0,0,0,0,0,0,0,0,0,0,0
2008-07-13 12:45:00+00:00,30,7,12,158.43258666992188,170.4771270751953,0,0,0,0,0,0,0,0,0,0,0,0,1,1,1,1,1,0,0,0,0,0,0,0,0
2008-07-13 12:45:00+00:00,30,7,12,197.92691040039062,183.825439453125,0,0,0,0,0,0,0,0,0,0,0,0,0,1,1,1,1,0,0,0,0,0,0,0,0
2008-07-13 12:45:00+00:00,30,7,12,,163.0870819091797,0,0,0,0,0,0,0,0,0,0,0,0,0,0,0,0,0,0,0,0,0,0,0,0,0
2008-07-13 12:45:00+00:00,30,7,12,324.8919372558594,349.751953125,0,0,0,0,0,0,0,0,0,0,0,0,0,0,0,0,1,0,0,0,0,0,0,0,0
2008-07-13 12:45:00+00:00,30,7,12,,442.3857116699219,0,0,0,0,0,0,0,0,0,0,0,0,0,0,0,0,0,0,0,0,0,0,0,0,0
2008-07-13 12:45:00+00:00,30,7,12,363.58929443359375,340.8225402832031,0,0,0,0,0,0,0,0,0,0,0,0,0,0,0,0,0,0,0,0,0,0,0,0,0
2008-07-13 12:45:00+00:00,30,7,12,192.95040893554688,159.11495971679688,0,0,0,0,0,0,0,0,0,0,0,0,0,1,1,1,1,0,0,0,0,0,0,0,0
2008-07-13 12:45:00+00:00,30,7,12,281.6024475097656,90.0334243774414,0,0,0,0,0,0,0,0,0,0,0,0,0,0,0,1,1,0,0,0,0,0,0,0,0
2008-07-13 12:45:00+00:00,30,7,12,308.95806884765625,72.73385620117188,0,0,0,0,0,0,0,0,0,0,0,0,0,0,0,0,1,0,0,0,0,0,0,0,0
2008-07-13 12:45:00+00:00,30,7,12,298.1515808105469,,0,0,0,0,0,0,0,0,0,0,0,0,0,0,0,1,1,0,0,0,0,0,0,0,0
2008-07-13 12:45:00+00:00,30,7,12,,217.791015625,0,0,0,0,0,0,0,0,0,0,0,0,0,0,0,0,0,0,0,0,0,0,0,0,0
2008-07-13 12:45:00+00:00,30,7,12,,,0,0,0,0,0,0,0,0,0,0,0,0,0,0,0,0,0,0,0,0,0,0,0,0,0
2008-07-13 12:45:00+00:00,30,7,12,,,0,0,0,0,0,0,0,0,0,0,0,0,0,0,0,0,0,0,0,0,0,0,0,0,0
2008-07-13 13:00:00+00:00,30,7,13,258.3946228027344,246.55712890625,0,0,0,0,0,0,0,0,0,0,0,0,0,0,0,1,1,0,0,0,0,0,0,0,0
2008-07-13 13:00:00+00:00,30,7,13,343.12261962890625,363.9232482910156,0,0,0,0,0,0,0,0,0,0,0,0,0,0,0,0,1,0,0,0,0,0,0,0,0
2008-07-13 13:00:00+00:00,30,7,13,214.11038208007812,199.8119659423828,0,0,0,0,0,0,0,0,0,0,0,0,0,0,1,1,1,0,0,0,0,0,0,0,0
2008-07-13 13:00:00+00:00,30,7,13,80.25951385498047,53.9134407043457,0,0,0,0,0,0,0,0,0,1,1,1,1,1,1,1,1,0,0,0,0,0,0,0,1
2008-07-13 13:00:00+00:00,30,7,13,,,0,0,0,0,0,0,0,0,0,0,0,0,0,0,0,0,0,0,0,0,0,0,0,0,0
2008-07-13 13:00:00+00:00,30,7,13,,,0,0,0,0,0,0,0,0,0,0,0,0,0,0,0,0,0,0,0,0,0,0,0,0,0
2008-07-13 13:00:00+00:00,30,7,13,197.17176818847656,173.3019561767578,0,0,0,0,0,0,0,0,0,0,0,0,0,1,1,1,1,0,0,0,0,0,0,0,0
2008-07-13 13:00:00+00:00,30,7,13,338.2414245605469,47.07774353027344,0,0,0,0,0,0,0,0,0,0,0,0,0,0,0,0,1,0,0,0,0,0,0,1,1
2008-07-13 13:00:00+00:00,30,7,13,224.46864318847656,63.9470329284668,0,0,0,0,0,0,0,0,0,0,0,0,0,0,1,1,1,0,0,0,0,0,0,0,0
2008-07-13 13:00:00+00:00,30,7,13,253.097900390625,31.122509002685547,0,0,0,0,0,0,0,0,0,0,0,0,0,0,0,1,1,0,0,0,0,0,1,1,1
2008-07-13 13:00:00+00:00,30,7,13,103.40632629394531,88.31565856933594,0,0,0,0,0,0,0,0,0,0,1,1,1,1,1,1,1,0,0,0,0,0,0,0,0
2008-07-13 13:00:00+00:00,30,7,13,126.76702880859375,111.09174346923828,0,0,0,0,0,0,0,0,0,0,0,1,1,1,1,1,1,0,0,0,0,0,0,0,0
2008-07-13 13:15:00+00:00,30,7,13,,,0,0,0,0,0,0,0,0,0,0,0,0,0,0,0,0,0,0,0,0,0,0,0,0,0
2008-07-13 13:15:00+00:00,30,7,13,,,0,0,0,0,0,0,0,0,0,0,0,0,0,0,0,0,0,0,0,0,0,0,0,0,0
2008-07-13 13:15:00+00:00,30,7,13,,438.1799011230469,0,0,0,0,0,0,0,0,0,0,0,0,0,0,0,0,0,0,0,0,0,0,0,0,0
2008-07-13 13:15:00+00:00,30,7,13,342.6503601074219,443.6539001464844,0,0,0,0,0,0,0,0,0,0,0,0,0,0,0,0,1,0,0,0,0,0,0,0,0
2008-07-13 13:15:00+00:00,30,7,13,425.61151123046875,332.9380798339844,0,0,0,0,0,0,0,0,0,0,0,0,0,0,0,0,0,0,0,0,0,0,0,0,0
2008-07-13 13:15:00+00:00,30,7,13,166.53025817871094,111.79574584960938,0,0,0,0,0,0,0,0,0,0,0,0,1,1,1,1,1,0,0,0,0,0,0,0,0
2008-07-13 13:15:00+00:00,30,7,13,276.90765380859375,185.98204040527344,0,0,0,0,0,0,0,0,0,0,0,0,0,0,0,1,1,0,0,0,0,0,0,0,0
2008-07-13 13:15:00+00:00,30,7,13,331.3412170410156,304.7691955566406,0,0,0,0,0,0,0,0,0,0,0,0,0,0,0,0,1,0,0,0,0,0,0,0,0
2008-07-13 13:15:00+00:00,30,7,13,298.08843994140625,236.5576934814453,0,0,0,0,0,0,0,0,0,0,0,0,0,0,0,1,1,0,0,0,0,0,0,0,0
2008-07-13 13:15:00+00:00,30,7,13,336.4307861328125,214.09068298339844,0,0,0,0,0,0,0,0,0,0,0,0,0,0,0,0,1,0,0,0,0,0,0,0,0
2008-07-13 13:15:00+00:00,30,7,13,204.40306091308594,120.58204650878906,0,0,0,0,0,0,0,0,0,0,0,0,0,0,1,1,1,0,0,0,0,0,0,0,0
2008-07-13 13:15:00+00:00,30,7,13,,,0,0,0,0,0,0,0,0,0,0,0,0,0,0,0,0,0,0,0,0,0,0,0,0,0
2008-07-13 13:15:00+00:00,30,7,13,108.30168914794922,99.5575180053711,0,0,0,0,0,0,0,0,0,0,1,1,1,1,1,1,1,0,0,0,0,0,0,0,0
2008-07-13 13:15:00+00:00,30,7,13,176.94024658203125,153.53443908691406,0,0,0,0,0,0,0,0,0,0,0,0,1,1,1,1,1,0,0,0,0,0,0,0,0
2008-07-13 13:15:00+00:00,30,7,13,295.7550048828125,255.04244995117188,0,0,0,0,0,0,0,0,0,0,0,0,0,0,0,1,1,0,0,0,0,0,0,0,0
2008-07-13 13:30:00+00:00,30,7,13,,8.848637580871582,0,0,0,0,0,0,0,0,0,0,0,0,0,0,0,0,0,1,1,1,1,1,1,1,1
2008-07-13 13:30:00+00:00,30,7,13,273.6373291015625,307.47052001953125,0,0,0,0,0,0,0,0,0,0,0,0,0,0,0,1,1,0,0,0,0,0,0,0,0
2008-07-13 13:30:00+00:00,30,7,13,180.87060546875,418.85791015625,0,0,0,0,0,0,0,0,0,0,0,0,0,1,1,1,1,0,0,0,0,0,0,0,0
2008-07-13 13:30:00+00:00,30,7,13,62.41249465942383,46.7677001953125,0,0,0,0,0,0,0,0,1,1,1,1,1,1,1,1,1,0,0,0,0,0,0,1,1
2008-07-13 13:30:00+00:00,30,7,13,,,0,0,0,0,0,0,0,0,0,0,0,0,0,0,0,0,0,0,0,0,0,0,0,0,0
2008-07-13 13:30:00+00:00,30,7,13,,267.9052734375,0,0,0,0,0,0,0,0,0,0,0,0,0,0,0,0,0,0,0,0,0,0,0,0,0
2008-07-13 13:30:00+00:00,30,7,13,172.1487579345703,359.9045715332031,0,0,0,0,0,0,0,0,0,0,0,0,1,1,1,1,1,0,0,0,0,0,0,0,0
2008-07-13 13:45:00+00:00,30,7,13,,246.2425079345703,0,0,0,0,0,0,0,0,0,0,0,0,0,0,0,0,0,0,0,0,0,0,0,0,0
2008-07-13 13:45:00+00:00,30,7,13,263.4060974121094,236.4610595703125,0,0,0,0,0,0,0,0,0,0,0,0,0,0,0,1,1,0,0,0,0,0,0,0,0
2008-07-13 13:45:00+00:00,30,7,13,268.0733337402344,286.0478515625,0,0,0,0,0,0,0,0,0,0,0,0,0,0,0,1,1,0,0,0,0,0,0,0,0
2008-07-13 13:45:00+00:00,30,7,13,249.96022033691406,264.5915832519531,0,0,0,0,0,0,0,0,0,0,0,0,0,0,1,1,1,0,0,0,0,0,0,0,0
2008-07-13 13:45:00+00:00,30,7,13,233.86260986328125,246.81817626953125,0,0,0,0,0,0,0,0,0,0,0,0,0,0,1,1,1,0,0,0,0,0,0,0,0
2008-07-13 13:45:00+00:00,30,7,13,271.45050048828125,283.6235656738281,0,0,0,0,0,0,0,0,0,0,0,0,0,0,0,1,1,0,0,0,0,0,0,0,0
2008-07-13 13:45:00+00:00,30,7,13,154.84375,137.638427734375,0,0,0,0,0,0,0,0,0,0,0,0,1,1,1,1,1,0,0,0,0,0,0,0,0
2008-07-13 13:45:00+00:00,30,7,13,182.9944610595703,125.673828125,0,0,0,0,0,0,0,0,0,0,0,0,0,1,1,1,1,0,0,0,0,0,0,0,0
2008-07-13 13:45:00+00:00,30,7,13,,,0,0,0,0,0,0,0,0,0,0,0,0,0,0,0,0,0,0,0,0,0,0,0,0,0
2008-07-13 13:45:00+00:00,30,7,13,,,0,0,0,0,0,0,0,0,0,0,0,0,0,0,0,0,0,0,0,0,0,0,0,0,0
2008-07-13 13:45:00+00:00,30,7,13,113.63490295410156,132.05958557128906,0,0,0,0,0,0,0,0,0,0,1,1,1,1,1,1,1,0,0,0,0,0,0,0,0
2008-07-13 13:45:00+00:00,30,7,13,564.1281127929688,534.3067626953125,0,0,0,0,0,0,0,0,0,0,0,0,0,0,0,0,0,0,0,0,0,0,0,0,0
2008-07-13 13:45:00+00:00,30,7,13,116.34561920166016,146.03846740722656,0,0,0,0,0,0,0,0,0,0,1,1,1,1,1,1,1,0,0,0,0,0,0,0,0
2008-07-13 14:00:00+00:00,30,7,14,354.9320983886719,485.5980224609375,0,0,0,0,0,0,0,0,0,0,0,0,0,0,0,0,0,0,0,0,0,0,0,0,0
2008-07-13 14:00:00+00:00,30,7,14,314.735595703125,,0,0,0,0,0,0,0,0,0,0,0,0,0,0,0,0,1,0,0,0,0,0,0,0,0
2008-07-13 14:00:00+00:00,30,7,14,,,0,0,0,0,0,0,0,0,0,0,0,0,0,0,0,0,0,0,0,0,0,0,0,0,0
2008-07-13 14:00:00+00:00,30,7,14,356.9247131347656,324.6445617675781,0,0,0,0,0,0,0,0,0,0,0,0,0,0,0,0,0,0,0,0,0,0,0,0,0
2008-07-13 14:00:00+00:00,30,7,14,170.22882080078125,188.02346801757812,0,0,0,0,0,0,0,0,0,0,0,0,1,1,1,1,1,0,0,0,0,0,0,0,0
2008-07-13 14:00:00+00:00,30,7,14,283.69317626953125,338.8664855957031,0,0,0,0,0,0,0,0,0,0,0,0,0,0,0,1,1,0,0,0,0,0,0,0,0
2008-07-13 14:00:00+00:00,30,7,14,60.96299743652344,62.9921989440918,0,0,0,0,0,0,0,0,1,1,1,1,1,1,1,1,1,0,0,0,0,0,0,0,0
2008-07-13 14:00:00+00:00,30,7,14,248.35569763183594,142.9329071044922,0,0,0,0,0,0,0,0,0,0,0,0,0,0,1,1,1,0,0,0,0,0,0,0,0
2008-07-13 14:00:00+00:00,30,7,14,,,0,0,0,0,0,0,0,0,0,0,0,0,0,0,0,0,0,0,0,0,0,0,0,0,0
2008-07-13 14:00:00+00:00,30,7,14,,,0,0,0,0,0,0,0,0,0,0,0,0,0,0,0,0,0,0,0,0,0,0,0,0,0
2008-07-13 14:00:00+00:00,30,7,14,,,0,0,0,0,0,0,0,0,0,0,0,0,0,0,0,0,0,0,0,0,0,0,0,0,0
2008-07-13 14:00:00+00:00,30,7,14,80.56563568115234,108.09683990478516,0,0,0,0,0,0,0,0,0,1,1,1,1,1,1,1,1,0,0,0,0,0,0,0,0
2008-07-13 14:00:00+00:00,30,7,14,95.21160888671875,127.9749984741211,0,0,0,0,0,0,0,0,0,1,1,1,1,1,1,1,1,0,0,0,0,0,0,0,0
2008-07-13 14:00:00+00:00,30,7,14,86.8076400756836,142.14378356933594,0,0,0,0,0,0,0,0,0,1,1,1,1,1,1,1,1,0,0,0,0,0,0,0,0
2008-07-13 14:15:00+00:00,30,7,14,220.0341796875,,0,0,0,0,0,0,0,0,0,0,0,0,0,0,1,1,1,0,0,0,0,0,0,0,0
2008-07-13 14:15:00+00:00,30,7,14,335.7840576171875,,0,0,0,0,0,0,0,0,0,0,0,0,0,0,0,0,1,0,0,0,0,0,0,0,0
2008-07-13 14:15:00+00:00,30,7,14,333.123291015625,317.1203918457031,0,0,0,0,0,0,0,0,0,0,0,0,0,0,0,0,1,0,0,0,0,0,0,0,0
2008-07-13 14:15:00+00:00,30,7,14,252.1553497314453,250.52540588378906,0,0,0,0,0,0,0,0,0,0,0,0,0,0,0,1,1,0,0,0,0,0,0,0,0
2008-07-13 14:15:00+00:00,30,7,14,407.84368896484375,194.94900512695312,0,0,0,0,0,0,0,0,0,0,0,0,0,0,0,0,0,0,0,0,0,0,0,0,0
2008-07-13 14:15:00+00:00,30,7,14,234.48023986816406,185.68539428710938,0,0,0,0,0,0,0,0,0,0,0,0,0,0,1,1,1,0,0,0,0,0,0,0,0
2008-07-13 14:15:00+00:00,30,7,14,344.32952880859375,114.42766571044922,0,0,0,0,0,0,0,0,0,0,0,0,0,0,0,0,1,0,0,0,0,0,0,0,0
2008-07-13 14:15:00+00:00,30,7,14,,,0,0,0,0,0,0,0,0,0,0,0,0,0,0,0,0,0,0,0,0,0,0,0,0,0
2008-07-13 14:15:00+00:00,30,7,14,,129.10301208496094,0,0,0,0,0,0,0,0,0,0,0,0,0,0,0,0,0,0,0,0,0,0,0,0,0
2008-07-13 14:15:00+00:00,30,7,14,,,0,0,0,0,0,0,0,0,0,0,0,0,0,0,0,0,0,0,0,0,0,0,0,0,0
2008-07-13 14:15:00+00:00,30,7,14,34.327735900878906,25.005699157714844,0,0,0,0,0,1,1,1,1,1,1,1,1,1,1,1,1,0,0,0,0,1,1,1,1
2008-07-13 14:15:00+00:00,30,7,14,174.83029174804688,50.9126091003418,0,0,0,0,0,0,0,0,0,0,0,0,1,1,1,1,1,0,0,0,0,0,0,0,1
2008-07-13 14:15:00+00:00,30,7,14,,348.5447998046875,0,0,0,0,0,0,0,0,0,0,0,0,0,0,0,0,0,0,0,0,0,0,0,0,0
2008-07-13 14:15:00+00:00,30,7,14,,393.2897644042969,0,0,0,0,0,0,0,0,0,0,0,0,0,0,0,0,0,0,0,0,0,0,0,0,0
2008-07-13 14:30:00+00:00,30,7,14,210.38665771484375,138.06005859375,0,0,0,0,0,0,0,0,0,0,0,0,0,0,1,1,1,0,0,0,0,0,0,0,0
2008-07-13 14:30:00+00:00,30,7,14,,156.1536102294922,0,0,0,0,0,0,0,0,0,0,0,0,0,0,0,0,0,0,0,0,0,0,0,0,0
2008-07-13 14:30:00+00:00,30,7,14,,,0,0,0,0,0,0,0,0,0,0,0,0,0,0,0,0,0,0,0,0,0,0,0,0,0
2008-07-13 14:30:00+00:00,30,7,14,,59.243629455566406,0,0,0,0,0,0,0,0,0,0,0,0,0,0,0,0,0,0,0,0,0,0,0,0,1
2008-07-13 14:30:00+00:00,30,7,14,199.43637084960938,154.67149353027344,0,0,0,0,0,0,0,0,0,0,0,0,0,1,1,1,1,0,0,0,0,0,0,0,0
2008-07-13 14:30:00+00:00,30,7,14,,,0,0,0,0,0,0,0,0,0,0,0,0,0,0,0,0,0,0,0,0,0,0,0,0,0
2008-07-13 14:30:00+00:00,30,7,14,,362.9449157714844,0,0,0,0,0,0,0,0,0,0,0,0,0,0,0,0,0,0,0,0,0,0,0,0,0
2008-07-13 14:30:00+00:00,30,7,14,154.70956420898438,211.7458038330078,0,0,0,0,0,0,0,0,0,0,0,0,1,1,1,1,1,0,0,0,0,0,0,0,0
2008-07-13 14:30:00+00:00,30,7,14,205.13241577148438,226.12603759765625,0,0,0,0,0,0,0,0,0,0,0,0,0,0,1,1,1,0,0,0,0,0,0,0,0
2008-07-13 14:45:00+00:00,30,7,14,100.13426208496094,333.6472473144531,0,0,0,0,0,0,0,0,0,0,1,1,1,1,1,1,1,0,0,0,0,0,0,0,0
2008-07-13 14:45:00+00:00,30,7,14,,,0,0,0,0,0,0,0,0,0,0,0,0,0,0,0,0,0,0,0,0,0,0,0,0,0
2008-07-13 14:45:00+00:00,30,7,14,338.8853454589844,336.478759765625,0,0,0,0,0,0,0,0,0,0,0,0,0,0,0,0,1,0,0,0,0,0,0,0,0
2008-07-13 14:45:00+00:00,30,7,14,251.66751098632812,,0,0,0,0,0,0,0,0,0,0,0,0,0,0,0,1,1,0,0,0,0,0,0,0,0
2008-07-13 14:45:00+00:00,30,7,14,254.27365112304688,257.86370849609375,0,0,0,0,0,0,0,0,0,0,0,0,0,0,0,1,1,0,0,0,0,0,0,0,0
2008-07-13 14:45:00+00:00,30,7,14,125.62855529785156,,0,0,0,0,0,0,0,0,0,0,0,1,1,1,1,1,1,0,0,0,0,0,0,0,0
2008-07-13 14:45:00+00:00,30,7,14,232.2765350341797,142.73849487304688,0,0,0,0,0,0,0,0,0,0,0,0,0,0,1,1,1,0,0,0,0,0,0,0,0
2008-07-13 14:45:00+00:00,30,7,14,314.40753173828125,303.22442626953125,0,0,0,0,0,0,0,0,0,0,0,0,0,0,0,0,1,0,0,0,0,0,0,0,0
2008-07-13 14:45:00+00:00,30,7,14,,,0,0,0,0,0,0,0,0,0,0,0,0,0,0,0,0,0,0,0,0,0,0,0,0,0
2008-07-13 15:00:00+00:00,30,7,15,156.80601501464844,377.8916015625,0,0,0,0,0,0,0,0,0,0,0,0,1,1,1,1,1,0,0,0,0,0,0,0,0
2008-07-13 15:00:00+00:00,30,7,15,,,0,0,0,0,0,0,0,0,0,0,0,0,0,0,0,0,0,0,0,0,0,0,0,0,0
2008-07-13 15:00:00+00:00,30,7,15,91.18714141845703,102.62745666503906,0,0,0,0,0,0,0,0,0,1,1,1,1,1,1,1,1,0,0,0,0,0,0,0,0
2008-07-13 15:00:00+00:00,30,7,15,,,0,0,0,0,0,0,0,0,0,0,0,0,0,0,0,0,0,0,0,0,0,0,0,0,0
2008-07-13 15:00:00+00:00,30,7,15,,505.4829406738281,0,0,0,0,0,0,0,0,0,0,0,0,0,0,0,0,0,0,0,0,0,0,0,0,0
2008-07-13 15:00:00+00:00,30,7,15,,,0,0,0,0,0,0,0,0,0,0,0,0,0,0,0,0,0,0,0,0,0,0,0,0,0
2008-07-13 15:00:00+00:00,30,7,15,,458.8976135253906,0,0,0,0,0,0,0,0,0,0,0,0,0,0,0,0,0,0,0,0,0,0,0,0,0
2008-07-13 15:00:00+00:00,30,7,15,85.92476654052734,68.07221221923828,0,0,0,0,0,0,0,0,0,1,1,1,1,1,1,1,1,0,0,0,0,0,0,0,0
2008-07-13 15:00:00+00:00,30,7,15,306.9617614746094,135.83323669433594,0,0,0,0,0,0,0,0,0,0,0,0,0,0,0,0,1,0,0,0,0,0,0,0,0
2008-07-13 15:00:00+00:00,30,7,15,155.44297790527344,161.11367797851562,0,0,0,0,0,0,0,0,0,0,0,0,1,1,1,1,1,0,0,0,0,0,0,0,0
2008-07-13 15:00:00+00:00,30,7,15,,27.9735164642334,0,0,0,0,0,0,0,0,0,0,0,0,0,0,0,0,0,0,0,0,0,1,1,1,1
2008-07-13 15:00:00+00:00,30,7,15,,,0,0,0,0,0,0,0,0,0,0,0,0,0,0,0,0,0,0,0,0,0,0,0,0,0
2008-07-13 15:00:00+00:00,30,7,15,,338.3408508300781,0,0,0,0,0,0,0,0,0,0,0,0,0,0,0,0,0,0,0,0,0,0,0,0,0
2008-07-13 15:00:00+00:00,30,7,15,,,0,0,0,0,0,0,0,0,0,0,0,0,0,0,0,0,0,0,0,0,0,0,0,0,0
2008-07-13 15:00:00+00:00,30,7,15,,,0,0,0,0,0,0,0,0,0,0,0,0,0,0,0,0,0,0,0,0,0,0,0,0,0
2008-07-13 15:15:00+00:00,30,7,15,,265.2652282714844,0,0,0,0,0,0,0,0,0,0,0,0,0,0,0,0,0,0,0,0,0,0,0,0,0
2008-07-13 15:15:00+00:00,30,7,15,299.6659240722656,304.16961669921875,0,0,0,0,0,0,0,0,0,0,0,0,0,0,0,1,1,0,0,0,0,0,0,0,0
2008-07-13 15:15:00+00:00,30,7,15,186.61880493164062,237.9196014404297,0,0,0,0,0,0,0,0,0,0,0,0,0,1,1,1,1,0,0,0,0,0,0,0,0
2008-07-13 15:15:00+00:00,30,7,15,125.80182647705078,89.89437866210938,0,0,0,0,0,0,0,0,0,0,0,1,1,1,1,1,1,0,0,0,0,0,0,0,0
2008-07-13 15:15:00+00:00,30,7,15,,253.35302734375,0,0,0,0,0,0,0,0,0,0,0,0,0,0,0,0,0,0,0,0,0,0,0,0,0
2008-07-13 15:15:00+00:00,30,7,15,181.8523406982422,195.97332763671875,0,0,0,0,0,0,0,0,0,0,0,0,0,1,1,1,1,0,0,0,0,0,0,0,0
2008-07-13 15:15:00+00:00,30,7,15,178.42462158203125,108.60247802734375,0,0,0,0,0,0,0,0,0,0,0,0,1,1,1,1,1,0,0,0,0,0,0,0,0
2008-07-13 15:15:00+00:00,30,7,15,145.0642547607422,109.53060150146484,0,0,0,0,0,0,0,0,0,0,0,1,1,1,1,1,1,0,0,0,0,0,0,0,0
2008-07-13 15:15:00+00:00,30,7,15,153.16537475585938,129.28126525878906,0,0,0,0,0,0,0,0,0,0,0,0,1,1,1,1,1,0,0,0,0,0,0,0,0
2008-07-13 15:15:00+00:00,30,7,15,,,0,0,0,0,0,0,0,0,0,0,0,0,0,0,0,0,0,0,0,0,0,0,0,0,0
2008-07-13 15:30:00+00:00,30,7,15,234.15585327148438,,0,0,0,0,0,0,0,0,0,0,0,0,0,0,1,1,1,0,0,0,0,0,0,0,0
2008-07-13 15:30:00+00:00,30,7,15,,,0,0,0,0,0,0,0,0,0,0,0,0,0,0,0,0,0,0,0,0,0,0,0,0,0
2008-07-13 15:30:00+00:00,30,7,15,326.75482177734375,323.2878723144531,0,0,0,0,0,0,0,0,0,0,0,0,0,0,0,0,1,0,0,0,0,0,0,0,0
2008-07-13 15:30:00+00:00,30,7,15,435.6485900878906,279.6802673339844,0,0,0,0,0,0,0,0,0,0,0,0,0,0,0,0,0,0,0,0,0,0,0,0,0
2008-07-13 15:30:00+00:00,30,7,15,,,0,0,0,0,0,0,0,0,0,0,0,0,0,0,0,0,0,0,0,0,0,0,0,0,0
2008-07-13 15:30:00+00:00,30,7,15,322.637451171875,201.26266479492188,0,0,0,0,0,0,0,0,0,0,0,0,0,0,0,0,1,0,0,0,0,0,0,0,0
2008-07-13 15:30:00+00:00,30,7,15,,,0,0,0,0,0,0,0,0,0,0,0,0,0,0,0,0,0,0,0,0,0,0,0,0,0
2008-07-13 15:30:00+00:00,30,7,15,126.32364654541016,118.64591979980469,0,0,0,0,0,0,0,0,0,0,0,1,1,1,1,1,1,0,0,0,0,0,0,0,0
2008-07-13 15:30:00+00:00,30,7,15,,457.9073181152344,0,0,0,0,0,0,0,0,0,0,0,0,0,0,0,0,0,0,0,0,0,0,0,0,0
2008-07-13 15:45:00+00:00,30,7,15,,,0,0,0,0,0,0,0,0,0,0,0,0,0,0,0,0,0,0,0,0,0,0,0,0,0
2008-07-13 15:45:00+00:00,30,7,15,268.00421142578125,268.03485107421875,0,0,0,0,0,0,0,0,0,0,0,0,0,0,0,1,1,0,0,0,0,0,0,0,0
2008-07-13 15:45:00+00:00,30,7,15,83.64684295654297,57.573699951171875,0,0,0,0,0,0,0,0,0,1,1,1,1,1,1,1,1,0,0,0,0,0,0,0,1
2008-07-13 15:45:00+00:00,30,7,15,399.61517333984375,77.71825408935547,0,0,0,0,0,0,0,0,0,0,0,0,0,0,0,0,0,0,0,0,0,0,0,0,0
2008-07-13 15:45:00+00:00,30,7,15,295.6885681152344,298.6583557128906,0,0,0,0,0,0,0,0,0,0,0,0,0,0,0,1,1,0,0,0,0,0,0,0,0
2008-07-13 15:45:00+00:00,30,7,15,,358.9239807128906,0,0,0,0,0,0,0,0,0,0,0,0,0,0,0,0,0,0,0,0,0,0,0,0,0
2008-07-13 15:45:00+00:00,30,7,15,115.10919952392578,93.01798248291016,0,0,0,0,0,0,0,0,0,0,1,1,1,1,1,1,1,0,0,0,0,0,0,0,0
2008-07-13 15:45:00+00:00,30,7,15,40.670719146728516,29.970531463623047,0,0,0,0,0,0,1,1,1,1,1,1,1,1,1,1,1,0,0,0,0,1,1,1,1
2008-07-13 15:45:00+00:00,30,7,15,,,0,0,0,0,0,0,0,0,0,0,0,0,0,0,0,0,0,0,0,0,0,0,0,0,0
2008-07-13 15:45:00+00:00,30,7,15,211.95428466796875,212.9843292236328,0,0,0,0,0,0,0,0,0,0,0,0,0,0,1,1,1,0,0,0,0,0,0,0,0
2008-07-13 15:45:00+00:00,30,7,15,77.51324462890625,91.11725616455078,0,0,0,0,0,0,0,0,1,1,1,1,1,1,1,1,1,0,0,0,0,0,0,0,0
2008-07-13 15:45:00+00:00,30,7,15,186.81419372558594,197.46951293945312,0,0,0,0,0,0,0,0,0,0,0,0,0,1,1,1,1,0,0,0,0,0,0,0,0
2008-07-13 15:45:00+00:00,30,7,15,133.89987182617188,99.8675537109375,0,0,0,0,0,0,0,0,0,0,0,1,1,1,1,1,1,0,0,0,0,0,0,0,0
2008-07-13 15:45:00+00:00,30,7,15,100.75103759765625,55.3739128112793,0,0,0,0,0,0,0,0,0,0,1,1,1,1,1,1,1,0,0,0,0,0,0,0,1
2008-07-13 15:45:00+00:00,30,7,15,48.77095413208008,46.87959671020508,0,0,0,0,0,0,1,1,1,1,1,1,1,1,1,1,1,0,0,0,0,0,0,1,1
2008-07-13 15:45:00+00:00,30,7,15,113.5571060180664,104.72234344482422,0,0,0,0,0,0,0,0,0,0,1,1,1,1,1,1,1,0,0,0,0,0,0,0,0
2008-07-13 15:45:00+00:00,30,7,15,,,0,0,0,0,0,0,0,0,0,0,0,0,0,0,0,0,0,0,0,0,0,0,0,0,0
2008-07-13 15:45:00+00:00,30,7,15,,,0,0,0,0,0,0,0,0,0,0,0,0,0,0,0,0,0,0,0,0,0,0,0,0,0
2008-07-13 16:00:00+00:00,30,7,16,,,0,0,0,0,0,0,0,0,0,0,0,0,0,0,0,0,0,0,0,0,0,0,0,0,0
2008-07-13 16:00:00+00:00,30,7,16,,,0,0,0,0,0,0,0,0,0,0,0,0,0,0,0,0,0,0,0,0,0,0,0,0,0
2008-07-13 16:00:00+00:00,30,7,16,370.2468566894531,344.28228759765625,0,0,0,0,0,0,0,0,0,0,0,0,0,0,0,0,0,0,0,0,0,0,0,0,0
2008-07-13 16:00:00+00:00,30,7,16,54.60252380371094,69.43233489990234,0,0,0,0,0,0,0,1,1,1,1,1,1,1,1,1,1,0,0,0,0,0,0,0,0
2008-07-13 16:00:00+00:00,30,7,16,101.7003173828125,114.30714416503906,0,0,0,0,0,0,0,0,0,0,1,1,1,1,1,1,1,0,0,0,0,0,0,0,0
2008-07-13 16:00:00+00:00,30,7,16,267.8310852050781,216.79147338867188,0,0,0,0,0,0,0,0,0,0,0,0,0,0,0,1,1,0,0,0,0,0,0,0,0
2008-07-13 16:00:00+00:00,30,7,16,171.9167938232422,157.4004364013672,0,0,0,0,0,0,0,0,0,0,0,0,1,1,1,1,1,0,0,0,0,0,0,0,0
2008-07-13 16:00:00+00:00,30,7,16,382.52056884765625,364.197998046875,0,0,0,0,0,0,0,0,0,0,0,0,0,0,0,0,0,0,0,0,0,0,0,0,0
2008-07-13 16:00:00+00:00,30,7,16,378.04547119140625,359.9620666503906,0,0,0,0,0,0,0,0,0,0,0,0,0,0,0,0,0,0,0,0,0,0,0,0,0
2008-07-13 16:15:00+00:00,30,7,16,186.00674438476562,195.73268127441406,0,0,0,0,0,0,0,0,0,0,0,0,0,1,1,1,1,0,0,0,0,0,0,0,0
2008-07-13 16:15:00+00:00,30,7,16,201.6773223876953,214.56480407714844,0,0,0,0,0,0,0,0,0,0,0,0,0,0,1,1,1,0,0,0,0,0,0,0,0
2008-07-13 16:15:00+00:00,30,7,16,85.18278503417969,95.296875,0,0,0,0,0,0,0,0,0,1,1,1,1,1,1,1,1,0,0,0,0,0,0,0,0
2008-07-13 16:15:00+00:00,30,7,16,180.80325317382812,157.05075073242188,0,0,0,0,0,0,0,0,0,0,0,0,0,1,1,1,1,0,0,0,0,0,0,0,0
2008-07-13 16:30:00+00:00,30,7,16,147.94903564453125,169.3441162109375,0,0,0,0,0,0,0,0,0,0,0,1,1,1,1,1,1,0,0,0,0,0,0,0,0
2008-07-13 16:30:00+00:00,30,7,16,95.56494140625,45.12849807739258,0,0,0,0,0,0,0,0,0,1,1,1,1,1,1,1,1,0,0,0,0,0,0,1,1
2008-07-13 16:30:00+00:00,30,7,16,,,0,0,0,0,0,0,0,0,0,0,0,0,0,0,0,0,0,0,0,0,0,0,0,0,0
2008-07-13 16:30:00+00:00,30,7,16,,,0,0,0,0,0,0,0,0,0,0,0,0,0,0,0,0,0,0,0,0,0,0,0,0,0
2008-07-13 16:30:00+00:00,30,7,16,248.83419799804688,284.50836181640625,0,0,0,0,0,0,0,0,0,0,0,0,0,0,1,1,1,0,0,0,0,0,0,0,0
2008-07-13 16:30:00+00:00,30,7,16,159.79586791992188,136.05885314941406,0,0,0,0,0,0,0,0,0,0,0,0,1,1,1,1,1,0,0,0,0,0,0,0,0
2008-07-13 16:30:00+00:00,30,7,16,139.84764099121094,105.25122833251953,0,0,0,0,0,0,0,0,0,0,0,1,1,1,1,1,1,0,0,0,0,0,0,0,0
2008-07-13 16:45:00+00:00,30,7,16,59.23888397216797,41.60928726196289,0,0,0,0,0,0,0,1,1,1,1,1,1,1,1,1,1,0,0,0,0,0,0,1,1
2008-07-13 16:45:00+00:00,30,7,16,78.00455474853516,67.18702697753906,0,0,0,0,0,0,0,0,1,1,1,1,1,1,1,1,1,0,0,0,0,0,0,0,0
2008-07-13 16:45:00+00:00,30,7,16,127.24262237548828,116.38079071044922,0,0,0,0,0,0,0,0,0,0,0,1,1,1,1,1,1,0,0,0,0,0,0,0,0
2008-07-13 16:45:00+00:00,30,7,16,,308.1922302246094,0,0,0,0,0,0,0,0,0,0,0,0,0,0,0,0,0,0,0,0,0,0,0,0,0
2008-07-13 17:00:00+00:00,30,7,17,192.33140563964844,185.8800506591797,0,0,0,0,0,0,0,0,0,0,0,0,0,1,1,1,1,0,0,0,0,0,0,0,0
2008-07-13 17:00:00+00:00,30,7,17,201.8590087890625,190.46771240234375,0,0,0,0,0,0,0,0,0,0,0,0,0,0,1,1,1,0,0,0,0,0,0,0,0
2008-07-13 17:15:00+00:00,30,7,17,190.5435028076172,182.05426025390625,0,0,0,0,0,0,0,0,0,0,0,0,0,1,1,1,1,0,0,0,0,0,0,0,0
2008-07-13 17:15:00+00:00,30,7,17,,,0,0,0,0,0,0,0,0,0,0,0,0,0,0,0,0,0,0,0,0,0,0,0,0,0
2008-07-13 17:15:00+00:00,30,7,17,60.136741638183594,80.96879577636719,0,0,0,0,0,0,0,0,1,1,1,1,1,1,1,1,1,0,0,0,0,0,0,0,0
2008-07-13 17:15:00+00:00,30,7,17,165.1519317626953,159.45567321777344,0,0,0,0,0,0,0,0,0,0,0,0,1,1,1,1,1,0,0,0,0,0,0,0,0
2008-07-13 17:15:00+00:00,30,7,17,199.98550415039062,180.43482971191406,0,0,0,0,0,0,0,0,0,0,0,0,0,1,1,1,1,0,0,0,0,0,0,0,0
2008-07-13 17:15:00+00:00,30,7,17,238.46694946289062,232.80319213867188,0,0,0,0,0,0,0,0,0,0,0,0,0,0,1,1,1,0,0,0,0,0,0,0,0
2008-07-13 17:30:00+00:00,30,7,17,57.43174743652344,36.503501892089844,0,0,0,0,0,0,0,1,1,1,1,1,1,1,1,1,1,0,0,0,0,0,1,1,1
2008-07-13 17:30:00+00:00,30,7,17,84.92403411865234,60.015655517578125,0,0,0,0,0,0,0,0,0,1,1,1,1,1,1,1,1,0,0,0,0,0,0,0,0
2008-07-13 17:30:00+00:00,30,7,17,202.4103546142578,187.71493530273438,0,0,0,0,0,0,0,0,0,0,0,0,0,0,1,1,1,0,0,0,0,0,0,0,0
2008-07-13 17:30:00+00:00,30,7,17,109.95532989501953,97.40890502929688,0,0,0,0,0,0,0,0,0,0,1,1,1,1,1,1,1,0,0,0,0,0,0,0,0
2008-07-13 17:45:00+00:00,30,7,17,100.51738739013672,188.54574584960938,0,0,0,0,0,0,0,0,0,0,1,1,1,1,1,1,1,0,0,0,0,0,0,0,0
2008-07-13 17:45:00+00:00,30,7,17,223.04193115234375,221.20745849609375,0,0,0,0,0,0,0,0,0,0,0,0,0,0,1,1,1,0,0,0,0,0,0,0,0
2008-07-13 17:45:00+00:00,30,7,17,220.1007537841797,188.46646118164062,0,0,0,0,0,0,0,0,0,0,0,0,0,0,1,1,1,0,0,0,0,0,0,0,0
2008-07-13 17:45:00+00:00,30,7,17,302.4154968261719,220.61260986328125,0,0,0,0,0,0,0,0,0,0,0,0,0,0,0,0,1,0,0,0,0,0,0,0,0
2008-07-13 17:45:00+00:00,30,7,17,197.76353454589844,79.23625946044922,0,0,0,0,0,0,0,0,0,0,0,0,0,1,1,1,1,0,0,0,0,0,0,0,0
2008-07-13 17:45:00+00:00,30,7,17,112.62784576416016,73.2873764038086,0,0,0,0,0,0,0,0,0,0,1,1,1,1,1,1,1,0,0,0,0,0,0,0,0
2008-07-14 10:00:00+00:00,30,7,10,,314.6032409667969,0,0,0,0,0,0,0,0,0,0,0,0,0,0,0,0,0,0,0,0,0,0,0,0,0
2008-07-14 10:00:00+00:00,30,7,10,,364.1859130859375,0,0,0,0,0,0,0,0,0,0,0,0,0,0,0,0,0,0,0,0,0,0,0,0,0
2008-07-14 10:00:00+00:00,30,7,10,,,0,0,0,0,0,0,0,0,0,0,0,0,0,0,0,0,0,0,0,0,0,0,0,0,0
2008-07-14 10:00:00+00:00,30,7,10,415.0091247558594,433.25531005859375,0,0,0,0,0,0,0,0,0,0,0,0,0,0,0,0,0,0,0,0,0,0,0,0,0
2008-07-14 10:00:00+00:00,30,7,10,,,0,0,0,0,0,0,0,0,0,0,0,0,0,0,0,0,0,0,0,0,0,0,0,0,0
2008-07-14 10:15:00+00:00,30,7,10,,,0,0,0,0,0,0,0,0,0,0,0,0,0,0,0,0,0,0,0,0,0,0,0,0,0
2008-07-14 10:15:00+00:00,30,7,10,,,0,0,0,0,0,0,0,0,0,0,0,0,0,0,0,0,0,0,0,0,0,0,0,0,0
2008-07-14 10:15:00+00:00,30,7,10,,,0,0,0,0,0,0,0,0,0,0,0,0,0,0,0,0,0,0,0,0,0,0,0,0,0
2008-07-14 10:15:00+00:00,30,7,10,,,0,0,0,0,0,0,0,0,0,0,0,0,0,0,0,0,0,0,0,0,0,0,0,0,0
2008-07-14 10:15:00+00:00,30,7,10,,,0,0,0,0,0,0,0,0,0,0,0,0,0,0,0,0,0,0,0,0,0,0,0,0,0
2008-07-14 10:15:00+00:00,30,7,10,343.6300354003906,368.3094787597656,0,0,0,0,0,0,0,0,0,0,0,0,0,0,0,0,1,0,0,0,0,0,0,0,0
2008-07-14 10:15:00+00:00,30,7,10,,,0,0,0,0,0,0,0,0,0,0,0,0,0,0,0,0,0,0,0,0,0,0,0,0,0
2008-07-14 10:15:00+00:00,30,7,10,,,0,0,0,0,0,0,0,0,0,0,0,0,0,0,0,0,0,0,0,0,0,0,0,0,0
2008-07-14 10:15:00+00:00,30,7,10,137.9538116455078,110.26797485351562,0,0,0,0,0,0,0,0,0,0,0,1,1,1,1,1,1,0,0,0,0,0,0,0,0
2008-07-14 10:15:00+00:00,30,7,10,,3.112661123275757,0,0,0,0,0,0,0,0,0,0,0,0,0,0,0,0,0,1,1,1,1,1,1,1,1
2008-07-14 10:15:00+00:00,30,7,10,,,0,0,0,0,0,0,0,0,0,0,0,0,0,0,0,0,0,0,0,0,0,0,0,0,0
2008-07-14 10:15:00+00:00,30,7,10,,,0,0,0,0,0,0,0,0,0,0,0,0,0,0,0,0,0,0,0,0,0,0,0,0,0
2008-07-14 10:30:00+00:00,30,7,10,,,0,0,0,0,0,0,0,0,0,0,0,0,0,0,0,0,0,0,0,0,0,0,0,0,0
2008-07-14 10:30:00+00:00,30,7,10,219.7211456298828,122.11328125,0,0,0,0,0,0,0,0,0,0,0,0,0,0,1,1,1,0,0,0,0,0,0,0,0
2008-07-14 10:30:00+00:00,30,7,10,179.34927368164062,144.68577575683594,0,0,0,0,0,0,0,0,0,0,0,0,1,1,1,1,1,0,0,0,0,0,0,0,0
2008-07-14 10:30:00+00:00,30,7,10,360.03802490234375,138.6399383544922,0,0,0,0,0,0,0,0,0,0,0,0,0,0,0,0,0,0,0,0,0,0,0,0,0
2008-07-14 10:30:00+00:00,30,7,10,,,0,0,0,0,0,0,0,0,0,0,0,0,0,0,0,0,0,0,0,0,0,0,0,0,0
2008-07-14 10:30:00+00:00,30,7,10,,,0,0,0,0,0,0,0,0,0,0,0,0,0,0,0,0,0,0,0,0,0,0,0,0,0
2008-07-14 10:30:00+00:00,30,7,10,390.0885925292969,406.49139404296875,0,0,0,0,0,0,0,0,0,0,0,0,0,0,0,0,0,0,0,0,0,0,0,0,0
2008-07-14 10:30:00+00:00,30,7,10,187.01620483398438,207.9502410888672,0,0,0,0,0,0,0,0,0,0,0,0,0,1,1,1,1,0,0,0,0,0,0,0,0
2008-07-14 10:30:00+00:00,30,7,10,,21.969072341918945,0,0,0,0,0,0,0,0,0,0,0,0,0,0,0,0,0,0,0,0,1,1,1,1,1
2008-07-14 10:45:00+00:00,30,7,10,,123.82398986816406,0,0,0,0,0,0,0,0,0,0,0,0,0,0,0,0,0,0,0,0,0,0,0,0,0
2008-07-14 10:45:00+00:00,30,7,10,,58.00788116455078,0,0,0,0,0,0,0,0,0,0,0,0,0,0,0,0,0,0,0,0,0,0,0,0,1
2008-07-14 10:45:00+00:00,30,7,10,,173.49156188964844,0,0,0,0,0,0,0,0,0,0,0,0,0,0,0,0,0,0,0,0,0,0,0,0,0
2008-07-14 10:45:00+00:00,30,7,10,,78.21359252929688,0,0,0,0,0,0,0,0,0,0,0,0,0,0,0,0,0,0,0,0,0,0,0,0,0
2008-07-14 10:45:00+00:00,30,7,10,,36.37721633911133,0,0,0,0,0,0,0,0,0,0,0,0,0,0,0,0,0,0,0,0,0,0,1,1,1
2008-07-14 10:45:00+00:00,30,7,10,265.9801025390625,203.52383422851562,0,0,0,0,0,0,0,0,0,0,0,0,0,0,0,1,1,0,0,0,0,0,0,0,0
2008-07-14 10:45:00+00:00,30,7,10,,87.5484848022461,0,0,0,0,0,0,0,0,0,0,0,0,0,0,0,0,0,0,0,0,0,0,0,0,0
2008-07-14 10:45:00+00:00,30,7,10,,126.856201171875,0,0,0,0,0,0,0,0,0,0,0,0,0,0,0,0,0,0,0,0,0,0,0,0,0
2008-07-14 10:45:00+00:00,30,7,10,362.34906005859375,381.3279724121094,0,0,0,0,0,0,0,0,0,0,0,0,0,0,0,0,0,0,0,0,0,0,0,0,0
2008-07-14 10:45:00+00:00,30,7,10,183.63523864746094,157.70350646972656,0,0,0,0,0,0,0,0,0,0,0,0,0,1,1,1,1,0,0,0,0,0,0,0,0
2008-07-14 10:45:00+00:00,30,7,10,62.53146743774414,37.54793930053711,0,0,0,0,0,0,0,0,1,1,1,1,1,1,1,1,1,0,0,0,0,0,1,1,1
2008-07-14 10:45:00+00:00,30,7,10,41.90808868408203,60.502769470214844,0,0,0,0,0,0,1,1,1,1,1,1,1,1,1,1,1,0,0,0,0,0,0,0,0
2008-07-14 10:45:00+00:00,30,7,10,136.914794921875,130.22914123535156,0,0,0,0,0,0,0,0,0,0,0,1,1,1,1,1,1,0,0,0,0,0,0,0,0
2008-07-14 10:45:00+00:00,30,7,10,126.49234008789062,133.92239379882812,0,0,0,0,0,0,0,0,0,0,0,1,1,1,1,1,1,0,0,0,0,0,0,0,0
2008-07-14 10:45:00+00:00,30,7,10,,,0,0,0,0,0,0,0,0,0,0,0,0,0,0,0,0,0,0,0,0,0,0,0,0,0
2008-07-14 11:00:00+00:00,30,7,11,,,0,0,0,0,0,0,0,0,0,0,0,0,0,0,0,0,0,0,0,0,0,0,0,0,0
2008-07-14 11:00:00+00:00,30,7,11,,367.16192626953125,0,0,0,0,0,0,0,0,0,0,0,0,0,0,0,0,0,0,0,0,0,0,0,0,0
2008-07-14 11:00:00+00:00,30,7,11,,348.83819580078125,0,0,0,0,0,0,0,0,0,0,0,0,0,0,0,0,0,0,0,0,0,0,0,0,0
2008-07-14 11:00:00+00:00,30,7,11,280.2827453613281,153.55845642089844,0,0,0,0,0,0,0,0,0,0,0,0,0,0,0,1,1,0,0,0,0,0,0,0,0
2008-07-14 11:00:00+00:00,30,7,11,,68.65542602539062,0,0,0,0,0,0,0,0,0,0,0,0,0,0,0,0,0,0,0,0,0,0,0,0,0
2008-07-14 11:00:00+00:00,30,7,11,,197.66770935058594,0,0,0,0,0,0,0,0,0,0,0,0,0,0,0,0,0,0,0,0,0,0,0,0,0
2008-07-14 11:00:00+00:00,30,7,11,451.64874267578125,477.201904296875,0,0,0,0,0,0,0,0,0,0,0,0,0,0,0,0,0,0,0,0,0,0,0,0,0
2008-07-14 11:00:00+00:00,30,7,11,308.6455078125,335.0695495605469,0,0,0,0,0,0,0,0,0,0,0,0,0,0,0,0,1,0,0,0,0,0,0,0,0
2008-07-14 11:00:00+00:00,30,7,11,479.47784423828125,,0,0,0,0,0,0,0,0,0,0,0,0,0,0,0,0,0,0,0,0,0,0,0,0,0
2008-07-14 11:00:00+00:00,30,7,11,105.34940338134766,72.87689971923828,0,0,0,0,0,0,0,0,0,0,1,1,1,1,1,1,1,0,0,0,0,0,0,0,0
2008-07-14 11:00:00+00:00,30,7,11,80.40853118896484,50.415382385253906,0,0,0,0,0,0,0,0,0,1,1,1,1,1,1,1,1,0,0,0,0,0,0,0,1
2008-07-14 11:00:00+00:00,30,7,11,224.6304473876953,193.0499267578125,0,0,0,0,0,0,0,0,0,0,0,0,0,0,1,1,1,0,0,0,0,0,0,0,0
2008-07-14 11:00:00+00:00,30,7,11,243.80381774902344,204.36585998535156,0,0,0,0,0,0,0,0,0,0,0,0,0,0,1,1,1,0,0,0,0,0,0,0,0
2008-07-14 11:00:00+00:00,30,7,11,,,0,0,0,0,0,0,0,0,0,0,0,0,0,0,0,0,0,0,0,0,0,0,0,0,0
2008-07-14 11:00:00+00:00,30,7,11,,,0,0,0,0,0,0,0,0,0,0,0,0,0,0,0,0,0,0,0,0,0,0,0,0,0
2008-07-14 11:15:00+00:00,30,7,11,370.2131652832031,396.31231689453125,0,0,0,0,0,0,0,0,0,0,0,0,0,0,0,0,0,0,0,0,0,0,0,0,0
2008-07-14 11:15:00+00:00,30,7,11,,,0,0,0,0,0,0,0,0,0,0,0,0,0,0,0,0,0,0,0,0,0,0,0,0,0
2008-07-14 11:15:00+00:00,30,7,11,179.1617889404297,166.39939880371094,0,0,0,0,0,0,0,0,0,0,0,0,1,1,1,1,1,0,0,0,0,0,0,0,0
2008-07-14 11:15:00+00:00,30,7,11,150.92196655273438,136.88182067871094,0,0,0,0,0,0,0,0,0,0,0,0,1,1,1,1,1,0,0,0,0,0,0,0,0
2008-07-14 11:15:00+00:00,30,7,11,261.79022216796875,284.1285400390625,0,0,0,0,0,0,0,0,0,0,0,0,0,0,0,1,1,0,0,0,0,0,0,0,0
2008-07-14 11:15:00+00:00,30,7,11,122.3410415649414,135.2019805908203,0,0,0,0,0,0,0,0,0,0,0,1,1,1,1,1,1,0,0,0,0,0,0,0,0
2008-07-14 11:15:00+00:00,30,7,11,218.0662384033203,201.05567932128906,0,0,0,0,0,0,0,0,0,0,0,0,0,0,1,1,1,0,0,0,0,0,0,0,0
2008-07-14 11:15:00+00:00,30,7,11,257.79522705078125,240.64077758789062,0,0,0,0,0,0,0,0,0,0,0,0,0,0,0,1,1,0,0,0,0,0,0,0,0
2008-07-14 11:15:00+00:00,30,7,11,156.71261596679688,173.69029235839844,0,0,0,0,0,0,0,0,0,0,0,0,1,1,1,1,1,0,0,0,0,0,0,0,0
2008-07-14 11:15:00+00:00,30,7,11,,,0,0,0,0,0,0,0,0,0,0,0,0,0,0,0,0,0,0,0,0,0,0,0,0,0
2008-07-14 11:15:00+00:00,30,7,11,,,0,0,0,0,0,0,0,0,0,0,0,0,0,0,0,0,0,0,0,0,0,0,0,0,0
2008-07-14 11:15:00+00:00,30,7,11,,,0,0,0,0,0,0,0,0,0,0,0,0,0,0,0,0,0,0,0,0,0,0,0,0,0
2008-07-14 11:15:00+00:00,30,7,11,,,0,0,0,0,0,0,0,0,0,0,0,0,0,0,0,0,0,0,0,0,0,0,0,0,0
2008-07-14 11:15:00+00:00,30,7,11,277.1163024902344,284.3339538574219,0,0,0,0,0,0,0,0,0,0,0,0,0,0,0,1,1,0,0,0,0,0,0,0,0
2008-07-14 11:15:00+00:00,30,7,11,428.4853515625,439.4974060058594,0,0,0,0,0,0,0,0,0,0,0,0,0,0,0,0,0,0,0,0,0,0,0,0,0
2008-07-14 11:15:00+00:00,30,7,11,,,0,0,0,0,0,0,0,0,0,0,0,0,0,0,0,0,0,0,0,0,0,0,0,0,0
2008-07-14 11:30:00+00:00,30,7,11,,,0,0,0,0,0,0,0,0,0,0,0,0,0,0,0,0,0,0,0,0,0,0,0,0,0
2008-07-14 11:30:00+00:00,30,7,11,214.2756805419922,,0,0,0,0,0,0,0,0,0,0,0,0,0,0,1,1,1,0,0,0,0,0,0,0,0
2008-07-14 11:30:00+00:00,30,7,11,168.2100067138672,265.6505432128906,0,0,0,0,0,0,0,0,0,0,0,0,1,1,1,1,1,0,0,0,0,0,0,0,0
2008-07-14 11:30:00+00:00,30,7,11,252.78726196289062,270.17010498046875,0,0,0,0,0,0,0,0,0,0,0,0,0,0,0,1,1,0,0,0,0,0,0,0,0
2008-07-14 11:30:00+00:00,30,7,11,,,0,0,0,0,0,0,0,0,0,0,0,0,0,0,0,0,0,0,0,0,0,0,0,0,0
2008-07-14 11:30:00+00:00,30,7,11,282.1345520019531,285.95806884765625,0,0,0,0,0,0,0,0,0,0,0,0,0,0,0,1,1,0,0,0,0,0,0,0,0
2008-07-14 11:30:00+00:00,30,7,11,240.81643676757812,237.1858673095703,0,0,0,0,0,0,0,0,0,0,0,0,0,0,1,1,1,0,0,0,0,0,0,0,0
2008-07-14 11:30:00+00:00,30,7,11,401.8175354003906,389.9839782714844,0,0,0,0,0,0,0,0,0,0,0,0,0,0,0,0,0,0,0,0,0,0,0,0,0
2008-07-14 11:30:00+00:00,30,7,11,263.7825622558594,281.0840148925781,0,0,0,0,0,0,0,0,0,0,0,0,0,0,0,1,1,0,0,0,0,0,0,0,0
2008-07-14 11:30:00+00:00,30,7,11,357.7397766113281,355.63360595703125,0,0,0,0,0,0,0,0,0,0,0,0,0,0,0,0,0,0,0,0,0,0,0,0,0
2008-07-14 11:30:00+00:00,30,7,11,231.51617431640625,218.84530639648438,0,0,0,0,0,0,0,0,0,0,0,0,0,0,1,1,1,0,0,0,0,0,0,0,0
2008-07-14 11:30:00+00:00,30,7,11,,,0,0,0,0,0,0,0,0,0,0,0,0,0,0,0,0,0,0,0,0,0,0,0,0,0
2008-07-14 11:30:00+00:00,30,7,11,133.8214111328125,106.8729019165039,0,0,0,0,0,0,0,0,0,0,0,1,1,1,1,1,1,0,0,0,0,0,0,0,0
2008-07-14 11:45:00+00:00,30,7,11,126.7202377319336,223.6981964111328,0,0,0,0,0,0,0,0,0,0,0,1,1,1,1,1,1,0,0,0,0,0,0,0,0
2008-07-14 11:45:00+00:00,30,7,11,269.4390869140625,291.39776611328125,0,0,0,0,0,0,0,0,0,0,0,0,0,0,0,1,1,0,0,0,0,0,0,0,0
2008-07-14 11:45:00+00:00,30,7,11,131.19271850585938,154.9055938720703,0,0,0,0,0,0,0,0,0,0,0,1,1,1,1,1,1,0,0,0,0,0,0,0,0
2008-07-14 11:45:00+00:00,30,7,11,195.99632263183594,198.0324249267578,0,0,0,0,0,0,0,0,0,0,0,0,0,1,1,1,1,0,0,0,0,0,0,0,0
2008-07-14 11:45:00+00:00,30,7,11,62.227298736572266,45.568077087402344,0,0,0,0,0,0,0,0,1,1,1,1,1,1,1,1,1,0,0,0,0,0,0,1,1
2008-07-14 11:45:00+00:00,30,7,11,,,0,0,0,0,0,0,0,0,0,0,0,0,0,0,0,0,0,0,0,0,0,0,0,0,0
2008-07-14 11:45:00+00:00,30,7,11,270.564208984375,232.8496551513672,0,0,0,0,0,0,0,0,0,0,0,0,0,0,0,1,1,0,0,0,0,0,0,0,0
2008-07-14 11:45:00+00:00,30,7,11,307.411376953125,309.74066162109375,0,0,0,0,0,0,0,0,0,0,0,0,0,0,0,0,1,0,0,0,0,0,0,0,0
2008-07-14 11:45:00+00:00,30,7,11,477.32025146484375,338.58392333984375,0,0,0,0,0,0,0,0,0,0,0,0,0,0,0,0,0,0,0,0,0,0,0,0,0
2008-07-14 11:45:00+00:00,30,7,11,460.0694274902344,366.8092956542969,0,0,0,0,0,0,0,0,0,0,0,0,0,0,0,0,0,0,0,0,0,0,0,0,0
2008-07-14 11:45:00+00:00,30,7,11,79.66996765136719,86.4684829711914,0,0,0,0,0,0,0,0,1,1,1,1,1,1,1,1,1,0,0,0,0,0,0,0,0
2008-07-14 11:45:00+00:00,30,7,11,130.4365997314453,113.31819152832031,0,0,0,0,0,0,0,0,0,0,0,1,1,1,1,1,1,0,0,0,0,0,0,0,0
2008-07-14 11:45:00+00:00,30,7,11,91.3203353881836,49.852073669433594,0,0,0,0,0,0,0,0,0,1,1,1,1,1,1,1,1,0,0,0,0,0,0,1,1
2008-07-14 11:45:00+00:00,30,7,11,87.27471923828125,28.26792335510254,0,0,0,0,0,0,0,0,0,1,1,1,1,1,1,1,1,0,0,0,0,1,1,1,1
2008-07-14 11:45:00+00:00,30,7,11,261.16827392578125,124.30597686767578,0,0,0,0,0,0,0,0,0,0,0,0,0,0,0,1,1,0,0,0,0,0,0,0,0
2008-07-14 11:45:00+00:00,30,7,11,,176.60513305664062,0,0,0,0,0,0,0,0,0,0,0,0,0,0,0,0,0,0,0,0,0,0,0,0,0
2008-07-14 12:00:00+00:00,30,7,12,,372.94464111328125,0,0,0,0,0,0,0,0,0,0,0,0,0,0,0,0,0,0,0,0,0,0,0,0,0
2008-07-14 12:00:00+00:00,30,7,12,,228.2839813232422,0,0,0,0,0,0,0,0,0,0,0,0,0,0,0,0,0,0,0,0,0,0,0,0,0
2008-07-14 12:00:00+00:00,30,7,12,,214.15855407714844,0,0,0,0,0,0,0,0,0,0,0,0,0,0,0,0,0,0,0,0,0,0,0,0,0
2008-07-14 12:00:00+00:00,30,7,12,197.39256286621094,208.60467529296875,0,0,0,0,0,0,0,0,0,0,0,0,0,1,1,1,1,0,0,0,0,0,0,0,0
2008-07-14 12:00:00+00:00,30,7,12,240.31228637695312,222.98097229003906,0,0,0,0,0,0,0,0,0,0,0,0,0,0,1,1,1,0,0,0,0,0,0,0,0
2008-07-14 12:00:00+00:00,30,7,12,,343.5047302246094,0,0,0,0,0,0,0,0,0,0,0,0,0,0,0,0,0,0,0,0,0,0,0,0,0
2008-07-14 12:00:00+00:00,30,7,12,,391.26129150390625,0,0,0,0,0,0,0,0,0,0,0,0,0,0,0,0,0,0,0,0,0,0,0,0,0
2008-07-14 12:00:00+00:00,30,7,12,228.66775512695312,190.6512908935547,0,0,0,0,0,0,0,0,0,0,0,0,0,0,1,1,1,0,0,0,0,0,0,0,0
2008-07-14 12:00:00+00:00,30,7,12,195.8324432373047,187.60508728027344,0,0,0,0,0,0,0,0,0,0,0,0,0,1,1,1,1,0,0,0,0,0,0,0,0
2008-07-14 12:00:00+00:00,30,7,12,401.12457275390625,211.39593505859375,0,0,0,0,0,0,0,0,0,0,0,0,0,0,0,0,0,0,0,0,0,0,0,0,0
2008-07-14 12:00:00+00:00,30,7,12,187.83480834960938,185.0593719482422,0,0,0,0,0,0,0,0,0,0,0,0,0,1,1,1,1,0,0,0,0,0,0,0,0
2008-07-14 12:00:00+00:00,30,7,12,,500.2497863769531,0,0,0,0,0,0,0,0,0,0,0,0,0,0,0,0,0,0,0,0,0,0,0,0,0
2008-07-14 12:00:00+00:00,30,7,12,,,0,0,0,0,0,0,0,0,0,0,0,0,0,0,0,0,0,0,0,0,0,0,0,0,0
2008-07-14 12:00:00+00:00,30,7,12,,,0,0,0,0,0,0,0,0,0,0,0,0,0,0,0,0,0,0,0,0,0,0,0,0,0
2008-07-14 12:00:00+00:00,30,7,12,,419.09405517578125,0,0,0,0,0,0,0,0,0,0,0,0,0,0,0,0,0,0,0,0,0,0,0,0,0
2008-07-14 12:00:00+00:00,30,7,12,249.99093627929688,166.68690490722656,0,0,0,0,0,0,0,0,0,0,0,0,0,0,1,1,1,0,0,0,0,0,0,0,0
2008-07-14 12:00:00+00:00,30,7,12,,,0,0,0,0,0,0,0,0,0,0,0,0,0,0,0,0,0,0,0,0,0,0,0,0,0
2008-07-14 12:00:00+00:00,30,7,12,,,0,0,0,0,0,0,0,0,0,0,0,0,0,0,0,0,0,0,0,0,0,0,0,0,0
2008-07-14 12:15:00+00:00,30,7,12,,228.17584228515625,0,0,0,0,0,0,0,0,0,0,0,0,0,0,0,0,0,0,0,0,0,0,0,0,0
2008-07-14 12:15:00+00:00,30,7,12,385.0093994140625,377.7409362792969,0,0,0,0,0,0,0,0,0,0,0,0,0,0,0,0,0,0,0,0,0,0,0,0,0
2008-07-14 12:15:00+00:00,30,7,12,337.20379638671875,311.0355224609375,0,0,0,0,0,0,0,0,0,0,0,0,0,0,0,0,1,0,0,0,0,0,0,0,0
2008-07-14 12:15:00+00:00,30,7,12,210.06796264648438,218.75592041015625,0,0,0,0,0,0,0,0,0,0,0,0,0,0,1,1,1,0,0,0,0,0,0,0,0
2008-07-14 12:15:00+00:00,30,7,12,300.31494140625,289.29833984375,0,0,0,0,0,0,0,0,0,0,0,0,0,0,0,0,1,0,0,0,0,0,0,0,0
2008-07-14 12:15:00+00:00,30,7,12,,,0,0,0,0,0,0,0,0,0,0,0,0,0,0,0,0,0,0,0,0,0,0,0,0,0
2008-07-14 12:15:00+00:00,30,7,12,479.634765625,331.6205749511719,0,0,0,0,0,0,0,0,0,0,0,0,0,0,0,0,0,0,0,0,0,0,0,0,0
2008-07-14 12:15:00+00:00,30,7,12,143.18865966796875,92.32574462890625,0,0,0,0,0,0,0,0,0,0,0,1,1,1,1,1,1,0,0,0,0,0,0,0,0
2008-07-14 12:15:00+00:00,30,7,12,,,0,0,0,0,0,0,0,0,0,0,0,0,0,0,0,0,0,0,0,0,0,0,0,0,0
2008-07-14 12:15:00+00:00,30,7,12,,,0,0,0,0,0,0,0,0,0,0,0,0,0,0,0,0,0,0,0,0,0,0,0,0,0
2008-07-14 12:30:00+00:00,30,7,12,,,0,0,0,0,0,0,0,0,0,0,0,0,0,0,0,0,0,0,0,0,0,0,0,0,0
2008-07-14 12:30:00+00:00,30,7,12,327.56365966796875,205.80043029785156,0,0,0,0,0,0,0,0,0,0,0,0,0,0,0,0,1,0,0,0,0,0,0,0,0
2008-07-14 12:30:00+00:00,30,7,12,,212.7495574951172,0,0,0,0,0,0,0,0,0,0,0,0,0,0,0,0,0,0,0,0,0,0,0,0,0
2008-07-14 12:30:00+00:00,30,7,12,188.247314453125,108.4117660522461,0,0,0,0,0,0,0,0,0,0,0,0,0,1,1,1,1,0,0,0,0,0,0,0,0
2008-07-14 12:30:00+00:00,30,7,12,305.47821044921875,3.086841583251953,0,0,0,0,0,0,0,0,0,0,0,0,0,0,0,0,1,1,1,1,1,1,1,1,1
2008-07-14 12:30:00+00:00,30,7,12,179.9811248779297,188.1116485595703,0,0,0,0,0,0,0,0,0,0,0,0,1,1,1,1,1,0,0,0,0,0,0,0,0
2008-07-14 12:30:00+00:00,30,7,12,90.3004379272461,71.70758819580078,0,0,0,0,0,0,0,0,0,1,1,1,1,1,1,1,1,0,0,0,0,0,0,0,0
2008-07-14 12:30:00+00:00,30,7,12,96.44007873535156,107.52999877929688,0,0,0,0,0,0,0,0,0,1,1,1,1,1,1,1,1,0,0,0,0,0,0,0,0
2008-07-14 12:30:00+00:00,30,7,12,257.9444274902344,269.33087158203125,0,0,0,0,0,0,0,0,0,0,0,0,0,0,0,1,1,0,0,0,0,0,0,0,0
2008-07-14 12:30:00+00:00,30,7,12,296.6576232910156,290.36761474609375,0,0,0,0,0,0,0,0,0,0,0,0,0,0,0,1,1,0,0,0,0,0,0,0,0
2008-07-14 12:30:00+00:00,30,7,12,296.7600402832031,274.87408447265625,0,0,0,0,0,0,0,0,0,0,0,0,0,0,0,1,1,0,0,0,0,0,0,0,0
2008-07-14 12:30:00+00:00,30,7,12,148.99453735351562,124.48408508300781,0,0,0,0,0,0,0,0,0,0,0,1,1,1,1,1,1,0,0,0,0,0,0,0,0
2008-07-14 12:30:00+00:00,30,7,12,271.74798583984375,270.2420959472656,0,0,0,0,0,0,0,0,0,0,0,0,0,0,0,1,1,0,0,0,0,0,0,0,0
2008-07-14 12:30:00+00:00,30,7,12,309.62139892578125,318.1541748046875,0,0,0,0,0,0,0,0,0,0,0,0,0,0,0,0,1,0,0,0,0,0,0,0,0
2008-07-14 12:30:00+00:00,30,7,12,,,0,0,0,0,0,0,0,0,0,0,0,0,0,0,0,0,0,0,0,0,0,0,0,0,0
2008-07-14 12:30:00+00:00,30,7,12,,,0,0,0,0,0,0,0,0,0,0,0,0,0,0,0,0,0,0,0,0,0,0,0,0,0
2008-07-14 12:30:00+00:00,30,7,12,,,0,0,0,0,0,0,0,0,0,0,0,0,0,0,0,0,0,0,0,0,0,0,0,0,0
2008-07-14 12:30:00+00:00,30,7,12,,,0,0,0,0,0,0,0,0,0,0,0,0,0,0,0,0,0,0,0,0,0,0,0,0,0
2008-07-14 12:45:00+00:00,30,7,12,,37.401512145996094,0,0,0,0,0,0,0,0,0,0,0,0,0,0,0,0,0,0,0,0,0,0,1,1,1
2008-07-14 12:45:00+00:00,30,7,12,366.8035583496094,,0,0,0,0,0,0,0,0,0,0,0,0,0,0,0,0,0,0,0,0,0,0,0,0,0
2008-07-14 12:45:00+00:00,30,7,12,224.39552307128906,500.29058837890625,0,0,0,0,0,0,0,0,0,0,0,0,0,0,1,1,1,0,0,0,0,0,0,0,0
2008-07-14 12:45:00+00:00,30,7,12,166.65533447265625,149.2980194091797,0,0,0,0,0,0,0,0,0,0,0,0,1,1,1,1,1,0,0,0,0,0,0,0,0
2008-07-14 12:45:00+00:00,30,7,12,107.58731079101562,124.27574920654297,0,0,0,0,0,0,0,0,0,0,1,1,1,1,1,1,1,0,0,0,0,0,0,0,0
2008-07-14 12:45:00+00:00,30,7,12,365.3995666503906,281.8353271484375,0,0,0,0,0,0,0,0,0,0,0,0,0,0,0,0,0,0,0,0,0,0,0,0,0
2008-07-14 12:45:00+00:00,30,7,12,,177.68080139160156,0,0,0,0,0,0,0,0,0,0,0,0,0,0,0,0,0,0,0,0,0,0,0,0,0
2008-07-14 12:45:00+00:00,30,7,12,342.80975341796875,27.988222122192383,0,0,0,0,0,0,0,0,0,0,0,0,0,0,0,0,1,0,0,0,0,1,1,1,1
2008-07-14 12:45:00+00:00,30,7,12,304.8960266113281,18.64854621887207,0,0,0,0,0,0,0,0,0,0,0,0,0,0,0,0,1,0,0,1,1,1,1,1,1
2008-07-14 12:45:00+00:00,30,7,12,342.1020202636719,115.44720458984375,0,0,0,0,0,0,0,0,0,0,0,0,0,0,0,0,1,0,0,0,0,0,0,0,0
2008-07-14 12:45:00+00:00,30,7,12,208.4178466796875,223.7755584716797,0,0,0,0,0,0,0,0,0,0,0,0,0,0,1,1,1,0,0,0,0,0,0,0,0
2008-07-14 12:45:00+00:00,30,7,12,286.2288818359375,182.16891479492188,0,0,0,0,0,0,0,0,0,0,0,0,0,0,0,1,1,0,0,0,0,0,0,0,0
2008-07-14 12:45:00+00:00,30,7,12,237.14427185058594,201.75143432617188,0,0,0,0,0,0,0,0,0,0,0,0,0,0,1,1,1,0,0,0,0,0,0,0,0
2008-07-14 12:45:00+00:00,30,7,12,138.49240112304688,197.02584838867188,0,0,0,0,0,0,0,0,0,0,0,1,1,1,1,1,1,0,0,0,0,0,0,0,0
2008-07-14 12:45:00+00:00,30,7,12,,3.519702434539795,0,0,0,0,0,0,0,0,0,0,0,0,0,0,0,0,0,1,1,1,1,1,1,1,1
2008-07-14 12:45:00+00:00,30,7,12,604.8444213867188,79.04385375976562,0,0,0,0,0,0,0,0,0,0,0,0,0,0,0,0,0,0,0,0,0,0,0,0,0
2008-07-14 12:45:00+00:00,30,7,12,,,0,0,0,0,0,0,0,0,0,0,0,0,0,0,0,0,0,0,0,0,0,0,0,0,0
2008-07-14 13:00:00+00:00,30,7,13,,273.58782958984375,0,0,0,0,0,0,0,0,0,0,0,0,0,0,0,0,0,0,0,0,0,0,0,0,0
2008-07-14 13:00:00+00:00,30,7,13,,6.136296272277832,0,0,0,0,0,0,0,0,0,0,0,0,0,0,0,0,0,1,1,1,1,1,1,1,1
2008-07-14 13:00:00+00:00,30,7,13,,3.0692551136016846,0,0,0,0,0,0,0,0,0,0,0,0,0,0,0,0,0,1,1,1,1,1,1,1,1
2008-07-14 13:00:00+00:00,30,7,13,123.88109588623047,98.22709655761719,0,0,0,0,0,0,0,0,0,0,0,1,1,1,1,1,1,0,0,0,0,0,0,0,0
2008-07-14 13:00:00+00:00,30,7,13,317.5901184082031,299.3468933105469,0,0,0,0,0,0,0,0,0,0,0,0,0,0,0,0,1,0,0,0,0,0,0,0,0
2008-07-14 13:00:00+00:00,30,7,13,189.53848266601562,59.41185760498047,0,0,0,0,0,0,0,0,0,0,0,0,0,1,1,1,1,0,0,0,0,0,0,0,1
2008-07-14 13:00:00+00:00,30,7,13,106.74639892578125,89.9163589477539,0,0,0,0,0,0,0,0,0,0,1,1,1,1,1,1,1,0,0,0,0,0,0,0,0
2008-07-14 13:00:00+00:00,30,7,13,281.2703857421875,283.8933410644531,0,0,0,0,0,0,0,0,0,0,0,0,0,0,0,1,1,0,0,0,0,0,0,0,0
2008-07-14 13:00:00+00:00,30,7,13,116.38186645507812,139.3662872314453,0,0,0,0,0,0,0,0,0,0,1,1,1,1,1,1,1,0,0,0,0,0,0,0,0
2008-07-14 13:00:00+00:00,30,7,13,157.33970642089844,14.709651947021484,0,0,0,0,0,0,0,0,0,0,0,0,1,1,1,1,1,0,1,1,1,1,1,1,1
2008-07-14 13:00:00+00:00,30,7,13,76.38060760498047,83.77527618408203,0,0,0,0,0,0,0,0,1,1,1,1,1,1,1,1,1,0,0,0,0,0,0,0,0
2008-07-14 13:00:00+00:00,30,7,13,37.16318893432617,28.585786819458008,0,0,0,0,0,1,1,1,1,1,1,1,1,1,1,1,1,0,0,0,0,1,1,1,1
2008-07-14 13:00:00+00:00,30,7,13,,220.85321044921875,0,0,0,0,0,0,0,0,0,0,0,0,0,0,0,0,0,0,0,0,0,0,0,0,0
2008-07-14 13:15:00+00:00,30,7,13,,0.0,0,0,0,0,0,0,0,0,0,0,0,0,0,0,0,0,0,1,1,1,1,1,1,1,1
2008-07-14 13:15:00+00:00,30,7,13,83.79378509521484,286.9424133300781,0,0,0,0,0,0,0,0,0,1,1,1,1,1,1,1,1,0,0,0,0,0,0,0,0
2008-07-14 13:15:00+00:00,30,7,13,235.95425415039062,313.21405029296875,0,0,0,0,0,0,0,0,0,0,0,0,0,0,1,1,1,0,0,0,0,0,0,0,0
2008-07-14 13:15:00+00:00,30,7,13,,0.0,0,0,0,0,0,0,0,0,0,0,0,0,0,0,0,0,0,1,1,1,1,1,1,1,1
2008-07-14 13:15:00+00:00,30,7,13,157.40176391601562,195.93728637695312,0,0,0,0,0,0,0,0,0,0,0,0,1,1,1,1,1,0,0,0,0,0,0,0,0
2008-07-14 13:15:00+00:00,30,7,13,188.77919006347656,227.3018035888672,0,0,0,0,0,0,0,0,0,0,0,0,0,1,1,1,1,0,0,0,0,0,0,0,0
2008-07-14 13:15:00+00:00,30,7,13,165.53932189941406,155.77593994140625,0,0,0,0,0,0,0,0,0,0,0,0,1,1,1,1,1,0,0,0,0,0,0,0,0
2008-07-14 13:15:00+00:00,30,7,13,233.6612548828125,226.9242401123047,0,0,0,0,0,0,0,0,0,0,0,0,0,0,1,1,1,0,0,0,0,0,0,0,0
2008-07-14 13:15:00+00:00,30,7,13,,,0,0,0,0,0,0,0,0,0,0,0,0,0,0,0,0,0,0,0,0,0,0,0,0,0
2008-07-14 13:15:00+00:00,30,7,13,207.3004608154297,222.9585418701172,0,0,0,0,0,0,0,0,0,0,0,0,0,0,1,1,1,0,0,0,0,0,0,0,0
2008-07-14 13:15:00+00:00,30,7,13,81.1210708618164,62.62443542480469,0,0,0,0,0,0,0,0,0,1,1,1,1,1,1,1,1,0,0,0,0,0,0,0,0
2008-07-14 13:15:00+00:00,30,7,13,52.24560546875,32.487606048583984,0,0,0,0,0,0,0,1,1,1,1,1,1,1,1,1,1,0,0,0,0,0,1,1,1
2008-07-14 13:15:00+00:00,30,7,13,215.01766967773438,105.97530364990234,0,0,0,0,0,0,0,0,0,0,0,0,0,0,1,1,1,0,0,0,0,0,0,0,0
2008-07-14 13:15:00+00:00,30,7,13,107.10431671142578,56.77325439453125,0,0,0,0,0,0,0,0,0,0,1,1,1,1,1,1,1,0,0,0,0,0,0,0,1
2008-07-14 13:15:00+00:00,30,7,13,300.8043212890625,271.6302185058594,0,0,0,0,0,0,0,0,0,0,0,0,0,0,0,0,1,0,0,0,0,0,0,0,0
2008-07-14 13:15:00+00:00,30,7,13,423.49505615234375,439.6839904785156,0,0,0,0,0,0,0,0,0,0,0,0,0,0,0,0,0,0,0,0,0,0,0,0,0
2008-07-14 13:15:00+00:00,30,7,13,67.27468872070312,42.44553756713867,0,0,0,0,0,0,0,0,1,1,1,1,1,1,1,1,1,0,0,0,0,0,0,1,1
2008-07-14 13:15:00+00:00,30,7,13,,,0,0,0,0,0,0,0,0,0,0,0,0,0,0,0,0,0,0,0,0,0,0,0,0,0
2008-07-14 13:15:00+00:00,30,7,13,,,0,0,0,0,0,0,0,0,0,0,0,0,0,0,0,0,0,0,0,0,0,0,0,0,0
2008-07-14 13:30:00+00:00,30,7,13,,158.30526733398438,0,0,0,0,0,0,0,0,0,0,0,0,0,0,0,0,0,0,0,0,0,0,0,0,0
2008-07-14 13:30:00+00:00,30,7,13,193.69058227539062,179.26718139648438,0,0,0,0,0,0,0,0,0,0,0,0,0,1,1,1,1,0,0,0,0,0,0,0,0
2008-07-14 13:30:00+00:00,30,7,13,222.96910095214844,207.87652587890625,0,0,0,0,0,0,0,0,0,0,0,0,0,0,1,1,1,0,0,0,0,0,0,0,0
2008-07-14 13:30:00+00:00,30,7,13,85.52153015136719,104.18343353271484,0,0,0,0,0,0,0,0,0,1,1,1,1,1,1,1,1,0,0,0,0,0,0,0,0
2008-07-14 13:30:00+00:00,30,7,13,277.8292541503906,186.66348266601562,0,0,0,0,0,0,0,0,0,0,0,0,0,0,0,1,1,0,0,0,0,0,0,0,0
2008-07-14 13:30:00+00:00,30,7,13,104.27137756347656,107.94475555419922,0,0,0,0,0,0,0,0,0,0,1,1,1,1,1,1,1,0,0,0,0,0,0,0,0
2008-07-14 13:30:00+00:00,30,7,13,227.71331787109375,210.59005737304688,0,0,0,0,0,0,0,0,0,0,0,0,0,0,1,1,1,0,0,0,0,0,0,0,0
2008-07-14 13:30:00+00:00,30,7,13,269.6025085449219,248.250244140625,0,0,0,0,0,0,0,0,0,0,0,0,0,0,0,1,1,0,0,0,0,0,0,0,0
2008-07-14 13:30:00+00:00,30,7,13,327.7211608886719,307.2253112792969,0,0,0,0,0,0,0,0,0,0,0,0,0,0,0,0,1,0,0,0,0,0,0,0,0
2008-07-14 13:30:00+00:00,30,7,13,311.25433349609375,256.8834228515625,0,0,0,0,0,0,0,0,0,0,0,0,0,0,0,0,1,0,0,0,0,0,0,0,0
2008-07-14 13:30:00+00:00,30,7,13,436.6668701171875,413.64068603515625,0,0,0,0,0,0,0,0,0,0,0,0,0,0,0,0,0,0,0,0,0,0,0,0,0
2008-07-14 13:30:00+00:00,30,7,13,290.8636779785156,304.5227355957031,0,0,0,0,0,0,0,0,0,0,0,0,0,0,0,1,1,0,0,0,0,0,0,0,0
2008-07-14 13:30:00+00:00,30,7,13,279.8769836425781,0.0,0,0,0,0,0,0,0,0,0,0,0,0,0,0,0,1,1,1,1,1,1,1,1,1,1
2008-07-14 13:30:00+00:00,30,7,13,,,0,0,0,0,0,0,0,0,0,0,0,0,0,0,0,0,0,0,0,0,0,0,0,0,0
2008-07-14 13:30:00+00:00,30,7,13,,,0,0,0,0,0,0,0,0,0,0,0,0,0,0,0,0,0,0,0,0,0,0,0,0,0
2008-07-14 13:30:00+00:00,30,7,13,72.8913803100586,94.60636138916016,0,0,0,0,0,0,0,0,1,1,1,1,1,1,1,1,1,0,0,0,0,0,0,0,0
2008-07-14 13:30:00+00:00,30,7,13,128.93478393554688,148.68991088867188,0,0,0,0,0,0,0,0,0,0,0,1,1,1,1,1,1,0,0,0,0,0,0,0,0
2008-07-14 13:30:00+00:00,30,7,13,54.241981506347656,71.58980560302734,0,0,0,0,0,0,0,1,1,1,1,1,1,1,1,1,1,0,0,0,0,0,0,0,0
2008-07-14 13:30:00+00:00,30,7,13,396.1000671386719,0.0,0,0,0,0,0,0,0,0,0,0,0,0,0,0,0,0,0,1,1,1,1,1,1,1,1
2008-07-14 13:30:00+00:00,30,7,13,107.45945739746094,104.33767700195312,0,0,0,0,0,0,0,0,0,0,1,1,1,1,1,1,1,0,0,0,0,0,0,0,0
2008-07-14 13:30:00+00:00,30,7,13,157.4294891357422,148.55810546875,0,0,0,0,0,0,0,0,0,0,0,0,1,1,1,1,1,0,0,0,0,0,0,0,0
2008-07-14 13:30:00+00:00,30,7,13,,,0,0,0,0,0,0,0,0,0,0,0,0,0,0,0,0,0,0,0,0,0,0,0,0,0
2008-07-14 13:45:00+00:00,30,7,13,193.48965454101562,103.60912322998047,0,0,0,0,0,0,0,0,0,0,0,0,0,1,1,1,1,0,0,0,0,0,0,0,0
2008-07-14 13:45:00+00:00,30,7,13,266.10894775390625,138.20999145507812,0,0,0,0,0,0,0,0,0,0,0,0,0,0,0,1,1,0,0,0,0,0,0,0,0
2008-07-14 13:45:00+00:00,30,7,13,,,0,0,0,0,0,0,0,0,0,0,0,0,0,0,0,0,0,0,0,0,0,0,0,0,0
2008-07-14 13:45:00+00:00,30,7,13,212.8081817626953,202.40696716308594,0,0,0,0,0,0,0,0,0,0,0,0,0,0,1,1,1,0,0,0,0,0,0,0,0
2008-07-14 13:45:00+00:00,30,7,13,126.43538665771484,68.3038558959961,0,0,0,0,0,0,0,0,0,0,0,1,1,1,1,1,1,0,0,0,0,0,0,0,0
2008-07-14 13:45:00+00:00,30,7,13,74.40628051757812,34.42577362060547,0,0,0,0,0,0,0,0,1,1,1,1,1,1,1,1,1,0,0,0,0,0,1,1,1
2008-07-14 13:45:00+00:00,30,7,13,119.5921401977539,0.0,0,0,0,0,0,0,0,0,0,0,1,1,1,1,1,1,1,1,1,1,1,1,1,1,1
2008-07-14 13:45:00+00:00,30,7,13,464.5525817871094,232.38568115234375,0,0,0,0,0,0,0,0,0,0,0,0,0,0,0,0,0,0,0,0,0,0,0,0,0
2008-07-14 13:45:00+00:00,30,7,13,,275.8643798828125,0,0,0,0,0,0,0,0,0,0,0,0,0,0,0,0,0,0,0,0,0,0,0,0,0
2008-07-14 13:45:00+00:00,30,7,13,182.0638427734375,161.59400939941406,0,0,0,0,0,0,0,0,0,0,0,0,0,1,1,1,1,0,0,0,0,0,0,0,0
2008-07-14 13:45:00+00:00,30,7,13,231.58639526367188,3.1269967555999756,0,0,0,0,0,0,0,0,0,0,0,0,0,0,1,1,1,1,1,1,1,1,1,1,1
2008-07-14 13:45:00+00:00,30,7,13,200.05369567871094,13.52781867980957,0,0,0,0,0,0,0,0,0,0,0,0,0,0,1,1,1,0,1,1,1,1,1,1,1
2008-07-14 13:45:00+00:00,30,7,13,243.25845336914062,0.0,0,0,0,0,0,0,0,0,0,0,0,0,0,0,1,1,1,1,1,1,1,1,1,1,1
2008-07-14 13:45:00+00:00,30,7,13,397.2612609863281,6.353064060211182,0,0,0,0,0,0,0,0,0,0,0,0,0,0,0,0,0,1,1,1,1,1,1,1,1
2008-07-14 13:45:00+00:00,30,7,13,121.34273529052734,170.4472198486328,0,0,0,0,0,0,0,0,0,0,0,1,1,1,1,1,1,0,0,0,0,0,0,0,0
2008-07-14 13:45:00+00:00,30,7,13,476.3463439941406,430.495361328125,0,0,0,0,0,0,0,0,0,0,0,0,0,0,0,0,0,0,0,0,0,0,0,0,0
2008-07-14 14:00:00+00:00,30,7,14,200.0319061279297,89.62268829345703,0,0,0,0,0,0,0,0,0,0,0,0,0,0,1,1,1,0,0,0,0,0,0,0,0
2008-07-14 14:00:00+00:00,30,7,14,117.76274108886719,65.23631286621094,0,0,0,0,0,0,0,0,0,0,1,1,1,1,1,1,1,0,0,0,0,0,0,0,0
2008-07-14 14:00:00+00:00,30,7,14,74.59857940673828,98.062255859375,0,0,0,0,0,0,0,0,1,1,1,1,1,1,1,1,1,0,0,0,0,0,0,0,0
2008-07-14 14:00:00+00:00,30,7,14,140.7405242919922,140.7405242919922,0,0,0,0,0,0,0,0,0,0,0,1,1,1,1,1,1,0,0,0,0,0,0,0,0
2008-07-14 14:00:00+00:00,30,7,14,409.53265380859375,363.2969055175781,0,0,0,0,0,0,0,0,0,0,0,0,0,0,0,0,0,0,0,0,0,0,0,0,0
2008-07-14 14:00:00+00:00,30,7,14,318.5747985839844,313.3161926269531,0,0,0,0,0,0,0,0,0,0,0,0,0,0,0,0,1,0,0,0,0,0,0,0,0
2008-07-14 14:15:00+00:00,30,7,14,,229.7367706298828,0,0,0,0,0,0,0,0,0,0,0,0,0,0,0,0,0,0,0,0,0,0,0,0,0
2008-07-14 14:15:00+00:00,30,7,14,140.68319702148438,157.35824584960938,0,0,0,0,0,0,0,0,0,0,0,1,1,1,1,1,1,0,0,0,0,0,0,0,0
2008-07-14 14:15:00+00:00,30,7,14,45.851070404052734,83.31881713867188,0,0,0,0,0,0,1,1,1,1,1,1,1,1,1,1,1,0,0,0,0,0,0,0,0
2008-07-14 14:15:00+00:00,30,7,14,114.67561340332031,6.173996925354004,0,0,0,0,0,0,0,0,0,0,1,1,1,1,1,1,1,1,1,1,1,1,1,1,1
2008-07-14 14:15:00+00:00,30,7,14,152.22842407226562,112.5972900390625,0,0,0,0,0,0,0,0,0,0,0,0,1,1,1,1,1,0,0,0,0,0,0,0,0
2008-07-14 14:15:00+00:00,30,7,14,63.318519592285156,88.38433837890625,0,0,0,0,0,0,0,0,1,1,1,1,1,1,1,1,1,0,0,0,0,0,0,0,0
2008-07-14 14:15:00+00:00,30,7,14,253.29689025878906,91.35440826416016,0,0,0,0,0,0,0,0,0,0,0,0,0,0,0,1,1,0,0,0,0,0,0,0,0
2008-07-14 14:15:00+00:00,30,7,14,65.18388366699219,4.329826354980469,0,0,0,0,0,0,0,0,1,1,1,1,1,1,1,1,1,1,1,1,1,1,1,1,1
2008-07-14 14:15:00+00:00,30,7,14,96.55864715576172,94.50763702392578,0,0,0,0,0,0,0,0,0,1,1,1,1,1,1,1,1,0,0,0,0,0,0,0,0
2008-07-14 14:15:00+00:00,30,7,14,318.60980224609375,307.9183349609375,0,0,0,0,0,0,0,0,0,0,0,0,0,0,0,0,1,0,0,0,0,0,0,0,0
2008-07-14 14:15:00+00:00,30,7,14,28.52582359313965,38.47916793823242,0,0,0,0,1,1,1,1,1,1,1,1,1,1,1,1,1,0,0,0,0,0,1,1,1
2008-07-14 14:15:00+00:00,30,7,14,75.07759857177734,0.0,0,0,0,0,0,0,0,0,1,1,1,1,1,1,1,1,1,1,1,1,1,1,1,1,1
2008-07-14 14:15:00+00:00,30,7,14,113.06165313720703,130.2501220703125,0,0,0,0,0,0,0,0,0,0,1,1,1,1,1,1,1,0,0,0,0,0,0,0,0
2008-07-14 14:15:00+00:00,30,7,14,92.23274230957031,96.45264434814453,0,0,0,0,0,0,0,0,0,1,1,1,1,1,1,1,1,0,0,0,0,0,0,0,0
2008-07-14 14:15:00+00:00,30,7,14,238.16387939453125,227.9449005126953,0,0,0,0,0,0,0,0,0,0,0,0,0,0,1,1,1,0,0,0,0,0,0,0,0
2008-07-14 14:15:00+00:00,30,7,14,,,0,0,0,0,0,0,0,0,0,0,0,0,0,0,0,0,0,0,0,0,0,0,0,0,0
2008-07-14 14:30:00+00:00,30,7,14,265.8382263183594,267.67962646484375,0,0,0,0,0,0,0,0,0,0,0,0,0,0,0,1,1,0,0,0,0,0,0,0,0
2008-07-14 14:30:00+00:00,30,7,14,66.22134399414062,43.077842712402344,0,0,0,0,0,0,0,0,1,1,1,1,1,1,1,1,1,0,0,0,0,0,0,1,1
2008-07-14 14:30:00+00:00,30,7,14,,,0,0,0,0,0,0,0,0,0,0,0,0,0,0,0,0,0,0,0,0,0,0,0,0,0
2008-07-14 14:30:00+00:00,30,7,14,63.39744186401367,33.10844039916992,0,0,0,0,0,0,0,0,1,1,1,1,1,1,1,1,1,0,0,0,0,0,1,1,1
2008-07-14 14:30:00+00:00,30,7,14,333.28131103515625,303.7731628417969,0,0,0,0,0,0,0,0,0,0,0,0,0,0,0,0,1,0,0,0,0,0,0,0,0
2008-07-14 14:30:00+00:00,30,7,14,177.7428436279297,155.60684204101562,0,0,0,0,0,0,0,0,0,0,0,0,1,1,1,1,1,0,0,0,0,0,0,0,0
2008-07-14 14:30:00+00:00,30,7,14,354.9656982421875,143.41259765625,0,0,0,0,0,0,0,0,0,0,0,0,0,0,0,0,0,0,0,0,0,0,0,0,0
2008-07-14 14:30:00+00:00,30,7,14,87.82807159423828,75.6809310913086,0,0,0,0,0,0,0,0,0,1,1,1,1,1,1,1,1,0,0,0,0,0,0,0,0
2008-07-14 14:30:00+00:00,30,7,14,157.61195373535156,84.86534118652344,0,0,0,0,0,0,0,0,0,0,0,0,1,1,1,1,1,0,0,0,0,0,0,0,0
2008-07-14 14:30:00+00:00,30,7,14,113.95262145996094,30.848844528198242,0,0,0,0,0,0,0,0,0,0,1,1,1,1,1,1,1,0,0,0,0,0,1,1,1
2008-07-14 14:30:00+00:00,30,7,14,31.086637496948242,0.0,0,0,0,0,0,1,1,1,1,1,1,1,1,1,1,1,1,1,1,1,1,1,1,1,1
2008-07-14 14:30:00+00:00,30,7,14,46.43463897705078,49.3313102722168,0,0,0,0,0,0,1,1,1,1,1,1,1,1,1,1,1,0,0,0,0,0,0,1,1
2008-07-14 14:30:00+00:00,30,7,14,146.26109313964844,132.76116943359375,0,0,0,0,0,0,0,0,0,0,0,1,1,1,1,1,1,0,0,0,0,0,0,0,0
2008-07-14 14:30:00+00:00,30,7,14,299.14752197265625,303.2200622558594,0,0,0,0,0,0,0,0,0,0,0,0,0,0,0,1,1,0,0,0,0,0,0,0,0
2008-07-14 14:30:00+00:00,30,7,14,,297.0782165527344,0,0,0,0,0,0,0,0,0,0,0,0,0,0,0,0,0,0,0,0,0,0,0,0,0
2008-07-14 14:45:00+00:00,30,7,14,40.164058685302734,29.287174224853516,0,0,0,0,0,0,1,1,1,1,1,1,1,1,1,1,1,0,0,0,0,1,1,1,1
2008-07-14 14:45:00+00:00,30,7,14,191.65139770507812,188.25811767578125,0,0,0,0,0,0,0,0,0,0,0,0,0,1,1,1,1,0,0,0,0,0,0,0,0
2008-07-14 14:45:00+00:00,30,7,14,105.17485046386719,200.31407165527344,0,0,0,0,0,0,0,0,0,0,1,1,1,1,1,1,1,0,0,0,0,0,0,0,0
2008-07-14 14:45:00+00:00,30,7,14,192.88882446289062,238.30477905273438,0,0,0,0,0,0,0,0,0,0,0,0,0,1,1,1,1,0,0,0,0,0,0,0,0
2008-07-14 14:45:00+00:00,30,7,14,147.91246032714844,165.79486083984375,0,0,0,0,0,0,0,0,0,0,0,1,1,1,1,1,1,0,0,0,0,0,0,0,0
2008-07-14 14:45:00+00:00,30,7,14,362.43341064453125,369.5003967285156,0,0,0,0,0,0,0,0,0,0,0,0,0,0,0,0,0,0,0,0,0,0,0,0,0
2008-07-14 14:45:00+00:00,30,7,14,201.3033905029297,223.0579833984375,0,0,0,0,0,0,0,0,0,0,0,0,0,0,1,1,1,0,0,0,0,0,0,0,0
2008-07-14 14:45:00+00:00,30,7,14,75.76725769042969,6.789915561676025,0,0,0,0,0,0,0,0,1,1,1,1,1,1,1,1,1,1,1,1,1,1,1,1,1
2008-07-14 14:45:00+00:00,30,7,14,120.87815856933594,42.765743255615234,0,0,0,0,0,0,0,0,0,0,0,1,1,1,1,1,1,0,0,0,0,0,0,1,1
2008-07-14 14:45:00+00:00,30,7,14,171.90121459960938,173.4573211669922,0,0,0,0,0,0,0,0,0,0,0,0,1,1,1,1,1,0,0,0,0,0,0,0,0
2008-07-14 14:45:00+00:00,30,7,14,255.97891235351562,240.26083374023438,0,0,0,0,0,0,0,0,0,0,0,0,0,0,0,1,1,0,0,0,0,0,0,0,0
2008-07-14 14:45:00+00:00,30,7,14,137.57846069335938,168.846923828125,0,0,0,0,0,0,0,0,0,0,0,1,1,1,1,1,1,0,0,0,0,0,0,0,0
2008-07-14 14:45:00+00:00,30,7,14,101.03439331054688,111.33441162109375,0,0,0,0,0,0,0,0,0,0,1,1,1,1,1,1,1,0,0,0,0,0,0,0,0
2008-07-14 14:45:00+00:00,30,7,14,156.66134643554688,8.582071304321289,0,0,0,0,0,0,0,0,0,0,0,0,1,1,1,1,1,1,1,1,1,1,1,1,1
2008-07-14 14:45:00+00:00,30,7,14,278.7501525878906,69.29450225830078,0,0,0,0,0,0,0,0,0,0,0,0,0,0,0,1,1,0,0,0,0,0,0,0,0
2008-07-14 14:45:00+00:00,30,7,14,388.5367431640625,201.63168334960938,0,0,0,0,0,0,0,0,0,0,0,0,0,0,0,0,0,0,0,0,0,0,0,0,0
2008-07-14 14:45:00+00:00,30,7,14,218.0502166748047,59.93154525756836,0,0,0,0,0,0,0,0,0,0,0,0,0,0,1,1,1,0,0,0,0,0,0,0,1
2008-07-14 14:45:00+00:00,30,7,14,419.69305419921875,230.60191345214844,0,0,0,0,0,0,0,0,0,0,0,0,0,0,0,0,0,0,0,0,0,0,0,0,0
2008-07-14 14:45:00+00:00,30,7,14,96.15873718261719,47.46696472167969,0,0,0,0,0,0,0,0,0,1,1,1,1,1,1,1,1,0,0,0,0,0,0,1,1
2008-07-14 14:45:00+00:00,30,7,14,138.86407470703125,124.21198272705078,0,0,0,0,0,0,0,0,0,0,0,1,1,1,1,1,1,0,0,0,0,0,0,0,0
2008-07-14 15:00:00+00:00,30,7,15,299.5466003417969,231.13720703125,0,0,0,0,0,0,0,0,0,0,0,0,0,0,0,1,1,0,0,0,0,0,0,0,0
2008-07-14 15:00:00+00:00,30,7,15,69.3764877319336,87.11951446533203,0,0,0,0,0,0,0,0,1,1,1,1,1,1,1,1,1,0,0,0,0,0,0,0,0
2008-07-14 15:00:00+00:00,30,7,15,120.66754913330078,220.20516967773438,0,0,0,0,0,0,0,0,0,0,0,1,1,1,1,1,1,0,0,0,0,0,0,0,0
2008-07-14 15:00:00+00:00,30,7,15,122.60785675048828,154.3352508544922,0,0,0,0,0,0,0,0,0,0,0,1,1,1,1,1,1,0,0,0,0,0,0,0,0
2008-07-14 15:00:00+00:00,30,7,15,158.0562286376953,235.80316162109375,0,0,0,0,0,0,0,0,0,0,0,0,1,1,1,1,1,0,0,0,0,0,0,0,0
2008-07-14 15:00:00+00:00,30,7,15,74.8581771850586,73.865478515625,0,0,0,0,0,0,0,0,1,1,1,1,1,1,1,1,1,0,0,0,0,0,0,0,0
2008-07-14 15:00:00+00:00,30,7,15,141.7986602783203,109.33757781982422,0,0,0,0,0,0,0,0,0,0,0,1,1,1,1,1,1,0,0,0,0,0,0,0,0
2008-07-14 15:00:00+00:00,30,7,15,,,0,0,0,0,0,0,0,0,0,0,0,0,0,0,0,0,0,0,0,0,0,0,0,0,0
2008-07-14 15:00:00+00:00,30,7,15,125.61500549316406,79.31945037841797,0,0,0,0,0,0,0,0,0,0,0,1,1,1,1,1,1,0,0,0,0,0,0,0,0
2008-07-14 15:00:00+00:00,30,7,15,,,0,0,0,0,0,0,0,0,0,0,0,0,0,0,0,0,0,0,0,0,0,0,0,0,0
2008-07-14 15:00:00+00:00,30,7,15,500.10931396484375,482.32672119140625,0,0,0,0,0,0,0,0,0,0,0,0,0,0,0,0,0,0,0,0,0,0,0,0,0
2008-07-14 15:00:00+00:00,30,7,15,243.0004425048828,203.94850158691406,0,0,0,0,0,0,0,0,0,0,0,0,0,0,1,1,1,0,0,0,0,0,0,0,0
2008-07-14 15:00:00+00:00,30,7,15,107.41429138183594,43.97079086303711,0,0,0,0,0,0,0,0,0,0,1,1,1,1,1,1,1,0,0,0,0,0,0,1,1
2008-07-14 15:00:00+00:00,30,7,15,171.4213409423828,27.87788963317871,0,0,0,0,0,0,0,0,0,0,0,0,1,1,1,1,1,0,0,0,0,1,1,1,1
2008-07-14 15:15:00+00:00,30,7,15,108.65799713134766,105.55355834960938,0,0,0,0,0,0,0,0,0,0,1,1,1,1,1,1,1,0,0,0,0,0,0,0,0
2008-07-14 15:15:00+00:00,30,7,15,124.36674499511719,124.28852081298828,0,0,0,0,0,0,0,0,0,0,0,1,1,1,1,1,1,0,0,0,0,0,0,0,0
2008-07-14 15:15:00+00:00,30,7,15,117.39450073242188,300.337890625,0,0,0,0,0,0,0,0,0,0,1,1,1,1,1,1,1,0,0,0,0,0,0,0,0
2008-07-14 15:15:00+00:00,30,7,15,243.8566436767578,33.6684684753418,0,0,0,0,0,0,0,0,0,0,0,0,0,0,1,1,1,0,0,0,0,0,1,1,1
2008-07-14 15:15:00+00:00,30,7,15,107.70811462402344,87.59391784667969,0,0,0,0,0,0,0,0,0,0,1,1,1,1,1,1,1,0,0,0,0,0,0,0,0
2008-07-14 15:15:00+00:00,30,7,15,143.17564392089844,122.3326187133789,0,0,0,0,0,0,0,0,0,0,0,1,1,1,1,1,1,0,0,0,0,0,0,0,0
2008-07-14 15:15:00+00:00,30,7,15,105.83070373535156,92.01875305175781,0,0,0,0,0,0,0,0,0,0,1,1,1,1,1,1,1,0,0,0,0,0,0,0,0
2008-07-14 15:15:00+00:00,30,7,15,191.75369262695312,196.27462768554688,0,0,0,0,0,0,0,0,0,0,0,0,0,1,1,1,1,0,0,0,0,0,0,0,0
2008-07-14 15:30:00+00:00,30,7,15,79.54097747802734,55.29378128051758,0,0,0,0,0,0,0,0,1,1,1,1,1,1,1,1,1,0,0,0,0,0,0,0,1
2008-07-14 15:30:00+00:00,30,7,15,,263.5863952636719,0,0,0,0,0,0,0,0,0,0,0,0,0,0,0,0,0,0,0,0,0,0,0,0,0
2008-07-14 15:30:00+00:00,30,7,15,,,0,0,0,0,0,0,0,0,0,0,0,0,0,0,0,0,0,0,0,0,0,0,0,0,0
2008-07-14 15:30:00+00:00,30,7,15,228.41790771484375,215.4716033935547,0,0,0,0,0,0,0,0,0,0,0,0,0,0,1,1,1,0,0,0,0,0,0,0,0
2008-07-14 15:30:00+00:00,30,7,15,252.04690551757812,235.1068878173828,0,0,0,0,0,0,0,0,0,0,0,0,0,0,0,1,1,0,0,0,0,0,0,0,0
2008-07-14 15:30:00+00:00,30,7,15,84.5552978515625,102.02422332763672,0,0,0,0,0,0,0,0,0,1,1,1,1,1,1,1,1,0,0,0,0,0,0,0,0
2008-07-14 15:30:00+00:00,30,7,15,241.5949249267578,233.2428741455078,0,0,0,0,0,0,0,0,0,0,0,0,0,0,1,1,1,0,0,0,0,0,0,0,0
2008-07-14 15:30:00+00:00,30,7,15,105.87760925292969,98.77800750732422,0,0,0,0,0,0,0,0,0,0,1,1,1,1,1,1,1,0,0,0,0,0,0,0,0
2008-07-14 15:30:00+00:00,30,7,15,218.280029296875,201.06192016601562,0,0,0,0,0,0,0,0,0,0,0,0,0,0,1,1,1,0,0,0,0,0,0,0,0
2008-07-14 15:30:00+00:00,30,7,15,300.8850402832031,255.9873046875,0,0,0,0,0,0,0,0,0,0,0,0,0,0,0,0,1,0,0,0,0,0,0,0,0
2008-07-14 15:30:00+00:00,30,7,15,49.37674331665039,54.43395233154297,0,0,0,0,0,0,1,1,1,1,1,1,1,1,1,1,1,0,0,0,0,0,0,0,1
2008-07-14 15:30:00+00:00,30,7,15,244.12730407714844,248.50379943847656,0,0,0,0,0,0,0,0,0,0,0,0,0,0,1,1,1,0,0,0,0,0,0,0,0
2008-07-14 15:45:00+00:00,30,7,15,184.6199188232422,39.60029602050781,0,0,0,0,0,0,0,0,0,0,0,0,0,1,1,1,1,0,0,0,0,0,1,1,1
2008-07-14 15:45:00+00:00,30,7,15,62.84127426147461,59.63447952270508,0,0,0,0,0,0,0,0,1,1,1,1,1,1,1,1,1,0,0,0,0,0,0,0,1
2008-07-14 15:45:00+00:00,30,7,15,122.55474090576172,104.09890747070312,0,0,0,0,0,0,0,0,0,0,0,1,1,1,1,1,1,0,0,0,0,0,0,0,0
2008-07-14 15:45:00+00:00,30,7,15,108.09234619140625,15.388991355895996,0,0,0,0,0,0,0,0,0,0,1,1,1,1,1,1,1,0,0,1,1,1,1,1,1
2008-07-14 15:45:00+00:00,30,7,15,176.06185913085938,265.5929260253906,0,0,0,0,0,0,0,0,0,0,0,0,1,1,1,1,1,0,0,0,0,0,0,0,0
2008-07-14 15:45:00+00:00,30,7,15,219.4429168701172,186.86492919921875,0,0,0,0,0,0,0,0,0,0,0,0,0,0,1,1,1,0,0,0,0,0,0,0,0
2008-07-14 15:45:00+00:00,30,7,15,230.86917114257812,208.1410675048828,0,0,0,0,0,0,0,0,0,0,0,0,0,0,1,1,1,0,0,0,0,0,0,0,0
2008-07-14 15:45:00+00:00,30,7,15,217.07997131347656,196.34202575683594,0,0,0,0,0,0,0,0,0,0,0,0,0,0,1,1,1,0,0,0,0,0,0,0,0
2008-07-14 15:45:00+00:00,30,7,15,238.5369873046875,216.25318908691406,0,0,0,0,0,0,0,0,0,0,0,0,0,0,1,1,1,0,0,0,0,0,0,0,0
2008-07-14 15:45:00+00:00,30,7,15,228.38111877441406,232.65756225585938,0,0,0,0,0,0,0,0,0,0,0,0,0,0,1,1,1,0,0,0,0,0,0,0,0
2008-07-14 15:45:00+00:00,30,7,15,103.12417602539062,123.69639587402344,0,0,0,0,0,0,0,0,0,0,1,1,1,1,1,1,1,0,0,0,0,0,0,0,0
2008-07-14 16:00:00+00:00,30,7,16,,428.380615234375,0,0,0,0,0,0,0,0,0,0,0,0,0,0,0,0,0,0,0,0,0,0,0,0,0
2008-07-14 16:00:00+00:00,30,7,16,68.27220916748047,55.97724151611328,0,0,0,0,0,0,0,0,1,1,1,1,1,1,1,1,1,0,0,0,0,0,0,0,1
2008-07-14 16:00:00+00:00,30,7,16,109.33911895751953,93.85287475585938,0,0,0,0,0,0,0,0,0,0,1,1,1,1,1,1,1,0,0,0,0,0,0,0,0
2008-07-14 16:00:00+00:00,30,7,16,136.18519592285156,96.22496795654297,0,0,0,0,0,0,0,0,0,0,0,1,1,1,1,1,1,0,0,0,0,0,0,0,0
2008-07-14 16:00:00+00:00,30,7,16,89.05888366699219,65.757080078125,0,0,0,0,0,0,0,0,0,1,1,1,1,1,1,1,1,0,0,0,0,0,0,0,0
2008-07-14 16:00:00+00:00,30,7,16,148.44970703125,133.41085815429688,0,0,0,0,0,0,0,0,0,0,0,1,1,1,1,1,1,0,0,0,0,0,0,0,0
2008-07-14 16:00:00+00:00,30,7,16,194.09231567382812,265.4315185546875,0,0,0,0,0,0,0,0,0,0,0,0,0,1,1,1,1,0,0,0,0,0,0,0,0
2008-07-14 16:00:00+00:00,30,7,16,,,0,0,0,0,0,0,0,0,0,0,0,0,0,0,0,0,0,0,0,0,0,0,0,0,0
2008-07-14 16:00:00+00:00,30,7,16,,,0,0,0,0,0,0,0,0,0,0,0,0,0,0,0,0,0,0,0,0,0,0,0,0,0
2008-07-14 16:00:00+00:00,30,7,16,,,0,0,0,0,0,0,0,0,0,0,0,0,0,0,0,0,0,0,0,0,0,0,0,0,0
2008-07-14 16:15:00+00:00,30,7,16,117.15552520751953,111.39852905273438,0,0,0,0,0,0,0,0,0,0,1,1,1,1,1,1,1,0,0,0,0,0,0,0,0
2008-07-14 16:15:00+00:00,30,7,16,129.4020233154297,119.25626373291016,0,0,0,0,0,0,0,0,0,0,0,1,1,1,1,1,1,0,0,0,0,0,0,0,0
2008-07-14 16:15:00+00:00,30,7,16,,,0,0,0,0,0,0,0,0,0,0,0,0,0,0,0,0,0,0,0,0,0,0,0,0,0
2008-07-14 16:30:00+00:00,30,7,16,231.4788818359375,255.21055603027344,0,0,0,0,0,0,0,0,0,0,0,0,0,0,1,1,1,0,0,0,0,0,0,0,0
2008-07-14 16:30:00+00:00,30,7,16,153.1314697265625,172.5518035888672,0,0,0,0,0,0,0,0,0,0,0,0,1,1,1,1,1,0,0,0,0,0,0,0,0
2008-07-14 16:30:00+00:00,30,7,16,113.32054138183594,164.5248565673828,0,0,0,0,0,0,0,0,0,0,1,1,1,1,1,1,1,0,0,0,0,0,0,0,0
2008-07-14 16:30:00+00:00,30,7,16,139.92189025878906,159.06431579589844,0,0,0,0,0,0,0,0,0,0,0,1,1,1,1,1,1,0,0,0,0,0,0,0,0
2008-07-14 16:30:00+00:00,30,7,16,196.0464630126953,120.07572174072266,0,0,0,0,0,0,0,0,0,0,0,0,0,1,1,1,1,0,0,0,0,0,0,0,0
2008-07-14 16:30:00+00:00,30,7,16,434.1191711425781,382.4440002441406,0,0,0,0,0,0,0,0,0,0,0,0,0,0,0,0,0,0,0,0,0,0,0,0,0
2008-07-14 16:30:00+00:00,30,7,16,,,0,0,0,0,0,0,0,0,0,0,0,0,0,0,0,0,0,0,0,0,0,0,0,0,0
2008-07-14 16:45:00+00:00,30,7,16,99.98807525634766,72.01073455810547,0,0,0,0,0,0,0,0,0,1,1,1,1,1,1,1,1,0,0,0,0,0,0,0,0
2008-07-14 16:45:00+00:00,30,7,16,112.90090942382812,147.2411346435547,0,0,0,0,0,0,0,0,0,0,1,1,1,1,1,1,1,0,0,0,0,0,0,0,0
2008-07-14 16:45:00+00:00,30,7,16,296.4281005859375,23.340003967285156,0,0,0,0,0,0,0,0,0,0,0,0,0,0,0,1,1,0,0,0,1,1,1,1,1
2008-07-14 16:45:00+00:00,30,7,16,215.65077209472656,224.447021484375,0,0,0,0,0,0,0,0,0,0,0,0,0,0,1,1,1,0,0,0,0,0,0,0,0
2008-07-14 16:45:00+00:00,30,7,16,194.08612060546875,181.9731903076172,0,0,0,0,0,0,0,0,0,0,0,0,0,1,1,1,1,0,0,0,0,0,0,0,0
2008-07-14 16:45:00+00:00,30,7,16,,53.4697265625,0,0,0,0,0,0,0,0,0,0,0,0,0,0,0,0,0,0,0,0,0,0,0,0,1
2008-07-14 16:45:00+00:00,30,7,16,,77.37948608398438,0,0,0,0,0,0,0,0,0,0,0,0,0,0,0,0,0,0,0,0,0,0,0,0,0
2008-07-14 17:00:00+00:00,30,7,17,,,0,0,0,0,0,0,0,0,0,0,0,0,0,0,0,0,0,0,0,0,0,0,0,0,0
2008-07-14 17:00:00+00:00,30,7,17,277.4068908691406,263.46929931640625,0,0,0,0,0,0,0,0,0,0,0,0,0,0,0,1,1,0,0,0,0,0,0,0,0
2008-07-14 17:15:00+00:00,30,7,17,181.4176788330078,169.55076599121094,0,0,0,0,0,0,0,0,0,0,0,0,0,1,1,1,1,0,0,0,0,0,0,0,0
2008-07-14 17:15:00+00:00,30,7,17,346.6654968261719,,0,0,0,0,0,0,0,0,0,0,0,0,0,0,0,0,1,0,0,0,0,0,0,0,0
2008-07-14 17:30:00+00:00,30,7,17,332.4936828613281,,0,0,0,0,0,0,0,0,0,0,0,0,0,0,0,0,1,0,0,0,0,0,0,0,0
2008-07-14 17:45:00+00:00,30,7,17,280.5273132324219,,0,0,0,0,0,0,0,0,0,0,0,0,0,0,0,1,1,0,0,0,0,0,0,0,0
2008-07-14 17:45:00+00:00,30,7,17,155.74700927734375,408.4155578613281,0,0,0,0,0,0,0,0,0,0,0,0,1,1,1,1,1,0,0,0,0,0,0,0,0
2008-07-16 10:00:00+00:00,30,7,10,,420.0693664550781,0,0,0,0,0,0,0,0,0,0,0,0,0,0,0,0,0,0,0,0,0,0,0,0,0
2008-07-16 10:00:00+00:00,30,7,10,249.8953857421875,280.5245666503906,0,0,0,0,0,0,0,0,0,0,0,0,0,0,1,1,1,0,0,0,0,0,0,0,0
2008-07-16 10:00:00+00:00,30,7,10,285.5183410644531,315.1297302246094,0,0,0,0,0,0,0,0,0,0,0,0,0,0,0,1,1,0,0,0,0,0,0,0,0
2008-07-16 10:00:00+00:00,30,7,10,288.6512145996094,341.38397216796875,0,0,0,0,0,0,0,0,0,0,0,0,0,0,0,1,1,0,0,0,0,0,0,0,0
2008-07-16 10:00:00+00:00,30,7,10,515.92333984375,,0,0,0,0,0,0,0,0,0,0,0,0,0,0,0,0,0,0,0,0,0,0,0,0,0
2008-07-16 10:00:00+00:00,30,7,10,355.0455017089844,,0,0,0,0,0,0,0,0,0,0,0,0,0,0,0,0,0,0,0,0,0,0,0,0,0
2008-07-16 10:00:00+00:00,30,7,10,,,0,0,0,0,0,0,0,0,0,0,0,0,0,0,0,0,0,0,0,0,0,0,0,0,0
2008-07-16 10:15:00+00:00,30,7,10,,,0,0,0,0,0,0,0,0,0,0,0,0,0,0,0,0,0,0,0,0,0,0,0,0,0
2008-07-16 10:15:00+00:00,30,7,10,257.76202392578125,,0,0,0,0,0,0,0,0,0,0,0,0,0,0,0,1,1,0,0,0,0,0,0,0,0
2008-07-16 10:15:00+00:00,30,7,10,470.47955322265625,,0,0,0,0,0,0,0,0,0,0,0,0,0,0,0,0,0,0,0,0,0,0,0,0,0
2008-07-16 10:15:00+00:00,30,7,10,,,0,0,0,0,0,0,0,0,0,0,0,0,0,0,0,0,0,0,0,0,0,0,0,0,0
2008-07-16 10:15:00+00:00,30,7,10,,,0,0,0,0,0,0,0,0,0,0,0,0,0,0,0,0,0,0,0,0,0,0,0,0,0
2008-07-16 10:15:00+00:00,30,7,10,,,0,0,0,0,0,0,0,0,0,0,0,0,0,0,0,0,0,0,0,0,0,0,0,0,0
2008-07-16 10:15:00+00:00,30,7,10,244.95687866210938,215.82687377929688,0,0,0,0,0,0,0,0,0,0,0,0,0,0,1,1,1,0,0,0,0,0,0,0,0
2008-07-16 10:30:00+00:00,30,7,10,,,0,0,0,0,0,0,0,0,0,0,0,0,0,0,0,0,0,0,0,0,0,0,0,0,0
2008-07-16 10:30:00+00:00,30,7,10,,,0,0,0,0,0,0,0,0,0,0,0,0,0,0,0,0,0,0,0,0,0,0,0,0,0
2008-07-16 10:30:00+00:00,30,7,10,448.06829833984375,241.4561309814453,0,0,0,0,0,0,0,0,0,0,0,0,0,0,0,0,0,0,0,0,0,0,0,0,0
2008-07-16 10:30:00+00:00,30,7,10,208.53359985351562,233.01541137695312,0,0,0,0,0,0,0,0,0,0,0,0,0,0,1,1,1,0,0,0,0,0,0,0,0
2008-07-16 10:30:00+00:00,30,7,10,222.70361328125,221.41539001464844,0,0,0,0,0,0,0,0,0,0,0,0,0,0,1,1,1,0,0,0,0,0,0,0,0
2008-07-16 10:30:00+00:00,30,7,10,395.0614318847656,391.03558349609375,0,0,0,0,0,0,0,0,0,0,0,0,0,0,0,0,0,0,0,0,0,0,0,0,0
2008-07-16 10:30:00+00:00,30,7,10,212.39871215820312,209.7344970703125,0,0,0,0,0,0,0,0,0,0,0,0,0,0,1,1,1,0,0,0,0,0,0,0,0
2008-07-16 10:30:00+00:00,30,7,10,,,0,0,0,0,0,0,0,0,0,0,0,0,0,0,0,0,0,0,0,0,0,0,0,0,0
2008-07-16 10:30:00+00:00,30,7,10,,,0,0,0,0,0,0,0,0,0,0,0,0,0,0,0,0,0,0,0,0,0,0,0,0,0
2008-07-16 10:30:00+00:00,30,7,10,,,0,0,0,0,0,0,0,0,0,0,0,0,0,0,0,0,0,0,0,0,0,0,0,0,0
2008-07-16 10:45:00+00:00,30,7,10,,296.7455749511719,0,0,0,0,0,0,0,0,0,0,0,0,0,0,0,0,0,0,0,0,0,0,0,0,0
2008-07-16 10:45:00+00:00,30,7,10,,129.8959197998047,0,0,0,0,0,0,0,0,0,0,0,0,0,0,0,0,0,0,0,0,0,0,0,0,0
2008-07-16 10:45:00+00:00,30,7,10,,3.0688130855560303,0,0,0,0,0,0,0,0,0,0,0,0,0,0,0,0,0,1,1,1,1,1,1,1,1
2008-07-16 10:45:00+00:00,30,7,10,,499.0954284667969,0,0,0,0,0,0,0,0,0,0,0,0,0,0,0,0,0,0,0,0,0,0,0,0,0
2008-07-16 10:45:00+00:00,30,7,10,,96.01821899414062,0,0,0,0,0,0,0,0,0,0,0,0,0,0,0,0,0,0,0,0,0,0,0,0,0
2008-07-16 10:45:00+00:00,30,7,10,,453.2427673339844,0,0,0,0,0,0,0,0,0,0,0,0,0,0,0,0,0,0,0,0,0,0,0,0,0
2008-07-16 10:45:00+00:00,30,7,10,,479.6989440917969,0,0,0,0,0,0,0,0,0,0,0,0,0,0,0,0,0,0,0,0,0,0,0,0,0
2008-07-16 10:45:00+00:00,30,7,10,,334.5649108886719,0,0,0,0,0,0,0,0,0,0,0,0,0,0,0,0,0,0,0,0,0,0,0,0,0
2008-07-16 10:45:00+00:00,30,7,10,,14.179967880249023,0,0,0,0,0,0,0,0,0,0,0,0,0,0,0,0,0,0,1,1,1,1,1,1,1
2008-07-16 10:45:00+00:00,30,7,10,,455.21929931640625,0,0,0,0,0,0,0,0,0,0,0,0,0,0,0,0,0,0,0,0,0,0,0,0,0
2008-07-16 11:00:00+00:00,30,7,11,259.35821533203125,280.3706970214844,0,0,0,0,0,0,0,0,0,0,0,0,0,0,0,1,1,0,0,0,0,0,0,0,0
2008-07-16 11:00:00+00:00,30,7,11,,192.36048889160156,0,0,0,0,0,0,0,0,0,0,0,0,0,0,0,0,0,0,0,0,0,0,0,0,0
2008-07-16 11:00:00+00:00,30,7,11,352.4231262207031,,0,0,0,0,0,0,0,0,0,0,0,0,0,0,0,0,0,0,0,0,0,0,0,0,0
2008-07-16 11:00:00+00:00,30,7,11,,,0,0,0,0,0,0,0,0,0,0,0,0,0,0,0,0,0,0,0,0,0,0,0,0,0
2008-07-16 11:00:00+00:00,30,7,11,,354.04632568359375,0,0,0,0,0,0,0,0,0,0,0,0,0,0,0,0,0,0,0,0,0,0,0,0,0
2008-07-16 11:00:00+00:00,30,7,11,,7.1419358253479,0,0,0,0,0,0,0,0,0,0,0,0,0,0,0,0,0,1,1,1,1,1,1,1,1
2008-07-16 11:00:00+00:00,30,7,11,,0.0,0,0,0,0,0,0,0,0,0,0,0,0,0,0,0,0,0,1,1,1,1,1,1,1,1
2008-07-16 11:15:00+00:00,30,7,11,131.5996551513672,165.65867614746094,0,0,0,0,0,0,0,0,0,0,0,1,1,1,1,1,1,0,0,0,0,0,0,0,0
2008-07-16 11:15:00+00:00,30,7,11,82.32681274414062,211.9102325439453,0,0,0,0,0,0,0,0,0,1,1,1,1,1,1,1,1,0,0,0,0,0,0,0,0
2008-07-16 11:15:00+00:00,30,7,11,304.3164367675781,271.6165771484375,0,0,0,0,0,0,0,0,0,0,0,0,0,0,0,0,1,0,0,0,0,0,0,0,0
2008-07-16 11:15:00+00:00,30,7,11,302.7379150390625,308.3033752441406,0,0,0,0,0,0,0,0,0,0,0,0,0,0,0,0,1,0,0,0,0,0,0,0,0
2008-07-16 11:15:00+00:00,30,7,11,,,0,0,0,0,0,0,0,0,0,0,0,0,0,0,0,0,0,0,0,0,0,0,0,0,0
2008-07-16 11:15:00+00:00,30,7,11,,83.30487060546875,0,0,0,0,0,0,0,0,0,0,0,0,0,0,0,0,0,0,0,0,0,0,0,0,0
2008-07-16 11:15:00+00:00,30,7,11,,237.584716796875,0,0,0,0,0,0,0,0,0,0,0,0,0,0,0,0,0,0,0,0,0,0,0,0,0
2008-07-16 11:15:00+00:00,30,7,11,,66.82902526855469,0,0,0,0,0,0,0,0,0,0,0,0,0,0,0,0,0,0,0,0,0,0,0,0,0
2008-07-16 11:15:00+00:00,30,7,11,,445.5698547363281,0,0,0,0,0,0,0,0,0,0,0,0,0,0,0,0,0,0,0,0,0,0,0,0,0
2008-07-16 11:30:00+00:00,30,7,11,298.41015625,73.7155990600586,0,0,0,0,0,0,0,0,0,0,0,0,0,0,0,1,1,0,0,0,0,0,0,0,0
2008-07-16 11:30:00+00:00,30,7,11,139.92672729492188,58.47080612182617,0,0,0,0,0,0,0,0,0,0,0,1,1,1,1,1,1,0,0,0,0,0,0,0,1
2008-07-16 11:30:00+00:00,30,7,11,,254.6699676513672,0,0,0,0,0,0,0,0,0,0,0,0,0,0,0,0,0,0,0,0,0,0,0,0,0
2008-07-16 11:30:00+00:00,30,7,11,,328.0765075683594,0,0,0,0,0,0,0,0,0,0,0,0,0,0,0,0,0,0,0,0,0,0,0,0,0
2008-07-16 11:30:00+00:00,30,7,11,492.0752258300781,307.1952209472656,0,0,0,0,0,0,0,0,0,0,0,0,0,0,0,0,0,0,0,0,0,0,0,0,0
2008-07-16 11:30:00+00:00,30,7,11,,,0,0,0,0,0,0,0,0,0,0,0,0,0,0,0,0,0,0,0,0,0,0,0,0,0
2008-07-16 11:30:00+00:00,30,7,11,438.55908203125,239.12730407714844,0,0,0,0,0,0,0,0,0,0,0,0,0,0,0,0,0,0,0,0,0,0,0,0,0
2008-07-16 11:30:00+00:00,30,7,11,,257.1038818359375,0,0,0,0,0,0,0,0,0,0,0,0,0,0,0,0,0,0,0,0,0,0,0,0,0
2008-07-16 11:30:00+00:00,30,7,11,,,0,0,0,0,0,0,0,0,0,0,0,0,0,0,0,0,0,0,0,0,0,0,0,0,0
2008-07-16 11:30:00+00:00,30,7,11,,,0,0,0,0,0,0,0,0,0,0,0,0,0,0,0,0,0,0,0,0,0,0,0,0,0
2008-07-16 11:30:00+00:00,30,7,11,88.08576965332031,3.1430797576904297,0,0,0,0,0,0,0,0,0,1,1,1,1,1,1,1,1,1,1,1,1,1,1,1,1
2008-07-16 11:30:00+00:00,30,7,11,130.05995178222656,33.65950393676758,0,0,0,0,0,0,0,0,0,0,0,1,1,1,1,1,1,0,0,0,0,0,1,1,1
2008-07-16 11:45:00+00:00,30,7,11,157.44895935058594,133.72903442382812,0,0,0,0,0,0,0,0,0,0,0,0,1,1,1,1,1,0,0,0,0,0,0,0,0
2008-07-16 11:45:00+00:00,30,7,11,78.94158172607422,92.95223236083984,0,0,0,0,0,0,0,0,1,1,1,1,1,1,1,1,1,0,0,0,0,0,0,0,0
2008-07-16 11:45:00+00:00,30,7,11,50.242042541503906,239.93011474609375,0,0,0,0,0,0,0,1,1,1,1,1,1,1,1,1,1,0,0,0,0,0,0,0,0
2008-07-16 11:45:00+00:00,30,7,11,268.4303894042969,276.97210693359375,0,0,0,0,0,0,0,0,0,0,0,0,0,0,0,1,1,0,0,0,0,0,0,0,0
2008-07-16 11:45:00+00:00,30,7,11,,,0,0,0,0,0,0,0,0,0,0,0,0,0,0,0,0,0,0,0,0,0,0,0,0,0
2008-07-16 11:45:00+00:00,30,7,11,,,0,0,0,0,0,0,0,0,0,0,0,0,0,0,0,0,0,0,0,0,0,0,0,0,0
2008-07-16 11:45:00+00:00,30,7,11,,265.5110168457031,0,0,0,0,0,0,0,0,0,0,0,0,0,0,0,0,0,0,0,0,0,0,0,0,0
2008-07-16 11:45:00+00:00,30,7,11,516.899658203125,248.64895629882812,0,0,0,0,0,0,0,0,0,0,0,0,0,0,0,0,0,0,0,0,0,0,0,0,0
2008-07-16 11:45:00+00:00,30,7,11,517.5389404296875,323.1136779785156,0,0,0,0,0,0,0,0,0,0,0,0,0,0,0,0,0,0,0,0,0,0,0,0,0
2008-07-16 11:45:00+00:00,30,7,11,299.92425537109375,310.05224609375,0,0,0,0,0,0,0,0,0,0,0,0,0,0,0,1,1,0,0,0,0,0,0,0,0
2008-07-16 11:45:00+00:00,30,7,11,,,0,0,0,0,0,0,0,0,0,0,0,0,0,0,0,0,0,0,0,0,0,0,0,0,0
2008-07-16 11:45:00+00:00,30,7,11,,,0,0,0,0,0,0,0,0,0,0,0,0,0,0,0,0,0,0,0,0,0,0,0,0,0
2008-07-16 11:45:00+00:00,30,7,11,254.1861572265625,133.7867431640625,0,0,0,0,0,0,0,0,0,0,0,0,0,0,0,1,1,0,0,0,0,0,0,0,0
2008-07-16 11:45:00+00:00,30,7,11,185.19728088378906,195.42982482910156,0,0,0,0,0,0,0,0,0,0,0,0,0,1,1,1,1,0,0,0,0,0,0,0,0
2008-07-16 11:45:00+00:00,30,7,11,106.44879150390625,3.1645731925964355,0,0,0,0,0,0,0,0,0,0,1,1,1,1,1,1,1,1,1,1,1,1,1,1,1
2008-07-16 11:45:00+00:00,30,7,11,234.6444549560547,269.6437683105469,0,0,0,0,0,0,0,0,0,0,0,0,0,0,1,1,1,0,0,0,0,0,0,0,0
2008-07-16 11:45:00+00:00,30,7,11,206.4942169189453,240.5897979736328,0,0,0,0,0,0,0,0,0,0,0,0,0,0,1,1,1,0,0,0,0,0,0,0,0
2008-07-16 12:00:00+00:00,30,7,12,,,0,0,0,0,0,0,0,0,0,0,0,0,0,0,0,0,0,0,0,0,0,0,0,0,0
2008-07-16 12:00:00+00:00,30,7,12,266.4034118652344,257.98626708984375,0,0,0,0,0,0,0,0,0,0,0,0,0,0,0,1,1,0,0,0,0,0,0,0,0
2008-07-16 12:00:00+00:00,30,7,12,238.7435302734375,231.4220428466797,0,0,0,0,0,0,0,0,0,0,0,0,0,0,1,1,1,0,0,0,0,0,0,0,0
2008-07-16 12:00:00+00:00,30,7,12,331.3399658203125,316.1772155761719,0,0,0,0,0,0,0,0,0,0,0,0,0,0,0,0,1,0,0,0,0,0,0,0,0
2008-07-16 12:00:00+00:00,30,7,12,312.295654296875,404.5184020996094,0,0,0,0,0,0,0,0,0,0,0,0,0,0,0,0,1,0,0,0,0,0,0,0,0
2008-07-16 12:00:00+00:00,30,7,12,68.55116271972656,96.99559783935547,0,0,0,0,0,0,0,0,1,1,1,1,1,1,1,1,1,0,0,0,0,0,0,0,0
2008-07-16 12:00:00+00:00,30,7,12,,,0,0,0,0,0,0,0,0,0,0,0,0,0,0,0,0,0,0,0,0,0,0,0,0,0
2008-07-16 12:00:00+00:00,30,7,12,48.14056396484375,53.67645263671875,0,0,0,0,0,0,1,1,1,1,1,1,1,1,1,1,1,0,0,0,0,0,0,0,1
2008-07-16 12:00:00+00:00,30,7,12,119.7528076171875,3.1525001525878906,0,0,0,0,0,0,0,0,0,0,1,1,1,1,1,1,1,1,1,1,1,1,1,1,1
2008-07-16 12:00:00+00:00,30,7,12,94.58853912353516,16.526073455810547,0,0,0,0,0,0,0,0,0,1,1,1,1,1,1,1,1,0,0,1,1,1,1,1,1
2008-07-16 12:00:00+00:00,30,7,12,51.228233337402344,41.31063461303711,0,0,0,0,0,0,0,1,1,1,1,1,1,1,1,1,1,0,0,0,0,0,0,1,1
2008-07-16 12:00:00+00:00,30,7,12,120.11824035644531,78.29244232177734,0,0,0,0,0,0,0,0,0,0,0,1,1,1,1,1,1,0,0,0,0,0,0,0,0
2008-07-16 12:00:00+00:00,30,7,12,109.65973663330078,4.947419166564941,0,0,0,0,0,0,0,0,0,0,1,1,1,1,1,1,1,1,1,1,1,1,1,1,1
2008-07-16 12:15:00+00:00,30,7,12,,,0,0,0,0,0,0,0,0,0,0,0,0,0,0,0,0,0,0,0,0,0,0,0,0,0
2008-07-16 12:15:00+00:00,30,7,12,,,0,0,0,0,0,0,0,0,0,0,0,0,0,0,0,0,0,0,0,0,0,0,0,0,0
2008-07-16 12:15:00+00:00,30,7,12,92.18527221679688,33.69327163696289,0,0,0,0,0,0,0,0,0,1,1,1,1,1,1,1,1,0,0,0,0,0,1,1,1
2008-07-16 12:15:00+00:00,30,7,12,,,0,0,0,0,0,0,0,0,0,0,0,0,0,0,0,0,0,0,0,0,0,0,0,0,0
2008-07-16 12:15:00+00:00,30,7,12,,,0,0,0,0,0,0,0,0,0,0,0,0,0,0,0,0,0,0,0,0,0,0,0,0,0
2008-07-16 12:15:00+00:00,30,7,12,,,0,0,0,0,0,0,0,0,0,0,0,0,0,0,0,0,0,0,0,0,0,0,0,0,0
2008-07-16 12:15:00+00:00,30,7,12,,,0,0,0,0,0,0,0,0,0,0,0,0,0,0,0,0,0,0,0,0,0,0,0,0,0
2008-07-16 12:15:00+00:00,30,7,12,470.1603088378906,,0,0,0,0,0,0,0,0,0,0,0,0,0,0,0,0,0,0,0,0,0,0,0,0,0
2008-07-16 12:15:00+00:00,30,7,12,331.5489196777344,339.6366882324219,0,0,0,0,0,0,0,0,0,0,0,0,0,0,0,0,1,0,0,0,0,0,0,0,0
2008-07-16 12:15:00+00:00,30,7,12,228.039306640625,131.0942840576172,0,0,0,0,0,0,0,0,0,0,0,0,0,0,1,1,1,0,0,0,0,0,0,0,0
2008-07-16 12:15:00+00:00,30,7,12,,400.2544860839844,0,0,0,0,0,0,0,0,0,0,0,0,0,0,0,0,0,0,0,0,0,0,0,0,0
2008-07-16 12:15:00+00:00,30,7,12,503.8679504394531,504.1416015625,0,0,0,0,0,0,0,0,0,0,0,0,0,0,0,0,0,0,0,0,0,0,0,0,0
2008-07-16 12:15:00+00:00,30,7,12,380.8883972167969,293.837646484375,0,0,0,0,0,0,0,0,0,0,0,0,0,0,0,0,0,0,0,0,0,0,0,0,0
2008-07-16 12:15:00+00:00,30,7,12,48.63059616088867,11.13103199005127,0,0,0,0,0,0,1,1,1,1,1,1,1,1,1,1,1,0,1,1,1,1,1,1,1
2008-07-16 12:15:00+00:00,30,7,12,108.63221740722656,48.93214416503906,0,0,0,0,0,0,0,0,0,0,1,1,1,1,1,1,1,0,0,0,0,0,0,1,1
2008-07-16 12:15:00+00:00,30,7,12,139.727783203125,116.08724975585938,0,0,0,0,0,0,0,0,0,0,0,1,1,1,1,1,1,0,0,0,0,0,0,0,0
2008-07-16 12:15:00+00:00,30,7,12,140.6287078857422,57.11518096923828,0,0,0,0,0,0,0,0,0,0,0,1,1,1,1,1,1,0,0,0,0,0,0,0,1
2008-07-16 12:15:00+00:00,30,7,12,150.45645141601562,6.537876605987549,0,0,0,0,0,0,0,0,0,0,0,0,1,1,1,1,1,1,1,1,1,1,1,1,1
2008-07-16 12:15:00+00:00,30,7,12,205.61122131347656,100.25572967529297,0,0,0,0,0,0,0,0,0,0,0,0,0,0,1,1,1,0,0,0,0,0,0,0,0
2008-07-16 12:15:00+00:00,30,7,12,255.93478393554688,154.0136260986328,0,0,0,0,0,0,0,0,0,0,0,0,0,0,0,1,1,0,0,0,0,0,0,0,0
2008-07-16 12:15:00+00:00,30,7,12,105.6676254272461,7.148731708526611,0,0,0,0,0,0,0,0,0,0,1,1,1,1,1,1,1,1,1,1,1,1,1,1,1
2008-07-16 12:30:00+00:00,30,7,12,414.71673583984375,417.1929626464844,0,0,0,0,0,0,0,0,0,0,0,0,0,0,0,0,0,0,0,0,0,0,0,0,0
2008-07-16 12:30:00+00:00,30,7,12,315.6270751953125,318.6903991699219,0,0,0,0,0,0,0,0,0,0,0,0,0,0,0,0,1,0,0,0,0,0,0,0,0
2008-07-16 12:30:00+00:00,30,7,12,318.2005615234375,320.2935791015625,0,0,0,0,0,0,0,0,0,0,0,0,0,0,0,0,1,0,0,0,0,0,0,0,0
2008-07-16 12:30:00+00:00,30,7,12,280.11474609375,280.9941711425781,0,0,0,0,0,0,0,0,0,0,0,0,0,0,0,1,1,0,0,0,0,0,0,0,0
2008-07-16 12:30:00+00:00,30,7,12,246.5723419189453,247.40757751464844,0,0,0,0,0,0,0,0,0,0,0,0,0,0,1,1,1,0,0,0,0,0,0,0,0
2008-07-16 12:30:00+00:00,30,7,12,271.1280822753906,270.6996154785156,0,0,0,0,0,0,0,0,0,0,0,0,0,0,0,1,1,0,0,0,0,0,0,0,0
2008-07-16 12:30:00+00:00,30,7,12,,,0,0,0,0,0,0,0,0,0,0,0,0,0,0,0,0,0,0,0,0,0,0,0,0,0
2008-07-16 12:30:00+00:00,30,7,12,426.7630310058594,,0,0,0,0,0,0,0,0,0,0,0,0,0,0,0,0,0,0,0,0,0,0,0,0,0
2008-07-16 12:30:00+00:00,30,7,12,,,0,0,0,0,0,0,0,0,0,0,0,0,0,0,0,0,0,0,0,0,0,0,0,0,0
2008-07-16 12:30:00+00:00,30,7,12,,,0,0,0,0,0,0,0,0,0,0,0,0,0,0,0,0,0,0,0,0,0,0,0,0,0
2008-07-16 12:30:00+00:00,30,7,12,,,0,0,0,0,0,0,0,0,0,0,0,0,0,0,0,0,0,0,0,0,0,0,0,0,0
2008-07-16 12:30:00+00:00,30,7,12,291.4011535644531,,0,0,0,0,0,0,0,0,0,0,0,0,0,0,0,1,1,0,0,0,0,0,0,0,0
2008-07-16 12:30:00+00:00,30,7,12,442.97515869140625,449.18707275390625,0,0,0,0,0,0,0,0,0,0,0,0,0,0,0,0,0,0,0,0,0,0,0,0,0
2008-07-16 12:30:00+00:00,30,7,12,322.7281799316406,214.65374755859375,0,0,0,0,0,0,0,0,0,0,0,0,0,0,0,0,1,0,0,0,0,0,0,0,0
2008-07-16 12:30:00+00:00,30,7,12,33.20797348022461,0.0,0,0,0,0,0,1,1,1,1,1,1,1,1,1,1,1,1,1,1,1,1,1,1,1,1
2008-07-16 12:30:00+00:00,30,7,12,156.35971069335938,113.90113830566406,0,0,0,0,0,0,0,0,0,0,0,0,1,1,1,1,1,0,0,0,0,0,0,0,0
2008-07-16 12:45:00+00:00,30,7,12,396.11151123046875,501.9288024902344,0,0,0,0,0,0,0,0,0,0,0,0,0,0,0,0,0,0,0,0,0,0,0,0,0
2008-07-16 12:45:00+00:00,30,7,12,131.71482849121094,0.0,0,0,0,0,0,0,0,0,0,0,0,1,1,1,1,1,1,1,1,1,1,1,1,1,1
2008-07-16 12:45:00+00:00,30,7,12,213.86380004882812,237.76229858398438,0,0,0,0,0,0,0,0,0,0,0,0,0,0,1,1,1,0,0,0,0,0,0,0,0
2008-07-16 12:45:00+00:00,30,7,12,96.3025894165039,66.89057922363281,0,0,0,0,0,0,0,0,0,1,1,1,1,1,1,1,1,0,0,0,0,0,0,0,0
2008-07-16 12:45:00+00:00,30,7,12,,,0,0,0,0,0,0,0,0,0,0,0,0,0,0,0,0,0,0,0,0,0,0,0,0,0
2008-07-16 12:45:00+00:00,30,7,12,,,0,0,0,0,0,0,0,0,0,0,0,0,0,0,0,0,0,0,0,0,0,0,0,0,0
2008-07-16 12:45:00+00:00,30,7,12,255.60646057128906,252.6957550048828,0,0,0,0,0,0,0,0,0,0,0,0,0,0,0,1,1,0,0,0,0,0,0,0,0
2008-07-16 12:45:00+00:00,30,7,12,36.85541534423828,16.860977172851562,0,0,0,0,0,1,1,1,1,1,1,1,1,1,1,1,1,0,0,1,1,1,1,1,1
2008-07-16 12:45:00+00:00,30,7,12,90.45101928710938,123.96995544433594,0,0,0,0,0,0,0,0,0,1,1,1,1,1,1,1,1,0,0,0,0,0,0,0,0
2008-07-16 12:45:00+00:00,30,7,12,58.74412155151367,82.44770812988281,0,0,0,0,0,0,0,1,1,1,1,1,1,1,1,1,1,0,0,0,0,0,0,0,0
2008-07-16 12:45:00+00:00,30,7,12,59.54497528076172,51.57552719116211,0,0,0,0,0,0,0,1,1,1,1,1,1,1,1,1,1,0,0,0,0,0,0,0,1
2008-07-16 12:45:00+00:00,30,7,12,653.1563110351562,655.3529663085938,0,0,0,0,0,0,0,0,0,0,0,0,0,0,0,0,0,0,0,0,0,0,0,0,0
2008-07-16 12:45:00+00:00,30,7,12,153.36676025390625,128.54368591308594,0,0,0,0,0,0,0,0,0,0,0,0,1,1,1,1,1,0,0,0,0,0,0,0,0
2008-07-16 13:00:00+00:00,30,7,13,312.27313232421875,114.14749908447266,0,0,0,0,0,0,0,0,0,0,0,0,0,0,0,0,1,0,0,0,0,0,0,0,0
2008-07-16 13:00:00+00:00,30,7,13,162.93589782714844,149.74923706054688,0,0,0,0,0,0,0,0,0,0,0,0,1,1,1,1,1,0,0,0,0,0,0,0,0
2008-07-16 13:00:00+00:00,30,7,13,,,0,0,0,0,0,0,0,0,0,0,0,0,0,0,0,0,0,0,0,0,0,0,0,0,0
2008-07-16 13:00:00+00:00,30,7,13,,,0,0,0,0,0,0,0,0,0,0,0,0,0,0,0,0,0,0,0,0,0,0,0,0,0
2008-07-16 13:00:00+00:00,30,7,13,,,0,0,0,0,0,0,0,0,0,0,0,0,0,0,0,0,0,0,0,0,0,0,0,0,0
2008-07-16 13:00:00+00:00,30,7,13,290.766357421875,268.6762390136719,0,0,0,0,0,0,0,0,0,0,0,0,0,0,0,1,1,0,0,0,0,0,0,0,0
2008-07-16 13:00:00+00:00,30,7,13,100.52495574951172,28.621057510375977,0,0,0,0,0,0,0,0,0,0,1,1,1,1,1,1,1,0,0,0,0,1,1,1,1
2008-07-16 13:00:00+00:00,30,7,13,,,0,0,0,0,0,0,0,0,0,0,0,0,0,0,0,0,0,0,0,0,0,0,0,0,0
2008-07-16 13:00:00+00:00,30,7,13,,4.4777655601501465,0,0,0,0,0,0,0,0,0,0,0,0,0,0,0,0,0,1,1,1,1,1,1,1,1
2008-07-16 13:00:00+00:00,30,7,13,,80.27888488769531,0,0,0,0,0,0,0,0,0,0,0,0,0,0,0,0,0,0,0,0,0,0,0,0,0
2008-07-16 13:00:00+00:00,30,7,13,,216.40060424804688,0,0,0,0,0,0,0,0,0,0,0,0,0,0,0,0,0,0,0,0,0,0,0,0,0
2008-07-16 13:00:00+00:00,30,7,13,193.57342529296875,135.409912109375,0,0,0,0,0,0,0,0,0,0,0,0,0,1,1,1,1,0,0,0,0,0,0,0,0
2008-07-16 13:15:00+00:00,30,7,13,,,0,0,0,0,0,0,0,0,0,0,0,0,0,0,0,0,0,0,0,0,0,0,0,0,0
2008-07-16 13:15:00+00:00,30,7,13,355.7420959472656,333.728515625,0,0,0,0,0,0,0,0,0,0,0,0,0,0,0,0,0,0,0,0,0,0,0,0,0
2008-07-16 13:15:00+00:00,30,7,13,,362.145751953125,0,0,0,0,0,0,0,0,0,0,0,0,0,0,0,0,0,0,0,0,0,0,0,0,0
2008-07-16 13:15:00+00:00,30,7,13,338.0514221191406,311.5889587402344,0,0,0,0,0,0,0,0,0,0,0,0,0,0,0,0,1,0,0,0,0,0,0,0,0
2008-07-16 13:15:00+00:00,30,7,13,,,0,0,0,0,0,0,0,0,0,0,0,0,0,0,0,0,0,0,0,0,0,0,0,0,0
2008-07-16 13:15:00+00:00,30,7,13,28.589879989624023,0.0,0,0,0,0,1,1,1,1,1,1,1,1,1,1,1,1,1,1,1,1,1,1,1,1,1
2008-07-16 13:15:00+00:00,30,7,13,111.25048828125,64.42507934570312,0,0,0,0,0,0,0,0,0,0,1,1,1,1,1,1,1,0,0,0,0,0,0,0,0
2008-07-16 13:15:00+00:00,30,7,13,158.99209594726562,153.82083129882812,0,0,0,0,0,0,0,0,0,0,0,0,1,1,1,1,1,0,0,0,0,0,0,0,0
2008-07-16 13:30:00+00:00,30,7,13,,,0,0,0,0,0,0,0,0,0,0,0,0,0,0,0,0,0,0,0,0,0,0,0,0,0
2008-07-16 13:30:00+00:00,30,7,13,476.3788146972656,492.9378662109375,0,0,0,0,0,0,0,0,0,0,0,0,0,0,0,0,0,0,0,0,0,0,0,0,0
2008-07-16 13:30:00+00:00,30,7,13,331.18414306640625,347.4685363769531,0,0,0,0,0,0,0,0,0,0,0,0,0,0,0,0,1,0,0,0,0,0,0,0,0
2008-07-16 13:30:00+00:00,30,7,13,94.51143646240234,71.6391372680664,0,0,0,0,0,0,0,0,0,1,1,1,1,1,1,1,1,0,0,0,0,0,0,0,0
2008-07-16 13:30:00+00:00,30,7,13,64.4419174194336,9.19803524017334,0,0,0,0,0,0,0,0,1,1,1,1,1,1,1,1,1,1,1,1,1,1,1,1,1
2008-07-16 13:30:00+00:00,30,7,13,90.04145812988281,94.87081909179688,0,0,0,0,0,0,0,0,0,1,1,1,1,1,1,1,1,0,0,0,0,0,0,0,0
2008-07-16 13:30:00+00:00,30,7,13,,,0,0,0,0,0,0,0,0,0,0,0,0,0,0,0,0,0,0,0,0,0,0,0,0,0
2008-07-16 13:30:00+00:00,30,7,13,301.1823425292969,378.5637512207031,0,0,0,0,0,0,0,0,0,0,0,0,0,0,0,0,1,0,0,0,0,0,0,0,0
2008-07-16 13:30:00+00:00,30,7,13,280.317138671875,93.64324951171875,0,0,0,0,0,0,0,0,0,0,0,0,0,0,0,1,1,0,0,0,0,0,0,0,0
2008-07-16 13:30:00+00:00,30,7,13,68.9979248046875,9.400818824768066,0,0,0,0,0,0,0,0,1,1,1,1,1,1,1,1,1,1,1,1,1,1,1,1,1
2008-07-16 13:30:00+00:00,30,7,13,114.05300903320312,12.960549354553223,0,0,0,0,0,0,0,0,0,0,1,1,1,1,1,1,1,0,1,1,1,1,1,1,1
2008-07-16 13:30:00+00:00,30,7,13,44.44696807861328,70.46688079833984,0,0,0,0,0,0,1,1,1,1,1,1,1,1,1,1,1,0,0,0,0,0,0,0,0
2008-07-16 13:30:00+00:00,30,7,13,254.82003784179688,155.19345092773438,0,0,0,0,0,0,0,0,0,0,0,0,0,0,0,1,1,0,0,0,0,0,0,0,0
2008-07-16 13:45:00+00:00,30,7,13,149.2284698486328,,0,0,0,0,0,0,0,0,0,0,0,1,1,1,1,1,1,0,0,0,0,0,0,0,0
2008-07-16 13:45:00+00:00,30,7,13,302.0791931152344,290.63616943359375,0,0,0,0,0,0,0,0,0,0,0,0,0,0,0,0,1,0,0,0,0,0,0,0,0
2008-07-16 13:45:00+00:00,30,7,13,,,0,0,0,0,0,0,0,0,0,0,0,0,0,0,0,0,0,0,0,0,0,0,0,0,0
2008-07-16 13:45:00+00:00,30,7,13,82.56207275390625,31.639602661132812,0,0,0,0,0,0,0,0,0,1,1,1,1,1,1,1,1,0,0,0,0,0,1,1,1
2008-07-16 13:45:00+00:00,30,7,13,75.25463104248047,60.45320129394531,0,0,0,0,0,0,0,0,1,1,1,1,1,1,1,1,1,0,0,0,0,0,0,0,0
2008-07-16 13:45:00+00:00,30,7,13,150.62657165527344,17.00884437561035,0,0,0,0,0,0,0,0,0,0,0,0,1,1,1,1,1,0,0,1,1,1,1,1,1
2008-07-16 13:45:00+00:00,30,7,13,864.0723266601562,896.5155029296875,0,0,0,0,0,0,0,0,0,0,0,0,0,0,0,0,0,0,0,0,0,0,0,0,0
2008-07-16 13:45:00+00:00,30,7,13,914.7014770507812,,0,0,0,0,0,0,0,0,0,0,0,0,0,0,0,0,0,0,0,0,0,0,0,0,0
2008-07-16 13:45:00+00:00,30,7,13,159.49923706054688,165.9602813720703,0,0,0,0,0,0,0,0,0,0,0,0,1,1,1,1,1,0,0,0,0,0,0,0,0
2008-07-16 13:45:00+00:00,30,7,13,,4.564090251922607,0,0,0,0,0,0,0,0,0,0,0,0,0,0,0,0,0,1,1,1,1,1,1,1,1
2008-07-16 14:00:00+00:00,30,7,14,498.5049133300781,515.4089965820312,0,0,0,0,0,0,0,0,0,0,0,0,0,0,0,0,0,0,0,0,0,0,0,0,0
2008-07-16 14:00:00+00:00,30,7,14,247.97901916503906,234.84152221679688,0,0,0,0,0,0,0,0,0,0,0,0,0,0,1,1,1,0,0,0,0,0,0,0,0
2008-07-16 14:00:00+00:00,30,7,14,256.130126953125,210.35951232910156,0,0,0,0,0,0,0,0,0,0,0,0,0,0,0,1,1,0,0,0,0,0,0,0,0
2008-07-16 14:00:00+00:00,30,7,14,128.45175170898438,155.27215576171875,0,0,0,0,0,0,0,0,0,0,0,1,1,1,1,1,1,0,0,0,0,0,0,0,0
2008-07-16 14:00:00+00:00,30,7,14,,,0,0,0,0,0,0,0,0,0,0,0,0,0,0,0,0,0,0,0,0,0,0,0,0,0
2008-07-16 14:00:00+00:00,30,7,14,162.4165496826172,175.46319580078125,0,0,0,0,0,0,0,0,0,0,0,0,1,1,1,1,1,0,0,0,0,0,0,0,0
2008-07-16 14:00:00+00:00,30,7,14,,,0,0,0,0,0,0,0,0,0,0,0,0,0,0,0,0,0,0,0,0,0,0,0,0,0
2008-07-16 14:15:00+00:00,30,7,14,420.15277099609375,417.4684753417969,0,0,0,0,0,0,0,0,0,0,0,0,0,0,0,0,0,0,0,0,0,0,0,0,0
2008-07-16 14:15:00+00:00,30,7,14,194.02137756347656,192.2963104248047,0,0,0,0,0,0,0,0,0,0,0,0,0,1,1,1,1,0,0,0,0,0,0,0,0
2008-07-16 14:15:00+00:00,30,7,14,174.71621704101562,158.6973419189453,0,0,0,0,0,0,0,0,0,0,0,0,1,1,1,1,1,0,0,0,0,0,0,0,0
2008-07-16 14:15:00+00:00,30,7,14,108.60050964355469,112.04027557373047,0,0,0,0,0,0,0,0,0,0,1,1,1,1,1,1,1,0,0,0,0,0,0,0,0
2008-07-16 14:15:00+00:00,30,7,14,,,0,0,0,0,0,0,0,0,0,0,0,0,0,0,0,0,0,0,0,0,0,0,0,0,0
2008-07-16 14:15:00+00:00,30,7,14,144.97230529785156,137.66883850097656,0,0,0,0,0,0,0,0,0,0,0,1,1,1,1,1,1,0,0,0,0,0,0,0,0
2008-07-16 14:15:00+00:00,30,7,14,255.12591552734375,268.8918762207031,0,0,0,0,0,0,0,0,0,0,0,0,0,0,0,1,1,0,0,0,0,0,0,0,0
2008-07-16 14:15:00+00:00,30,7,14,,,0,0,0,0,0,0,0,0,0,0,0,0,0,0,0,0,0,0,0,0,0,0,0,0,0
2008-07-16 14:15:00+00:00,30,7,14,,,0,0,0,0,0,0,0,0,0,0,0,0,0,0,0,0,0,0,0,0,0,0,0,0,0
2008-07-16 14:30:00+00:00,30,7,14,74.89041137695312,315.8363952636719,0,0,0,0,0,0,0,0,1,1,1,1,1,1,1,1,1,0,0,0,0,0,0,0,0
2008-07-16 14:30:00+00:00,30,7,14,,,0,0,0,0,0,0,0,0,0,0,0,0,0,0,0,0,0,0,0,0,0,0,0,0,0
2008-07-16 14:30:00+00:00,30,7,14,200.23513793945312,209.63137817382812,0,0,0,0,0,0,0,0,0,0,0,0,0,0,1,1,1,0,0,0,0,0,0,0,0
2008-07-16 14:30:00+00:00,30,7,14,442.25201416015625,415.21893310546875,0,0,0,0,0,0,0,0,0,0,0,0,0,0,0,0,0,0,0,0,0,0,0,0,0
2008-07-16 14:30:00+00:00,30,7,14,137.35577392578125,178.01040649414062,0,0,0,0,0,0,0,0,0,0,0,1,1,1,1,1,1,0,0,0,0,0,0,0,0
2008-07-16 14:30:00+00:00,30,7,14,332.8304443359375,379.40850830078125,0,0,0,0,0,0,0,0,0,0,0,0,0,0,0,0,1,0,0,0,0,0,0,0,0
2008-07-16 14:45:00+00:00,30,7,14,151.17445373535156,275.1158447265625,0,0,0,0,0,0,0,0,0,0,0,0,1,1,1,1,1,0,0,0,0,0,0,0,0
2008-07-16 14:45:00+00:00,30,7,14,193.97451782226562,238.57086181640625,0,0,0,0,0,0,0,0,0,0,0,0,0,1,1,1,1,0,0,0,0,0,0,0,0
2008-07-16 14:45:00+00:00,30,7,14,451.1539306640625,456.8976745605469,0,0,0,0,0,0,0,0,0,0,0,0,0,0,0,0,0,0,0,0,0,0,0,0,0
2008-07-16 14:45:00+00:00,30,7,14,290.6781311035156,291.21337890625,0,0,0,0,0,0,0,0,0,0,0,0,0,0,0,1,1,0,0,0,0,0,0,0,0
2008-07-16 14:45:00+00:00,30,7,14,160.53672790527344,143.79161071777344,0,0,0,0,0,0,0,0,0,0,0,0,1,1,1,1,1,0,0,0,0,0,0,0,0
2008-07-16 14:45:00+00:00,30,7,14,102.21300506591797,75.93572235107422,0,0,0,0,0,0,0,0,0,0,1,1,1,1,1,1,1,0,0,0,0,0,0,0,0
2008-07-16 14:45:00+00:00,30,7,14,,,0,0,0,0,0,0,0,0,0,0,0,0,0,0,0,0,0,0,0,0,0,0,0,0,0
2008-07-16 14:45:00+00:00,30,7,14,,,0,0,0,0,0,0,0,0,0,0,0,0,0,0,0,0,0,0,0,0,0,0,0,0,0
2008-07-16 14:45:00+00:00,30,7,14,,,0,0,0,0,0,0,0,0,0,0,0,0,0,0,0,0,0,0,0,0,0,0,0,0,0
2008-07-16 14:45:00+00:00,30,7,14,124.97457885742188,146.92213439941406,0,0,0,0,0,0,0,0,0,0,0,1,1,1,1,1,1,0,0,0,0,0,0,0,0
2008-07-16 15:00:00+00:00,30,7,15,498.3616638183594,178.31182861328125,0,0,0,0,0,0,0,0,0,0,0,0,0,0,0,0,0,0,0,0,0,0,0,0,0
2008-07-16 15:00:00+00:00,30,7,15,,,0,0,0,0,0,0,0,0,0,0,0,0,0,0,0,0,0,0,0,0,0,0,0,0,0
2008-07-16 15:00:00+00:00,30,7,15,173.77171325683594,235.97523498535156,0,0,0,0,0,0,0,0,0,0,0,0,1,1,1,1,1,0,0,0,0,0,0,0,0
2008-07-16 15:00:00+00:00,30,7,15,58.368038177490234,60.654415130615234,0,0,0,0,0,0,0,1,1,1,1,1,1,1,1,1,1,0,0,0,0,0,0,0,0
2008-07-16 15:00:00+00:00,30,7,15,219.21913146972656,206.83734130859375,0,0,0,0,0,0,0,0,0,0,0,0,0,0,1,1,1,0,0,0,0,0,0,0,0
2008-07-16 15:00:00+00:00,30,7,15,298.95074462890625,278.5478820800781,0,0,0,0,0,0,0,0,0,0,0,0,0,0,0,1,1,0,0,0,0,0,0,0,0
2008-07-16 15:15:00+00:00,30,7,15,123.19740295410156,124.34830474853516,0,0,0,0,0,0,0,0,0,0,0,1,1,1,1,1,1,0,0,0,0,0,0,0,0
2008-07-16 15:15:00+00:00,30,7,15,290.16497802734375,187.22569274902344,0,0,0,0,0,0,0,0,0,0,0,0,0,0,0,1,1,0,0,0,0,0,0,0,0
2008-07-16 15:30:00+00:00,30,7,15,102.082763671875,80.93742370605469,0,0,0,0,0,0,0,0,0,0,1,1,1,1,1,1,1,0,0,0,0,0,0,0,0
2008-07-16 15:30:00+00:00,30,7,15,,,0,0,0,0,0,0,0,0,0,0,0,0,0,0,0,0,0,0,0,0,0,0,0,0,0
2008-07-16 15:30:00+00:00,30,7,15,148.89305114746094,77.41984558105469,0,0,0,0,0,0,0,0,0,0,0,1,1,1,1,1,1,0,0,0,0,0,0,0,0
2008-07-16 15:45:00+00:00,30,7,15,86.04381561279297,119.22733306884766,0,0,0,0,0,0,0,0,0,1,1,1,1,1,1,1,1,0,0,0,0,0,0,0,0
2008-07-16 15:45:00+00:00,30,7,15,,,0,0,0,0,0,0,0,0,0,0,0,0,0,0,0,0,0,0,0,0,0,0,0,0,0
2008-07-16 15:45:00+00:00,30,7,15,,,0,0,0,0,0,0,0,0,0,0,0,0,0,0,0,0,0,0,0,0,0,0,0,0,0
2008-07-16 15:45:00+00:00,30,7,15,104.77579498291016,0.0,0,0,0,0,0,0,0,0,0,0,1,1,1,1,1,1,1,1,1,1,1,1,1,1,1
2008-07-16 15:45:00+00:00,30,7,15,364.70208740234375,62.74200439453125,0,0,0,0,0,0,0,0,0,0,0,0,0,0,0,0,0,0,0,0,0,0,0,0,0
2008-07-16 15:45:00+00:00,30,7,15,,,0,0,0,0,0,0,0,0,0,0,0,0,0,0,0,0,0,0,0,0,0,0,0,0,0
2008-07-16 16:00:00+00:00,30,7,16,148.5318603515625,110.48705291748047,0,0,0,0,0,0,0,0,0,0,0,1,1,1,1,1,1,0,0,0,0,0,0,0,0
2008-07-16 16:00:00+00:00,30,7,16,150.8082733154297,135.52896118164062,0,0,0,0,0,0,0,0,0,0,0,0,1,1,1,1,1,0,0,0,0,0,0,0,0
2008-07-16 16:00:00+00:00,30,7,16,,,0,0,0,0,0,0,0,0,0,0,0,0,0,0,0,0,0,0,0,0,0,0,0,0,0
2008-07-16 16:00:00+00:00,30,7,16,140.9444122314453,65.90480041503906,0,0,0,0,0,0,0,0,0,0,0,1,1,1,1,1,1,0,0,0,0,0,0,0,0
2008-07-16 16:00:00+00:00,30,7,16,,,0,0,0,0,0,0,0,0,0,0,0,0,0,0,0,0,0,0,0,0,0,0,0,0,0
2008-07-16 16:00:00+00:00,30,7,16,272.10845947265625,221.96499633789062,0,0,0,0,0,0,0,0,0,0,0,0,0,0,0,1,1,0,0,0,0,0,0,0,0
2008-07-16 16:00:00+00:00,30,7,16,,,0,0,0,0,0,0,0,0,0,0,0,0,0,0,0,0,0,0,0,0,0,0,0,0,0
2008-07-16 16:00:00+00:00,30,7,16,219.45120239257812,196.6260223388672,0,0,0,0,0,0,0,0,0,0,0,0,0,0,1,1,1,0,0,0,0,0,0,0,0
2008-07-16 16:00:00+00:00,30,7,16,374.1162109375,359.43267822265625,0,0,0,0,0,0,0,0,0,0,0,0,0,0,0,0,0,0,0,0,0,0,0,0,0
2008-07-16 16:00:00+00:00,30,7,16,147.53231811523438,133.1954345703125,0,0,0,0,0,0,0,0,0,0,0,1,1,1,1,1,1,0,0,0,0,0,0,0,0
2008-07-16 16:00:00+00:00,30,7,16,115.8651123046875,110.87749481201172,0,0,0,0,0,0,0,0,0,0,1,1,1,1,1,1,1,0,0,0,0,0,0,0,0
2008-07-16 16:15:00+00:00,30,7,16,346.83331298828125,323.756103515625,0,0,0,0,0,0,0,0,0,0,0,0,0,0,0,0,1,0,0,0,0,0,0,0,0
2008-07-16 16:15:00+00:00,30,7,16,302.5350646972656,278.88958740234375,0,0,0,0,0,0,0,0,0,0,0,0,0,0,0,0,1,0,0,0,0,0,0,0,0
2008-07-16 16:15:00+00:00,30,7,16,308.031494140625,283.81182861328125,0,0,0,0,0,0,0,0,0,0,0,0,0,0,0,0,1,0,0,0,0,0,0,0,0
2008-07-16 16:15:00+00:00,30,7,16,,,0,0,0,0,0,0,0,0,0,0,0,0,0,0,0,0,0,0,0,0,0,0,0,0,0
2008-07-16 16:30:00+00:00,30,7,16,342.23931884765625,338.6937255859375,0,0,0,0,0,0,0,0,0,0,0,0,0,0,0,0,1,0,0,0,0,0,0,0,0
2008-07-16 16:30:00+00:00,30,7,16,233.30921936035156,202.33433532714844,0,0,0,0,0,0,0,0,0,0,0,0,0,0,1,1,1,0,0,0,0,0,0,0,0
2008-07-16 16:30:00+00:00,30,7,16,90.32738494873047,126.53954315185547,0,0,0,0,0,0,0,0,0,1,1,1,1,1,1,1,1,0,0,0,0,0,0,0,0
2008-07-16 16:30:00+00:00,30,7,16,288.14398193359375,281.364990234375,0,0,0,0,0,0,0,0,0,0,0,0,0,0,0,1,1,0,0,0,0,0,0,0,0
2008-07-16 16:30:00+00:00,30,7,16,187.1852264404297,161.5330047607422,0,0,0,0,0,0,0,0,0,0,0,0,0,1,1,1,1,0,0,0,0,0,0,0,0
2008-07-16 16:30:00+00:00,30,7,16,68.70455932617188,58.27781295776367,0,0,0,0,0,0,0,0,1,1,1,1,1,1,1,1,1,0,0,0,0,0,0,0,1
2008-07-16 16:30:00+00:00,30,7,16,101.47469329833984,104.36705780029297,0,0,0,0,0,0,0,0,0,0,1,1,1,1,1,1,1,0,0,0,0,0,0,0,0
2008-07-16 16:45:00+00:00,30,7,16,168.89480590820312,176.21791076660156,0,0,0,0,0,0,0,0,0,0,0,0,1,1,1,1,1,0,0,0,0,0,0,0,0
2008-07-16 16:45:00+00:00,30,7,16,89.13926696777344,53.78162384033203,0,0,0,0,0,0,0,0,0,1,1,1,1,1,1,1,1,0,0,0,0,0,0,0,1
2008-07-16 16:45:00+00:00,30,7,16,341.0491943359375,157.4220733642578,0,0,0,0,0,0,0,0,0,0,0,0,0,0,0,0,1,0,0,0,0,0,0,0,0
2008-07-16 16:45:00+00:00,30,7,16,195.38499450683594,199.945556640625,0,0,0,0,0,0,0,0,0,0,0,0,0,1,1,1,1,0,0,0,0,0,0,0,0
2008-07-16 16:45:00+00:00,30,7,16,,,0,0,0,0,0,0,0,0,0,0,0,0,0,0,0,0,0,0,0,0,0,0,0,0,0
2008-07-16 16:45:00+00:00,30,7,16,,,0,0,0,0,0,0,0,0,0,0,0,0,0,0,0,0,0,0,0,0,0,0,0,0,0
2008-07-16 17:00:00+00:00,30,7,17,377.1847839355469,377.1617736816406,0,0,0,0,0,0,0,0,0,0,0,0,0,0,0,0,0,0,0,0,0,0,0,0,0
2008-07-16 17:00:00+00:00,30,7,17,249.30023193359375,32.49335861206055,0,0,0,0,0,0,0,0,0,0,0,0,0,0,1,1,1,0,0,0,0,0,1,1,1
2008-07-16 17:00:00+00:00,30,7,17,,,0,0,0,0,0,0,0,0,0,0,0,0,0,0,0,0,0,0,0,0,0,0,0,0,0
2008-07-16 17:00:00+00:00,30,7,17,,,0,0,0,0,0,0,0,0,0,0,0,0,0,0,0,0,0,0,0,0,0,0,0,0,0
2008-07-16 17:00:00+00:00,30,7,17,85.2822036743164,69.5774154663086,0,0,0,0,0,0,0,0,0,1,1,1,1,1,1,1,1,0,0,0,0,0,0,0,0
2008-07-16 17:00:00+00:00,30,7,17,,,0,0,0,0,0,0,0,0,0,0,0,0,0,0,0,0,0,0,0,0,0,0,0,0,0
2008-07-16 17:15:00+00:00,30,7,17,101.1678466796875,62.63484573364258,0,0,0,0,0,0,0,0,0,0,1,1,1,1,1,1,1,0,0,0,0,0,0,0,0
2008-07-16 17:15:00+00:00,30,7,17,,188.68487548828125,0,0,0,0,0,0,0,0,0,0,0,0,0,0,0,0,0,0,0,0,0,0,0,0,0
2008-07-16 17:15:00+00:00,30,7,17,287.0063171386719,281.4532165527344,0,0,0,0,0,0,0,0,0,0,0,0,0,0,0,1,1,0,0,0,0,0,0,0,0
2008-07-16 17:15:00+00:00,30,7,17,343.28460693359375,129.91697692871094,0,0,0,0,0,0,0,0,0,0,0,0,0,0,0,0,1,0,0,0,0,0,0,0,0
2008-07-16 17:30:00+00:00,30,7,17,293.84918212890625,,0,0,0,0,0,0,0,0,0,0,0,0,0,0,0,1,1,0,0,0,0,0,0,0,0
2008-07-16 17:30:00+00:00,30,7,17,,262.34588623046875,0,0,0,0,0,0,0,0,0,0,0,0,0,0,0,0,0,0,0,0,0,0,0,0,0
2008-07-16 17:30:00+00:00,30,7,17,,,0,0,0,0,0,0,0,0,0,0,0,0,0,0,0,0,0,0,0,0,0,0,0,0,0
2008-07-16 17:30:00+00:00,30,7,17,,,0,0,0,0,0,0,0,0,0,0,0,0,0,0,0,0,0,0,0,0,0,0,0,0,0
2008-07-16 17:45:00+00:00,30,7,17,180.820068359375,165.1688690185547,0,0,0,0,0,0,0,0,0,0,0,0,0,1,1,1,1,0,0,0,0,0,0,0,0
2008-07-16 17:45:00+00:00,30,7,17,,,0,0,0,0,0,0,0,0,0,0,0,0,0,0,0,0,0,0,0,0,0,0,0,0,0
2008-07-17 10:00:00+00:00,30,7,10,,,0,0,0,0,0,0,0,0,0,0,0,0,0,0,0,0,0,0,0,0,0,0,0,0,0
2008-07-17 10:00:00+00:00,30,7,10,,,0,0,0,0,0,0,0,0,0,0,0,0,0,0,0,0,0,0,0,0,0,0,0,0,0
2008-07-17 10:00:00+00:00,30,7,10,,,0,0,0,0,0,0,0,0,0,0,0,0,0,0,0,0,0,0,0,0,0,0,0,0,0
2008-07-17 10:00:00+00:00,30,7,10,31.545242309570312,20.96084213256836,0,0,0,0,0,1,1,1,1,1,1,1,1,1,1,1,1,0,0,0,1,1,1,1,1
2008-07-17 10:00:00+00:00,30,7,10,218.0918426513672,150.1942138671875,0,0,0,0,0,0,0,0,0,0,0,0,0,0,1,1,1,0,0,0,0,0,0,0,0
2008-07-17 10:00:00+00:00,30,7,10,,,0,0,0,0,0,0,0,0,0,0,0,0,0,0,0,0,0,0,0,0,0,0,0,0,0
2008-07-17 10:00:00+00:00,30,7,10,,,0,0,0,0,0,0,0,0,0,0,0,0,0,0,0,0,0,0,0,0,0,0,0,0,0
2008-07-17 10:00:00+00:00,30,7,10,,,0,0,0,0,0,0,0,0,0,0,0,0,0,0,0,0,0,0,0,0,0,0,0,0,0
2008-07-17 10:15:00+00:00,30,7,10,,,0,0,0,0,0,0,0,0,0,0,0,0,0,0,0,0,0,0,0,0,0,0,0,0,0
2008-07-17 10:15:00+00:00,30,7,10,75.10489654541016,71.69259643554688,0,0,0,0,0,0,0,0,1,1,1,1,1,1,1,1,1,0,0,0,0,0,0,0,0
2008-07-17 10:15:00+00:00,30,7,10,,,0,0,0,0,0,0,0,0,0,0,0,0,0,0,0,0,0,0,0,0,0,0,0,0,0
2008-07-17 10:15:00+00:00,30,7,10,,,0,0,0,0,0,0,0,0,0,0,0,0,0,0,0,0,0,0,0,0,0,0,0,0,0
2008-07-17 10:15:00+00:00,30,7,10,183.66912841796875,63.520721435546875,0,0,0,0,0,0,0,0,0,0,0,0,0,1,1,1,1,0,0,0,0,0,0,0,0
2008-07-17 10:15:00+00:00,30,7,10,288.3504943847656,304.3719482421875,0,0,0,0,0,0,0,0,0,0,0,0,0,0,0,1,1,0,0,0,0,0,0,0,0
2008-07-17 10:15:00+00:00,30,7,10,,,0,0,0,0,0,0,0,0,0,0,0,0,0,0,0,0,0,0,0,0,0,0,0,0,0
2008-07-17 10:30:00+00:00,30,7,10,,,0,0,0,0,0,0,0,0,0,0,0,0,0,0,0,0,0,0,0,0,0,0,0,0,0
2008-07-17 10:30:00+00:00,30,7,10,,,0,0,0,0,0,0,0,0,0,0,0,0,0,0,0,0,0,0,0,0,0,0,0,0,0
2008-07-17 10:30:00+00:00,30,7,10,374.9710998535156,344.24725341796875,0,0,0,0,0,0,0,0,0,0,0,0,0,0,0,0,0,0,0,0,0,0,0,0,0
2008-07-17 10:30:00+00:00,30,7,10,290.169677734375,204.98468017578125,0,0,0,0,0,0,0,0,0,0,0,0,0,0,0,1,1,0,0,0,0,0,0,0,0
2008-07-17 10:30:00+00:00,30,7,10,329.0195007324219,8.609816551208496,0,0,0,0,0,0,0,0,0,0,0,0,0,0,0,0,1,1,1,1,1,1,1,1,1
2008-07-17 10:30:00+00:00,30,7,10,322.9919738769531,56.21575927734375,0,0,0,0,0,0,0,0,0,0,0,0,0,0,0,0,1,0,0,0,0,0,0,0,1
2008-07-17 10:30:00+00:00,30,7,10,388.051025390625,134.52076721191406,0,0,0,0,0,0,0,0,0,0,0,0,0,0,0,0,0,0,0,0,0,0,0,0,0
2008-07-17 10:30:00+00:00,30,7,10,,,0,0,0,0,0,0,0,0,0,0,0,0,0,0,0,0,0,0,0,0,0,0,0,0,0
2008-07-17 10:45:00+00:00,30,7,10,,,0,0,0,0,0,0,0,0,0,0,0,0,0,0,0,0,0,0,0,0,0,0,0,0,0
2008-07-17 10:45:00+00:00,30,7,10,,,0,0,0,0,0,0,0,0,0,0,0,0,0,0,0,0,0,0,0,0,0,0,0,0,0
2008-07-17 10:45:00+00:00,30,7,10,,,0,0,0,0,0,0,0,0,0,0,0,0,0,0,0,0,0,0,0,0,0,0,0,0,0
2008-07-17 10:45:00+00:00,30,7,10,362.0865173339844,,0,0,0,0,0,0,0,0,0,0,0,0,0,0,0,0,0,0,0,0,0,0,0,0,0
2008-07-17 10:45:00+00:00,30,7,10,254.35304260253906,12.899703025817871,0,0,0,0,0,0,0,0,0,0,0,0,0,0,0,1,1,0,1,1,1,1,1,1,1
2008-07-17 10:45:00+00:00,30,7,10,,,0,0,0,0,0,0,0,0,0,0,0,0,0,0,0,0,0,0,0,0,0,0,0,0,0
2008-07-17 10:45:00+00:00,30,7,10,293.543212890625,25.78973388671875,0,0,0,0,0,0,0,0,0,0,0,0,0,0,0,1,1,0,0,0,0,1,1,1,1
2008-07-17 10:45:00+00:00,30,7,10,,96.54208374023438,0,0,0,0,0,0,0,0,0,0,0,0,0,0,0,0,0,0,0,0,0,0,0,0,0
2008-07-17 10:45:00+00:00,30,7,10,,239.08106994628906,0,0,0,0,0,0,0,0,0,0,0,0,0,0,0,0,0,0,0,0,0,0,0,0,0
2008-07-17 10:45:00+00:00,30,7,10,,,0,0,0,0,0,0,0,0,0,0,0,0,0,0,0,0,0,0,0,0,0,0,0,0,0
2008-07-17 10:45:00+00:00,30,7,10,,,0,0,0,0,0,0,0,0,0,0,0,0,0,0,0,0,0,0,0,0,0,0,0,0,0
2008-07-17 11:00:00+00:00,30,7,11,,484.6325378417969,0,0,0,0,0,0,0,0,0,0,0,0,0,0,0,0,0,0,0,0,0,0,0,0,0
2008-07-17 11:00:00+00:00,30,7,11,,,0,0,0,0,0,0,0,0,0,0,0,0,0,0,0,0,0,0,0,0,0,0,0,0,0
2008-07-17 11:00:00+00:00,30,7,11,,400.99151611328125,0,0,0,0,0,0,0,0,0,0,0,0,0,0,0,0,0,0,0,0,0,0,0,0,0
2008-07-17 11:00:00+00:00,30,7,11,,358.62481689453125,0,0,0,0,0,0,0,0,0,0,0,0,0,0,0,0,0,0,0,0,0,0,0,0,0
2008-07-17 11:00:00+00:00,30,7,11,,,0,0,0,0,0,0,0,0,0,0,0,0,0,0,0,0,0,0,0,0,0,0,0,0,0
2008-07-17 11:00:00+00:00,30,7,11,,,0,0,0,0,0,0,0,0,0,0,0,0,0,0,0,0,0,0,0,0,0,0,0,0,0
2008-07-17 11:00:00+00:00,30,7,11,,,0,0,0,0,0,0,0,0,0,0,0,0,0,0,0,0,0,0,0,0,0,0,0,0,0
2008-07-17 11:00:00+00:00,30,7,11,,,0,0,0,0,0,0,0,0,0,0,0,0,0,0,0,0,0,0,0,0,0,0,0,0,0
2008-07-17 11:00:00+00:00,30,7,11,,,0,0,0,0,0,0,0,0,0,0,0,0,0,0,0,0,0,0,0,0,0,0,0,0,0
2008-07-17 11:00:00+00:00,30,7,11,,,0,0,0,0,0,0,0,0,0,0,0,0,0,0,0,0,0,0,0,0,0,0,0,0,0
2008-07-17 11:00:00+00:00,30,7,11,303.76385498046875,279.93206787109375,0,0,0,0,0,0,0,0,0,0,0,0,0,0,0,0,1,0,0,0,0,0,0,0,0
2008-07-17 11:00:00+00:00,30,7,11,,,0,0,0,0,0,0,0,0,0,0,0,0,0,0,0,0,0,0,0,0,0,0,0,0,0
2008-07-17 11:00:00+00:00,30,7,11,,,0,0,0,0,0,0,0,0,0,0,0,0,0,0,0,0,0,0,0,0,0,0,0,0,0
2008-07-17 11:00:00+00:00,30,7,11,62.44455337524414,76.39952850341797,0,0,0,0,0,0,0,0,1,1,1,1,1,1,1,1,1,0,0,0,0,0,0,0,0
2008-07-17 11:00:00+00:00,30,7,11,109.94385528564453,97.15641021728516,0,0,0,0,0,0,0,0,0,0,1,1,1,1,1,1,1,0,0,0,0,0,0,0,0
2008-07-17 11:00:00+00:00,30,7,11,323.4891357421875,329.8396301269531,0,0,0,0,0,0,0,0,0,0,0,0,0,0,0,0,1,0,0,0,0,0,0,0,0
2008-07-17 11:00:00+00:00,30,7,11,172.02200317382812,102.06411743164062,0,0,0,0,0,0,0,0,0,0,0,0,1,1,1,1,1,0,0,0,0,0,0,0,0
2008-07-17 11:00:00+00:00,30,7,11,,,0,0,0,0,0,0,0,0,0,0,0,0,0,0,0,0,0,0,0,0,0,0,0,0,0
2008-07-17 11:00:00+00:00,30,7,11,,,0,0,0,0,0,0,0,0,0,0,0,0,0,0,0,0,0,0,0,0,0,0,0,0,0
2008-07-17 11:15:00+00:00,30,7,11,,153.34254455566406,0,0,0,0,0,0,0,0,0,0,0,0,0,0,0,0,0,0,0,0,0,0,0,0,0
2008-07-17 11:15:00+00:00,30,7,11,,,0,0,0,0,0,0,0,0,0,0,0,0,0,0,0,0,0,0,0,0,0,0,0,0,0
2008-07-17 11:15:00+00:00,30,7,11,,,0,0,0,0,0,0,0,0,0,0,0,0,0,0,0,0,0,0,0,0,0,0,0,0,0
2008-07-17 11:15:00+00:00,30,7,11,,,0,0,0,0,0,0,0,0,0,0,0,0,0,0,0,0,0,0,0,0,0,0,0,0,0
2008-07-17 11:15:00+00:00,30,7,11,,,0,0,0,0,0,0,0,0,0,0,0,0,0,0,0,0,0,0,0,0,0,0,0,0,0
2008-07-17 11:15:00+00:00,30,7,11,,,0,0,0,0,0,0,0,0,0,0,0,0,0,0,0,0,0,0,0,0,0,0,0,0,0
2008-07-17 11:15:00+00:00,30,7,11,,,0,0,0,0,0,0,0,0,0,0,0,0,0,0,0,0,0,0,0,0,0,0,0,0,0
2008-07-17 11:15:00+00:00,30,7,11,,,0,0,0,0,0,0,0,0,0,0,0,0,0,0,0,0,0,0,0,0,0,0,0,0,0
2008-07-17 11:15:00+00:00,30,7,11,48.8523063659668,50.19624328613281,0,0,0,0,0,0,1,1,1,1,1,1,1,1,1,1,1,0,0,0,0,0,0,0,1
2008-07-17 11:15:00+00:00,30,7,11,268.0485534667969,277.8135681152344,0,0,0,0,0,0,0,0,0,0,0,0,0,0,0,1,1,0,0,0,0,0,0,0,0
2008-07-17 11:15:00+00:00,30,7,11,,,0,0,0,0,0,0,0,0,0,0,0,0,0,0,0,0,0,0,0,0,0,0,0,0,0
2008-07-17 11:15:00+00:00,30,7,11,230.0113525390625,240.8087158203125,0,0,0,0,0,0,0,0,0,0,0,0,0,0,1,1,1,0,0,0,0,0,0,0,0
2008-07-17 11:15:00+00:00,30,7,11,,,0,0,0,0,0,0,0,0,0,0,0,0,0,0,0,0,0,0,0,0,0,0,0,0,0
2008-07-17 11:15:00+00:00,30,7,11,,,0,0,0,0,0,0,0,0,0,0,0,0,0,0,0,0,0,0,0,0,0,0,0,0,0
2008-07-17 11:15:00+00:00,30,7,11,,,0,0,0,0,0,0,0,0,0,0,0,0,0,0,0,0,0,0,0,0,0,0,0,0,0
2008-07-17 11:15:00+00:00,30,7,11,390.88031005859375,316.92559814453125,0,0,0,0,0,0,0,0,0,0,0,0,0,0,0,0,0,0,0,0,0,0,0,0,0
2008-07-17 11:15:00+00:00,30,7,11,188.05430603027344,190.4048614501953,0,0,0,0,0,0,0,0,0,0,0,0,0,1,1,1,1,0,0,0,0,0,0,0,0
2008-07-17 11:15:00+00:00,30,7,11,,,0,0,0,0,0,0,0,0,0,0,0,0,0,0,0,0,0,0,0,0,0,0,0,0,0
2008-07-17 11:15:00+00:00,30,7,11,,,0,0,0,0,0,0,0,0,0,0,0,0,0,0,0,0,0,0,0,0,0,0,0,0,0
2008-07-17 11:30:00+00:00,30,7,11,,150.07115173339844,0,0,0,0,0,0,0,0,0,0,0,0,0,0,0,0,0,0,0,0,0,0,0,0,0
2008-07-17 11:30:00+00:00,30,7,11,,0.0,0,0,0,0,0,0,0,0,0,0,0,0,0,0,0,0,0,1,1,1,1,1,1,1,1
2008-07-17 11:30:00+00:00,30,7,11,,220.1431884765625,0,0,0,0,0,0,0,0,0,0,0,0,0,0,0,0,0,0,0,0,0,0,0,0,0
2008-07-17 11:30:00+00:00,30,7,11,,0.0,0,0,0,0,0,0,0,0,0,0,0,0,0,0,0,0,0,1,1,1,1,1,1,1,1
2008-07-17 11:30:00+00:00,30,7,11,,48.01449966430664,0,0,0,0,0,0,0,0,0,0,0,0,0,0,0,0,0,0,0,0,0,0,0,1,1
2008-07-17 11:30:00+00:00,30,7,11,,82.18011474609375,0,0,0,0,0,0,0,0,0,0,0,0,0,0,0,0,0,0,0,0,0,0,0,0,0
2008-07-17 11:30:00+00:00,30,7,11,,36.86048126220703,0,0,0,0,0,0,0,0,0,0,0,0,0,0,0,0,0,0,0,0,0,0,1,1,1
2008-07-17 11:30:00+00:00,30,7,11,,168.1743621826172,0,0,0,0,0,0,0,0,0,0,0,0,0,0,0,0,0,0,0,0,0,0,0,0,0
2008-07-17 11:30:00+00:00,30,7,11,,289.1919860839844,0,0,0,0,0,0,0,0,0,0,0,0,0,0,0,0,0,0,0,0,0,0,0,0,0
2008-07-17 11:30:00+00:00,30,7,11,,282.8291320800781,0,0,0,0,0,0,0,0,0,0,0,0,0,0,0,0,0,0,0,0,0,0,0,0,0
2008-07-17 11:30:00+00:00,30,7,11,,356.6183166503906,0,0,0,0,0,0,0,0,0,0,0,0,0,0,0,0,0,0,0,0,0,0,0,0,0
2008-07-17 11:30:00+00:00,30,7,11,,386.30169677734375,0,0,0,0,0,0,0,0,0,0,0,0,0,0,0,0,0,0,0,0,0,0,0,0,0
2008-07-17 11:30:00+00:00,30,7,11,,285.46405029296875,0,0,0,0,0,0,0,0,0,0,0,0,0,0,0,0,0,0,0,0,0,0,0,0,0
2008-07-17 11:30:00+00:00,30,7,11,507.4801940917969,386.1382751464844,0,0,0,0,0,0,0,0,0,0,0,0,0,0,0,0,0,0,0,0,0,0,0,0,0
2008-07-17 11:30:00+00:00,30,7,11,,202.4988250732422,0,0,0,0,0,0,0,0,0,0,0,0,0,0,0,0,0,0,0,0,0,0,0,0,0
2008-07-17 11:30:00+00:00,30,7,11,207.00546264648438,112.63959503173828,0,0,0,0,0,0,0,0,0,0,0,0,0,0,1,1,1,0,0,0,0,0,0,0,0
2008-07-17 11:30:00+00:00,30,7,11,,107.82678985595703,0,0,0,0,0,0,0,0,0,0,0,0,0,0,0,0,0,0,0,0,0,0,0,0,0
2008-07-17 11:30:00+00:00,30,7,11,,108.9497299194336,0,0,0,0,0,0,0,0,0,0,0,0,0,0,0,0,0,0,0,0,0,0,0,0,0
2008-07-17 11:30:00+00:00,30,7,11,329.1673278808594,114.25347137451172,0,0,0,0,0,0,0,0,0,0,0,0,0,0,0,0,1,0,0,0,0,0,0,0,0
2008-07-17 11:30:00+00:00,30,7,11,,113.4949722290039,0,0,0,0,0,0,0,0,0,0,0,0,0,0,0,0,0,0,0,0,0,0,0,0,0
2008-07-17 11:30:00+00:00,30,7,11,125.70643615722656,122.51641082763672,0,0,0,0,0,0,0,0,0,0,0,1,1,1,1,1,1,0,0,0,0,0,0,0,0
2008-07-17 11:30:00+00:00,30,7,11,173.98475646972656,158.0867919921875,0,0,0,0,0,0,0,0,0,0,0,0,1,1,1,1,1,0,0,0,0,0,0,0,0
2008-07-17 11:30:00+00:00,30,7,11,,614.001708984375,0,0,0,0,0,0,0,0,0,0,0,0,0,0,0,0,0,0,0,0,0,0,0,0,0
2008-07-17 11:30:00+00:00,30,7,11,,,0,0,0,0,0,0,0,0,0,0,0,0,0,0,0,0,0,0,0,0,0,0,0,0,0
2008-07-17 11:45:00+00:00,30,7,11,,,0,0,0,0,0,0,0,0,0,0,0,0,0,0,0,0,0,0,0,0,0,0,0,0,0
2008-07-17 11:45:00+00:00,30,7,11,253.92892456054688,3.065861701965332,0,0,0,0,0,0,0,0,0,0,0,0,0,0,0,1,1,1,1,1,1,1,1,1,1
2008-07-17 11:45:00+00:00,30,7,11,,,0,0,0,0,0,0,0,0,0,0,0,0,0,0,0,0,0,0,0,0,0,0,0,0,0
2008-07-17 11:45:00+00:00,30,7,11,352.2063293457031,397.86767578125,0,0,0,0,0,0,0,0,0,0,0,0,0,0,0,0,0,0,0,0,0,0,0,0,0
2008-07-17 11:45:00+00:00,30,7,11,114.64303588867188,98.55158996582031,0,0,0,0,0,0,0,0,0,0,1,1,1,1,1,1,1,0,0,0,0,0,0,0,0
2008-07-17 11:45:00+00:00,30,7,11,385.95855712890625,183.01551818847656,0,0,0,0,0,0,0,0,0,0,0,0,0,0,0,0,0,0,0,0,0,0,0,0,0
2008-07-17 11:45:00+00:00,30,7,11,163.56878662109375,54.10581588745117,0,0,0,0,0,0,0,0,0,0,0,0,1,1,1,1,1,0,0,0,0,0,0,0,1
2008-07-17 11:45:00+00:00,30,7,11,268.90704345703125,48.89845275878906,0,0,0,0,0,0,0,0,0,0,0,0,0,0,0,1,1,0,0,0,0,0,0,1,1
2008-07-17 11:45:00+00:00,30,7,11,209.09115600585938,3.1220953464508057,0,0,0,0,0,0,0,0,0,0,0,0,0,0,1,1,1,1,1,1,1,1,1,1,1
2008-07-17 11:45:00+00:00,30,7,11,269.19927978515625,3.1527767181396484,0,0,0,0,0,0,0,0,0,0,0,0,0,0,0,1,1,1,1,1,1,1,1,1,1
2008-07-17 11:45:00+00:00,30,7,11,316.7408142089844,24.492507934570312,0,0,0,0,0,0,0,0,0,0,0,0,0,0,0,0,1,0,0,0,1,1,1,1,1
2008-07-17 11:45:00+00:00,30,7,11,230.6577606201172,236.9033660888672,0,0,0,0,0,0,0,0,0,0,0,0,0,0,1,1,1,0,0,0,0,0,0,0,0
2008-07-17 11:45:00+00:00,30,7,11,,729.3296508789062,0,0,0,0,0,0,0,0,0,0,0,0,0,0,0,0,0,0,0,0,0,0,0,0,0
2008-07-17 12:00:00+00:00,30,7,12,,,0,0,0,0,0,0,0,0,0,0,0,0,0,0,0,0,0,0,0,0,0,0,0,0,0
2008-07-17 12:00:00+00:00,30,7,12,274.9998474121094,0.0,0,0,0,0,0,0,0,0,0,0,0,0,0,0,0,1,1,1,1,1,1,1,1,1,1
2008-07-17 12:00:00+00:00,30,7,12,,,0,0,0,0,0,0,0,0,0,0,0,0,0,0,0,0,0,0,0,0,0,0,0,0,0
2008-07-17 12:00:00+00:00,30,7,12,190.9014129638672,98.75634002685547,0,0,0,0,0,0,0,0,0,0,0,0,0,1,1,1,1,0,0,0,0,0,0,0,0
2008-07-17 12:00:00+00:00,30,7,12,37.16813659667969,12.258231163024902,0,0,0,0,0,1,1,1,1,1,1,1,1,1,1,1,1,0,1,1,1,1,1,1,1
2008-07-17 12:00:00+00:00,30,7,12,55.32679748535156,53.52569580078125,0,0,0,0,0,0,0,1,1,1,1,1,1,1,1,1,1,0,0,0,0,0,0,0,1
2008-07-17 12:00:00+00:00,30,7,12,,402.4914245605469,0,0,0,0,0,0,0,0,0,0,0,0,0,0,0,0,0,0,0,0,0,0,0,0,0
2008-07-17 12:00:00+00:00,30,7,12,248.71517944335938,128.09483337402344,0,0,0,0,0,0,0,0,0,0,0,0,0,0,1,1,1,0,0,0,0,0,0,0,0
2008-07-17 12:00:00+00:00,30,7,12,410.22259521484375,391.7974548339844,0,0,0,0,0,0,0,0,0,0,0,0,0,0,0,0,0,0,0,0,0,0,0,0,0
2008-07-17 12:00:00+00:00,30,7,12,207.37823486328125,337.7835693359375,0,0,0,0,0,0,0,0,0,0,0,0,0,0,1,1,1,0,0,0,0,0,0,0,0
2008-07-17 12:00:00+00:00,30,7,12,362.6015319824219,352.1852722167969,0,0,0,0,0,0,0,0,0,0,0,0,0,0,0,0,0,0,0,0,0,0,0,0,0
2008-07-17 12:00:00+00:00,30,7,12,170.096435546875,432.6084289550781,0,0,0,0,0,0,0,0,0,0,0,0,1,1,1,1,1,0,0,0,0,0,0,0,0
2008-07-17 12:00:00+00:00,30,7,12,266.3095397949219,315.2167663574219,0,0,0,0,0,0,0,0,0,0,0,0,0,0,0,1,1,0,0,0,0,0,0,0,0
2008-07-17 12:00:00+00:00,30,7,12,63.135597229003906,71.93881225585938,0,0,0,0,0,0,0,0,1,1,1,1,1,1,1,1,1,0,0,0,0,0,0,0,0
2008-07-17 12:00:00+00:00,30,7,12,255.79376220703125,39.76612854003906,0,0,0,0,0,0,0,0,0,0,0,0,0,0,0,1,1,0,0,0,0,0,1,1,1
2008-07-17 12:00:00+00:00,30,7,12,257.9567565917969,24.776611328125,0,0,0,0,0,0,0,0,0,0,0,0,0,0,0,1,1,0,0,0,1,1,1,1,1
2008-07-17 12:00:00+00:00,30,7,12,342.739990234375,333.3173828125,0,0,0,0,0,0,0,0,0,0,0,0,0,0,0,0,1,0,0,0,0,0,0,0,0
2008-07-17 12:00:00+00:00,30,7,12,308.9173583984375,345.4245910644531,0,0,0,0,0,0,0,0,0,0,0,0,0,0,0,0,1,0,0,0,0,0,0,0,0
2008-07-17 12:00:00+00:00,30,7,12,,124.20304107666016,0,0,0,0,0,0,0,0,0,0,0,0,0,0,0,0,0,0,0,0,0,0,0,0,0
2008-07-17 12:00:00+00:00,30,7,12,,,0,0,0,0,0,0,0,0,0,0,0,0,0,0,0,0,0,0,0,0,0,0,0,0,0
2008-07-17 12:15:00+00:00,30,7,12,236.09974670410156,247.7880401611328,0,0,0,0,0,0,0,0,0,0,0,0,0,0,1,1,1,0,0,0,0,0,0,0,0
2008-07-17 12:15:00+00:00,30,7,12,226.1313934326172,238.8600616455078,0,0,0,0,0,0,0,0,0,0,0,0,0,0,1,1,1,0,0,0,0,0,0,0,0
2008-07-17 12:15:00+00:00,30,7,12,,261.5064697265625,0,0,0,0,0,0,0,0,0,0,0,0,0,0,0,0,0,0,0,0,0,0,0,0,0
2008-07-17 12:15:00+00:00,30,7,12,183.0034942626953,186.1355743408203,0,0,0,0,0,0,0,0,0,0,0,0,0,1,1,1,1,0,0,0,0,0,0,0,0
2008-07-17 12:15:00+00:00,30,7,12,,244.98834228515625,0,0,0,0,0,0,0,0,0,0,0,0,0,0,0,0,0,0,0,0,0,0,0,0,0
2008-07-17 12:15:00+00:00,30,7,12,83.56973266601562,98.05952453613281,0,0,0,0,0,0,0,0,0,1,1,1,1,1,1,1,1,0,0,0,0,0,0,0,0
2008-07-17 12:15:00+00:00,30,7,12,318.04541015625,3.110006093978882,0,0,0,0,0,0,0,0,0,0,0,0,0,0,0,0,1,1,1,1,1,1,1,1,1
2008-07-17 12:15:00+00:00,30,7,12,,446.7178649902344,0,0,0,0,0,0,0,0,0,0,0,0,0,0,0,0,0,0,0,0,0,0,0,0,0
2008-07-17 12:15:00+00:00,30,7,12,,227.0303192138672,0,0,0,0,0,0,0,0,0,0,0,0,0,0,0,0,0,0,0,0,0,0,0,0,0
2008-07-17 12:15:00+00:00,30,7,12,200.9529571533203,216.7389678955078,0,0,0,0,0,0,0,0,0,0,0,0,0,0,1,1,1,0,0,0,0,0,0,0,0
2008-07-17 12:15:00+00:00,30,7,12,62.64116287231445,0.0,0,0,0,0,0,0,0,0,1,1,1,1,1,1,1,1,1,1,1,1,1,1,1,1,1
2008-07-17 12:15:00+00:00,30,7,12,101.08749389648438,53.99360275268555,0,0,0,0,0,0,0,0,0,0,1,1,1,1,1,1,1,0,0,0,0,0,0,0,1
2008-07-17 12:15:00+00:00,30,7,12,66.65897369384766,25.992822647094727,0,0,0,0,0,0,0,0,1,1,1,1,1,1,1,1,1,0,0,0,0,1,1,1,1
2008-07-17 12:15:00+00:00,30,7,12,375.1456298828125,373.0839538574219,0,0,0,0,0,0,0,0,0,0,0,0,0,0,0,0,0,0,0,0,0,0,0,0,0
2008-07-17 12:15:00+00:00,30,7,12,315.44818115234375,325.0710144042969,0,0,0,0,0,0,0,0,0,0,0,0,0,0,0,0,1,0,0,0,0,0,0,0,0
2008-07-17 12:30:00+00:00,30,7,12,98.53580474853516,78.59320831298828,0,0,0,0,0,0,0,0,0,1,1,1,1,1,1,1,1,0,0,0,0,0,0,0,0
2008-07-17 12:30:00+00:00,30,7,12,,216.36866760253906,0,0,0,0,0,0,0,0,0,0,0,0,0,0,0,0,0,0,0,0,0,0,0,0,0
2008-07-17 12:30:00+00:00,30,7,12,75.95118713378906,67.9889907836914,0,0,0,0,0,0,0,0,1,1,1,1,1,1,1,1,1,0,0,0,0,0,0,0,0
2008-07-17 12:30:00+00:00,30,7,12,,4.764156818389893,0,0,0,0,0,0,0,0,0,0,0,0,0,0,0,0,0,1,1,1,1,1,1,1,1
2008-07-17 12:30:00+00:00,30,7,12,59.44700622558594,,0,0,0,0,0,0,0,1,1,1,1,1,1,1,1,1,1,0,0,0,0,0,0,0,0
2008-07-17 12:30:00+00:00,30,7,12,301.0297546386719,264.8666687011719,0,0,0,0,0,0,0,0,0,0,0,0,0,0,0,0,1,0,0,0,0,0,0,0,0
2008-07-17 12:30:00+00:00,30,7,12,281.6452941894531,237.38136291503906,0,0,0,0,0,0,0,0,0,0,0,0,0,0,0,1,1,0,0,0,0,0,0,0,0
2008-07-17 12:30:00+00:00,30,7,12,246.6924285888672,267.9792785644531,0,0,0,0,0,0,0,0,0,0,0,0,0,0,1,1,1,0,0,0,0,0,0,0,0
2008-07-17 12:30:00+00:00,30,7,12,459.6459655761719,485.0221252441406,0,0,0,0,0,0,0,0,0,0,0,0,0,0,0,0,0,0,0,0,0,0,0,0,0
2008-07-17 12:30:00+00:00,30,7,12,,421.80902099609375,0,0,0,0,0,0,0,0,0,0,0,0,0,0,0,0,0,0,0,0,0,0,0,0,0
2008-07-17 12:30:00+00:00,30,7,12,392.6288146972656,289.2452392578125,0,0,0,0,0,0,0,0,0,0,0,0,0,0,0,0,0,0,0,0,0,0,0,0,0
2008-07-17 12:30:00+00:00,30,7,12,,41.89192199707031,0,0,0,0,0,0,0,0,0,0,0,0,0,0,0,0,0,0,0,0,0,0,0,1,1
2008-07-17 12:30:00+00:00,30,7,12,200.76565551757812,183.145751953125,0,0,0,0,0,0,0,0,0,0,0,0,0,0,1,1,1,0,0,0,0,0,0,0,0
2008-07-17 12:30:00+00:00,30,7,12,75.55310821533203,6.261220455169678,0,0,0,0,0,0,0,0,1,1,1,1,1,1,1,1,1,1,1,1,1,1,1,1,1
2008-07-17 12:30:00+00:00,30,7,12,43.429080963134766,3.1415390968322754,0,0,0,0,0,0,1,1,1,1,1,1,1,1,1,1,1,1,1,1,1,1,1,1,1
2008-07-17 12:30:00+00:00,30,7,12,393.4298400878906,411.08575439453125,0,0,0,0,0,0,0,0,0,0,0,0,0,0,0,0,0,0,0,0,0,0,0,0,0
2008-07-17 12:30:00+00:00,30,7,12,409.82855224609375,424.3921203613281,0,0,0,0,0,0,0,0,0,0,0,0,0,0,0,0,0,0,0,0,0,0,0,0,0
2008-07-17 12:30:00+00:00,30,7,12,96.02530670166016,67.93251037597656,0,0,0,0,0,0,0,0,0,1,1,1,1,1,1,1,1,0,0,0,0,0,0,0,0
2008-07-17 12:30:00+00:00,30,7,12,84.95462799072266,69.7567138671875,0,0,0,0,0,0,0,0,0,1,1,1,1,1,1,1,1,0,0,0,0,0,0,0,0
2008-07-17 12:30:00+00:00,30,7,12,145.50608825683594,16.556209564208984,0,0,0,0,0,0,0,0,0,0,0,1,1,1,1,1,1,0,0,1,1,1,1,1,1
2008-07-17 12:30:00+00:00,30,7,12,426.2466125488281,38.15880584716797,0,0,0,0,0,0,0,0,0,0,0,0,0,0,0,0,0,0,0,0,0,0,1,1,1
2008-07-17 12:30:00+00:00,30,7,12,289.5799865722656,155.77120971679688,0,0,0,0,0,0,0,0,0,0,0,0,0,0,0,1,1,0,0,0,0,0,0,0,0
2008-07-17 12:30:00+00:00,30,7,12,250.1806640625,150.29469299316406,0,0,0,0,0,0,0,0,0,0,0,0,0,0,0,1,1,0,0,0,0,0,0,0,0
2008-07-17 12:45:00+00:00,30,7,12,55.2845458984375,6.7939043045043945,0,0,0,0,0,0,0,1,1,1,1,1,1,1,1,1,1,1,1,1,1,1,1,1,1
2008-07-17 12:45:00+00:00,30,7,12,160.43890380859375,149.90122985839844,0,0,0,0,0,0,0,0,0,0,0,0,1,1,1,1,1,0,0,0,0,0,0,0,0
2008-07-17 12:45:00+00:00,30,7,12,320.8664245605469,9.734823226928711,0,0,0,0,0,0,0,0,0,0,0,0,0,0,0,0,1,1,1,1,1,1,1,1,1
2008-07-17 12:45:00+00:00,30,7,12,196.97813415527344,169.45745849609375,0,0,0,0,0,0,0,0,0,0,0,0,0,1,1,1,1,0,0,0,0,0,0,0,0
2008-07-17 12:45:00+00:00,30,7,12,144.44647216796875,138.29132080078125,0,0,0,0,0,0,0,0,0,0,0,1,1,1,1,1,1,0,0,0,0,0,0,0,0
2008-07-17 12:45:00+00:00,30,7,12,157.98501586914062,143.85191345214844,0,0,0,0,0,0,0,0,0,0,0,0,1,1,1,1,1,0,0,0,0,0,0,0,0
2008-07-17 12:45:00+00:00,30,7,12,,,0,0,0,0,0,0,0,0,0,0,0,0,0,0,0,0,0,0,0,0,0,0,0,0,0
2008-07-17 12:45:00+00:00,30,7,12,217.3354949951172,201.70433044433594,0,0,0,0,0,0,0,0,0,0,0,0,0,0,1,1,1,0,0,0,0,0,0,0,0
2008-07-17 12:45:00+00:00,30,7,12,190.96018981933594,163.18690490722656,0,0,0,0,0,0,0,0,0,0,0,0,0,1,1,1,1,0,0,0,0,0,0,0,0
2008-07-17 12:45:00+00:00,30,7,12,220.41055297851562,206.0894317626953,0,0,0,0,0,0,0,0,0,0,0,0,0,0,1,1,1,0,0,0,0,0,0,0,0
2008-07-17 12:45:00+00:00,30,7,12,127.02655792236328,0.0,0,0,0,0,0,0,0,0,0,0,0,1,1,1,1,1,1,1,1,1,1,1,1,1,1
2008-07-17 12:45:00+00:00,30,7,12,138.04074096679688,90.58421325683594,0,0,0,0,0,0,0,0,0,0,0,1,1,1,1,1,1,0,0,0,0,0,0,0,0
2008-07-17 12:45:00+00:00,30,7,12,212.67868041992188,163.4738006591797,0,0,0,0,0,0,0,0,0,0,0,0,0,0,1,1,1,0,0,0,0,0,0,0,0
2008-07-17 12:45:00+00:00,30,7,12,,,0,0,0,0,0,0,0,0,0,0,0,0,0,0,0,0,0,0,0,0,0,0,0,0,0
2008-07-17 12:45:00+00:00,30,7,12,,,0,0,0,0,0,0,0,0,0,0,0,0,0,0,0,0,0,0,0,0,0,0,0,0,0
2008-07-17 13:00:00+00:00,30,7,13,88.97408294677734,0.0,0,0,0,0,0,0,0,0,0,1,1,1,1,1,1,1,1,1,1,1,1,1,1,1,1
2008-07-17 13:00:00+00:00,30,7,13,121.07268524169922,10.022886276245117,0,0,0,0,0,0,0,0,0,0,0,1,1,1,1,1,1,0,1,1,1,1,1,1,1
2008-07-17 13:00:00+00:00,30,7,13,183.1537628173828,145.3616943359375,0,0,0,0,0,0,0,0,0,0,0,0,0,1,1,1,1,0,0,0,0,0,0,0,0
2008-07-17 13:00:00+00:00,30,7,13,249.98577880859375,258.251953125,0,0,0,0,0,0,0,0,0,0,0,0,0,0,1,1,1,0,0,0,0,0,0,0,0
2008-07-17 13:00:00+00:00,30,7,13,77.764404296875,84.74560546875,0,0,0,0,0,0,0,0,1,1,1,1,1,1,1,1,1,0,0,0,0,0,0,0,0
2008-07-17 13:00:00+00:00,30,7,13,168.3144989013672,128.3879852294922,0,0,0,0,0,0,0,0,0,0,0,0,1,1,1,1,1,0,0,0,0,0,0,0,0
2008-07-17 13:00:00+00:00,30,7,13,242.45932006835938,54.241050720214844,0,0,0,0,0,0,0,0,0,0,0,0,0,0,1,1,1,0,0,0,0,0,0,0,1
2008-07-17 13:00:00+00:00,30,7,13,247.81932067871094,82.07225036621094,0,0,0,0,0,0,0,0,0,0,0,0,0,0,1,1,1,0,0,0,0,0,0,0,0
2008-07-17 13:00:00+00:00,30,7,13,362.9178161621094,120.64403533935547,0,0,0,0,0,0,0,0,0,0,0,0,0,0,0,0,0,0,0,0,0,0,0,0,0
2008-07-17 13:00:00+00:00,30,7,13,355.2983093261719,334.52197265625,0,0,0,0,0,0,0,0,0,0,0,0,0,0,0,0,0,0,0,0,0,0,0,0,0
2008-07-17 13:00:00+00:00,30,7,13,625.2744140625,389.44061279296875,0,0,0,0,0,0,0,0,0,0,0,0,0,0,0,0,0,0,0,0,0,0,0,0,0
2008-07-17 13:00:00+00:00,30,7,13,284.6417236328125,243.9719696044922,0,0,0,0,0,0,0,0,0,0,0,0,0,0,0,1,1,0,0,0,0,0,0,0,0
2008-07-17 13:00:00+00:00,30,7,13,177.45352172851562,178.1327667236328,0,0,0,0,0,0,0,0,0,0,0,0,1,1,1,1,1,0,0,0,0,0,0,0,0
2008-07-17 13:00:00+00:00,30,7,13,290.1322326660156,294.2345886230469,0,0,0,0,0,0,0,0,0,0,0,0,0,0,0,1,1,0,0,0,0,0,0,0,0
2008-07-17 13:15:00+00:00,30,7,13,114.63076782226562,39.396358489990234,0,0,0,0,0,0,0,0,0,0,1,1,1,1,1,1,1,0,0,0,0,0,1,1,1
2008-07-17 13:15:00+00:00,30,7,13,291.3131408691406,171.40621948242188,0,0,0,0,0,0,0,0,0,0,0,0,0,0,0,1,1,0,0,0,0,0,0,0,0
2008-07-17 13:15:00+00:00,30,7,13,108.12374877929688,101.47100830078125,0,0,0,0,0,0,0,0,0,0,1,1,1,1,1,1,1,0,0,0,0,0,0,0,0
2008-07-17 13:15:00+00:00,30,7,13,131.48321533203125,32.64902877807617,0,0,0,0,0,0,0,0,0,0,0,1,1,1,1,1,1,0,0,0,0,0,1,1,1
2008-07-17 13:15:00+00:00,30,7,13,122.93043518066406,0.0,0,0,0,0,0,0,0,0,0,0,0,1,1,1,1,1,1,1,1,1,1,1,1,1,1
2008-07-17 13:15:00+00:00,30,7,13,228.02696228027344,46.15047073364258,0,0,0,0,0,0,0,0,0,0,0,0,0,0,1,1,1,0,0,0,0,0,0,1,1
2008-07-17 13:15:00+00:00,30,7,13,166.0357666015625,185.4091033935547,0,0,0,0,0,0,0,0,0,0,0,0,1,1,1,1,1,0,0,0,0,0,0,0,0
2008-07-17 13:15:00+00:00,30,7,13,150.31678771972656,96.53514099121094,0,0,0,0,0,0,0,0,0,0,0,0,1,1,1,1,1,0,0,0,0,0,0,0,0
2008-07-17 13:15:00+00:00,30,7,13,113.07534790039062,118.86962890625,0,0,0,0,0,0,0,0,0,0,1,1,1,1,1,1,1,0,0,0,0,0,0,0,0
2008-07-17 13:15:00+00:00,30,7,13,279.28497314453125,29.03947639465332,0,0,0,0,0,0,0,0,0,0,0,0,0,0,0,1,1,0,0,0,0,1,1,1,1
2008-07-17 13:15:00+00:00,30,7,13,121.86146545410156,126.14604949951172,0,0,0,0,0,0,0,0,0,0,0,1,1,1,1,1,1,0,0,0,0,0,0,0,0
2008-07-17 13:15:00+00:00,30,7,13,148.232177734375,160.28697204589844,0,0,0,0,0,0,0,0,0,0,0,1,1,1,1,1,1,0,0,0,0,0,0,0,0
2008-07-17 13:15:00+00:00,30,7,13,229.29359436035156,184.11807250976562,0,0,0,0,0,0,0,0,0,0,0,0,0,0,1,1,1,0,0,0,0,0,0,0,0
2008-07-17 13:15:00+00:00,30,7,13,411.90887451171875,,0,0,0,0,0,0,0,0,0,0,0,0,0,0,0,0,0,0,0,0,0,0,0,0,0
2008-07-17 13:15:00+00:00,30,7,13,275.5286560058594,246.65234375,0,0,0,0,0,0,0,0,0,0,0,0,0,0,0,1,1,0,0,0,0,0,0,0,0
2008-07-17 13:15:00+00:00,30,7,13,66.77562713623047,70.73542785644531,0,0,0,0,0,0,0,0,1,1,1,1,1,1,1,1,1,0,0,0,0,0,0,0,0
2008-07-17 13:15:00+00:00,30,7,13,105.00597381591797,89.79556274414062,0,0,0,0,0,0,0,0,0,0,1,1,1,1,1,1,1,0,0,0,0,0,0,0,0
2008-07-17 13:15:00+00:00,30,7,13,375.53582763671875,363.1896667480469,0,0,0,0,0,0,0,0,0,0,0,0,0,0,0,0,0,0,0,0,0,0,0,0,0
2008-07-17 13:15:00+00:00,30,7,13,395.67547607421875,401.3029479980469,0,0,0,0,0,0,0,0,0,0,0,0,0,0,0,0,0,0,0,0,0,0,0,0,0
2008-07-17 13:15:00+00:00,30,7,13,385.1841125488281,389.1800537109375,0,0,0,0,0,0,0,0,0,0,0,0,0,0,0,0,0,0,0,0,0,0,0,0,0
2008-07-17 13:30:00+00:00,30,7,13,101.07197570800781,83.45738220214844,0,0,0,0,0,0,0,0,0,0,1,1,1,1,1,1,1,0,0,0,0,0,0,0,0
2008-07-17 13:30:00+00:00,30,7,13,334.3483581542969,331.464111328125,0,0,0,0,0,0,0,0,0,0,0,0,0,0,0,0,1,0,0,0,0,0,0,0,0
2008-07-17 13:30:00+00:00,30,7,13,154.25538635253906,149.5500946044922,0,0,0,0,0,0,0,0,0,0,0,0,1,1,1,1,1,0,0,0,0,0,0,0,0
2008-07-17 13:30:00+00:00,30,7,13,103.94168853759766,87.07635498046875,0,0,0,0,0,0,0,0,0,0,1,1,1,1,1,1,1,0,0,0,0,0,0,0,0
2008-07-17 13:30:00+00:00,30,7,13,201.8755645751953,163.6920623779297,0,0,0,0,0,0,0,0,0,0,0,0,0,0,1,1,1,0,0,0,0,0,0,0,0
2008-07-17 13:30:00+00:00,30,7,13,120.59040069580078,78.78824615478516,0,0,0,0,0,0,0,0,0,0,0,1,1,1,1,1,1,0,0,0,0,0,0,0,0
2008-07-17 13:30:00+00:00,30,7,13,44.75651168823242,59.478416442871094,0,0,0,0,0,0,1,1,1,1,1,1,1,1,1,1,1,0,0,0,0,0,0,0,1
2008-07-17 13:30:00+00:00,30,7,13,194.8207550048828,203.86856079101562,0,0,0,0,0,0,0,0,0,0,0,0,0,1,1,1,1,0,0,0,0,0,0,0,0
2008-07-17 13:30:00+00:00,30,7,13,192.07693481445312,139.03652954101562,0,0,0,0,0,0,0,0,0,0,0,0,0,1,1,1,1,0,0,0,0,0,0,0,0
2008-07-17 13:30:00+00:00,30,7,13,356.4952697753906,357.12591552734375,0,0,0,0,0,0,0,0,0,0,0,0,0,0,0,0,0,0,0,0,0,0,0,0,0
2008-07-17 13:30:00+00:00,30,7,13,385.92913818359375,386.4184875488281,0,0,0,0,0,0,0,0,0,0,0,0,0,0,0,0,0,0,0,0,0,0,0,0,0
2008-07-17 13:30:00+00:00,30,7,13,,,0,0,0,0,0,0,0,0,0,0,0,0,0,0,0,0,0,0,0,0,0,0,0,0,0
2008-07-17 13:30:00+00:00,30,7,13,,,0,0,0,0,0,0,0,0,0,0,0,0,0,0,0,0,0,0,0,0,0,0,0,0,0
2008-07-17 13:45:00+00:00,30,7,13,97.22588348388672,100.76163482666016,0,0,0,0,0,0,0,0,0,1,1,1,1,1,1,1,1,0,0,0,0,0,0,0,0
2008-07-17 13:45:00+00:00,30,7,13,61.57878875732422,79.46312713623047,0,0,0,0,0,0,0,0,1,1,1,1,1,1,1,1,1,0,0,0,0,0,0,0,0
2008-07-17 13:45:00+00:00,30,7,13,177.2336883544922,117.91232299804688,0,0,0,0,0,0,0,0,0,0,0,0,1,1,1,1,1,0,0,0,0,0,0,0,0
2008-07-17 13:45:00+00:00,30,7,13,213.23631286621094,213.74205017089844,0,0,0,0,0,0,0,0,0,0,0,0,0,0,1,1,1,0,0,0,0,0,0,0,0
2008-07-17 13:45:00+00:00,30,7,13,,,0,0,0,0,0,0,0,0,0,0,0,0,0,0,0,0,0,0,0,0,0,0,0,0,0
2008-07-17 13:45:00+00:00,30,7,13,58.53148651123047,147.2275390625,0,0,0,0,0,0,0,1,1,1,1,1,1,1,1,1,1,0,0,0,0,0,0,0,0
2008-07-17 13:45:00+00:00,30,7,13,435.5658874511719,,0,0,0,0,0,0,0,0,0,0,0,0,0,0,0,0,0,0,0,0,0,0,0,0,0
2008-07-17 13:45:00+00:00,30,7,13,138.57745361328125,150.39752197265625,0,0,0,0,0,0,0,0,0,0,0,1,1,1,1,1,1,0,0,0,0,0,0,0,0
2008-07-17 13:45:00+00:00,30,7,13,238.31053161621094,229.54843139648438,0,0,0,0,0,0,0,0,0,0,0,0,0,0,1,1,1,0,0,0,0,0,0,0,0
2008-07-17 13:45:00+00:00,30,7,13,159.44651794433594,162.8696746826172,0,0,0,0,0,0,0,0,0,0,0,0,1,1,1,1,1,0,0,0,0,0,0,0,0
2008-07-17 13:45:00+00:00,30,7,13,74.49372100830078,42.39936447143555,0,0,0,0,0,0,0,0,1,1,1,1,1,1,1,1,1,0,0,0,0,0,0,1,1
2008-07-17 13:45:00+00:00,30,7,13,39.36085510253906,0.0,0,0,0,0,0,1,1,1,1,1,1,1,1,1,1,1,1,1,1,1,1,1,1,1,1
2008-07-17 13:45:00+00:00,30,7,13,209.21437072753906,112.51077270507812,0,0,0,0,0,0,0,0,0,0,0,0,0,0,1,1,1,0,0,0,0,0,0,0,0
2008-07-17 13:45:00+00:00,30,7,13,236.89443969726562,39.894535064697266,0,0,0,0,0,0,0,0,0,0,0,0,0,0,1,1,1,0,0,0,0,0,1,1,1
2008-07-17 13:45:00+00:00,30,7,13,319.3683166503906,119.76454162597656,0,0,0,0,0,0,0,0,0,0,0,0,0,0,0,0,1,0,0,0,0,0,0,0,0
2008-07-17 13:45:00+00:00,30,7,13,,4.528929710388184,0,0,0,0,0,0,0,0,0,0,0,0,0,0,0,0,0,1,1,1,1,1,1,1,1
2008-07-17 13:45:00+00:00,30,7,13,,40.403289794921875,0,0,0,0,0,0,0,0,0,0,0,0,0,0,0,0,0,0,0,0,0,0,0,1,1
2008-07-17 13:45:00+00:00,30,7,13,,183.66653442382812,0,0,0,0,0,0,0,0,0,0,0,0,0,0,0,0,0,0,0,0,0,0,0,0,0
2008-07-17 14:00:00+00:00,30,7,14,61.82138442993164,67.10979461669922,0,0,0,0,0,0,0,0,1,1,1,1,1,1,1,1,1,0,0,0,0,0,0,0,0
2008-07-17 14:00:00+00:00,30,7,14,130.816650390625,153.7130889892578,0,0,0,0,0,0,0,0,0,0,0,1,1,1,1,1,1,0,0,0,0,0,0,0,0
2008-07-17 14:00:00+00:00,30,7,14,204.24838256835938,221.7300567626953,0,0,0,0,0,0,0,0,0,0,0,0,0,0,1,1,1,0,0,0,0,0,0,0,0
2008-07-17 14:00:00+00:00,30,7,14,189.1748046875,164.6252899169922,0,0,0,0,0,0,0,0,0,0,0,0,0,1,1,1,1,0,0,0,0,0,0,0,0
2008-07-17 14:00:00+00:00,30,7,14,150.5143585205078,7.093553066253662,0,0,0,0,0,0,0,0,0,0,0,0,1,1,1,1,1,1,1,1,1,1,1,1,1
2008-07-17 14:00:00+00:00,30,7,14,159.18287658691406,123.57707214355469,0,0,0,0,0,0,0,0,0,0,0,0,1,1,1,1,1,0,0,0,0,0,0,0,0
2008-07-17 14:00:00+00:00,30,7,14,92.24312591552734,84.34380340576172,0,0,0,0,0,0,0,0,0,1,1,1,1,1,1,1,1,0,0,0,0,0,0,0,0
2008-07-17 14:00:00+00:00,30,7,14,57.3986930847168,454.69036865234375,0,0,0,0,0,0,0,1,1,1,1,1,1,1,1,1,1,0,0,0,0,0,0,0,0
2008-07-17 14:00:00+00:00,30,7,14,68.80864715576172,31.392845153808594,0,0,0,0,0,0,0,0,1,1,1,1,1,1,1,1,1,0,0,0,0,0,1,1,1
2008-07-17 14:00:00+00:00,30,7,14,405.1098937988281,431.83251953125,0,0,0,0,0,0,0,0,0,0,0,0,0,0,0,0,0,0,0,0,0,0,0,0,0
2008-07-17 14:00:00+00:00,30,7,14,309.98468017578125,392.77203369140625,0,0,0,0,0,0,0,0,0,0,0,0,0,0,0,0,1,0,0,0,0,0,0,0,0
2008-07-17 14:00:00+00:00,30,7,14,,339.9284362792969,0,0,0,0,0,0,0,0,0,0,0,0,0,0,0,0,0,0,0,0,0,0,0,0,0
2008-07-17 14:00:00+00:00,30,7,14,,210.3374786376953,0,0,0,0,0,0,0,0,0,0,0,0,0,0,0,0,0,0,0,0,0,0,0,0,0
2008-07-17 14:00:00+00:00,30,7,14,,255.0428466796875,0,0,0,0,0,0,0,0,0,0,0,0,0,0,0,0,0,0,0,0,0,0,0,0,0
2008-07-17 14:15:00+00:00,30,7,14,67.43156433105469,55.176002502441406,0,0,0,0,0,0,0,0,1,1,1,1,1,1,1,1,1,0,0,0,0,0,0,0,1
2008-07-17 14:15:00+00:00,30,7,14,183.2427215576172,168.35585021972656,0,0,0,0,0,0,0,0,0,0,0,0,0,1,1,1,1,0,0,0,0,0,0,0,0
2008-07-17 14:15:00+00:00,30,7,14,151.6258087158203,137.22349548339844,0,0,0,0,0,0,0,0,0,0,0,0,1,1,1,1,1,0,0,0,0,0,0,0,0
2008-07-17 14:15:00+00:00,30,7,14,253.02711486816406,264.64404296875,0,0,0,0,0,0,0,0,0,0,0,0,0,0,0,1,1,0,0,0,0,0,0,0,0
2008-07-17 14:15:00+00:00,30,7,14,229.16934204101562,187.10745239257812,0,0,0,0,0,0,0,0,0,0,0,0,0,0,1,1,1,0,0,0,0,0,0,0,0
2008-07-17 14:15:00+00:00,30,7,14,200.22137451171875,157.97779846191406,0,0,0,0,0,0,0,0,0,0,0,0,0,0,1,1,1,0,0,0,0,0,0,0,0
2008-07-17 14:15:00+00:00,30,7,14,36.63088607788086,38.61601257324219,0,0,0,0,0,1,1,1,1,1,1,1,1,1,1,1,1,0,0,0,0,0,1,1,1
2008-07-17 14:15:00+00:00,30,7,14,222.5550079345703,243.89671325683594,0,0,0,0,0,0,0,0,0,0,0,0,0,0,1,1,1,0,0,0,0,0,0,0,0
2008-07-17 14:15:00+00:00,30,7,14,92.32911682128906,24.666719436645508,0,0,0,0,0,0,0,0,0,1,1,1,1,1,1,1,1,0,0,0,1,1,1,1,1
2008-07-17 14:15:00+00:00,30,7,14,140.6707000732422,68.20777130126953,0,0,0,0,0,0,0,0,0,0,0,1,1,1,1,1,1,0,0,0,0,0,0,0,0
2008-07-17 14:15:00+00:00,30,7,14,190.65699768066406,118.28880310058594,0,0,0,0,0,0,0,0,0,0,0,0,0,1,1,1,1,0,0,0,0,0,0,0,0
2008-07-17 14:15:00+00:00,30,7,14,284.42864990234375,299.9745788574219,0,0,0,0,0,0,0,0,0,0,0,0,0,0,0,1,1,0,0,0,0,0,0,0,0
2008-07-17 14:15:00+00:00,30,7,14,150.24330139160156,79.79924011230469,0,0,0,0,0,0,0,0,0,0,0,0,1,1,1,1,1,0,0,0,0,0,0,0,0
2008-07-17 14:15:00+00:00,30,7,14,167.7227325439453,152.83038330078125,0,0,0,0,0,0,0,0,0,0,0,0,1,1,1,1,1,0,0,0,0,0,0,0,0
2008-07-17 14:15:00+00:00,30,7,14,214.4237823486328,255.7023162841797,0,0,0,0,0,0,0,0,0,0,0,0,0,0,1,1,1,0,0,0,0,0,0,0,0
2008-07-17 14:15:00+00:00,30,7,14,301.8143615722656,270.68359375,0,0,0,0,0,0,0,0,0,0,0,0,0,0,0,0,1,0,0,0,0,0,0,0,0
2008-07-17 14:15:00+00:00,30,7,14,164.49195861816406,88.38754272460938,0,0,0,0,0,0,0,0,0,0,0,0,1,1,1,1,1,0,0,0,0,0,0,0,0
2008-07-17 14:15:00+00:00,30,7,14,238.77345275878906,161.23574829101562,0,0,0,0,0,0,0,0,0,0,0,0,0,0,1,1,1,0,0,0,0,0,0,0,0
2008-07-17 14:30:00+00:00,30,7,14,346.025390625,361.492431640625,0,0,0,0,0,0,0,0,0,0,0,0,0,0,0,0,1,0,0,0,0,0,0,0,0
2008-07-17 14:30:00+00:00,30,7,14,78.57583618164062,74.97895812988281,0,0,0,0,0,0,0,0,1,1,1,1,1,1,1,1,1,0,0,0,0,0,0,0,0
2008-07-17 14:30:00+00:00,30,7,14,225.85821533203125,196.48974609375,0,0,0,0,0,0,0,0,0,0,0,0,0,0,1,1,1,0,0,0,0,0,0,0,0
2008-07-17 14:30:00+00:00,30,7,14,135.71461486816406,148.91477966308594,0,0,0,0,0,0,0,0,0,0,0,1,1,1,1,1,1,0,0,0,0,0,0,0,0
2008-07-17 14:30:00+00:00,30,7,14,,,0,0,0,0,0,0,0,0,0,0,0,0,0,0,0,0,0,0,0,0,0,0,0,0,0
2008-07-17 14:30:00+00:00,30,7,14,,,0,0,0,0,0,0,0,0,0,0,0,0,0,0,0,0,0,0,0,0,0,0,0,0,0
2008-07-17 14:30:00+00:00,30,7,14,,,0,0,0,0,0,0,0,0,0,0,0,0,0,0,0,0,0,0,0,0,0,0,0,0,0
2008-07-17 14:30:00+00:00,30,7,14,81.86042022705078,60.28483963012695,0,0,0,0,0,0,0,0,0,1,1,1,1,1,1,1,1,0,0,0,0,0,0,0,0
2008-07-17 14:30:00+00:00,30,7,14,195.1884307861328,207.4323272705078,0,0,0,0,0,0,0,0,0,0,0,0,0,1,1,1,1,0,0,0,0,0,0,0,0
2008-07-17 14:30:00+00:00,30,7,14,94.10112762451172,126.36600494384766,0,0,0,0,0,0,0,0,0,1,1,1,1,1,1,1,1,0,0,0,0,0,0,0,0
2008-07-17 14:30:00+00:00,30,7,14,138.6569366455078,209.7388458251953,0,0,0,0,0,0,0,0,0,0,0,1,1,1,1,1,1,0,0,0,0,0,0,0,0
2008-07-17 14:30:00+00:00,30,7,14,177.46250915527344,174.1256103515625,0,0,0,0,0,0,0,0,0,0,0,0,1,1,1,1,1,0,0,0,0,0,0,0,0
2008-07-17 14:30:00+00:00,30,7,14,91.64957427978516,88.15342712402344,0,0,0,0,0,0,0,0,0,1,1,1,1,1,1,1,1,0,0,0,0,0,0,0,0
2008-07-17 14:30:00+00:00,30,7,14,55.04410934448242,45.43309783935547,0,0,0,0,0,0,0,1,1,1,1,1,1,1,1,1,1,0,0,0,0,0,0,1,1
2008-07-17 14:30:00+00:00,30,7,14,194.74008178710938,172.94229125976562,0,0,0,0,0,0,0,0,0,0,0,0,0,1,1,1,1,0,0,0,0,0,0,0,0
2008-07-17 14:30:00+00:00,30,7,14,170.20089721679688,150.75111389160156,0,0,0,0,0,0,0,0,0,0,0,0,1,1,1,1,1,0,0,0,0,0,0,0,0
2008-07-17 14:45:00+00:00,30,7,14,178.26101684570312,0.0,0,0,0,0,0,0,0,0,0,0,0,0,1,1,1,1,1,1,1,1,1,1,1,1,1
2008-07-17 14:45:00+00:00,30,7,14,76.7065658569336,0.0,0,0,0,0,0,0,0,0,1,1,1,1,1,1,1,1,1,1,1,1,1,1,1,1,1
2008-07-17 14:45:00+00:00,30,7,14,40.41835021972656,45.14509963989258,0,0,0,0,0,0,1,1,1,1,1,1,1,1,1,1,1,0,0,0,0,0,0,1,1
2008-07-17 14:45:00+00:00,30,7,14,,,0,0,0,0,0,0,0,0,0,0,0,0,0,0,0,0,0,0,0,0,0,0,0,0,0
2008-07-17 14:45:00+00:00,30,7,14,161.3936767578125,215.37557983398438,0,0,0,0,0,0,0,0,0,0,0,0,1,1,1,1,1,0,0,0,0,0,0,0,0
2008-07-17 14:45:00+00:00,30,7,14,439.5668029785156,455.0455322265625,0,0,0,0,0,0,0,0,0,0,0,0,0,0,0,0,0,0,0,0,0,0,0,0,0
2008-07-17 14:45:00+00:00,30,7,14,385.61334228515625,401.6349182128906,0,0,0,0,0,0,0,0,0,0,0,0,0,0,0,0,0,0,0,0,0,0,0,0,0
2008-07-17 14:45:00+00:00,30,7,14,209.93467712402344,198.4636688232422,0,0,0,0,0,0,0,0,0,0,0,0,0,0,1,1,1,0,0,0,0,0,0,0,0
2008-07-17 14:45:00+00:00,30,7,14,167.7310791015625,17.117971420288086,0,0,0,0,0,0,0,0,0,0,0,0,1,1,1,1,1,0,0,1,1,1,1,1,1
2008-07-17 14:45:00+00:00,30,7,14,128.23777770996094,106.21751403808594,0,0,0,0,0,0,0,0,0,0,0,1,1,1,1,1,1,0,0,0,0,0,0,0,0
2008-07-17 14:45:00+00:00,30,7,14,64.52518463134766,33.26460647583008,0,0,0,0,0,0,0,0,1,1,1,1,1,1,1,1,1,0,0,0,0,0,1,1,1
2008-07-17 14:45:00+00:00,30,7,14,422.4245910644531,236.47023010253906,0,0,0,0,0,0,0,0,0,0,0,0,0,0,0,0,0,0,0,0,0,0,0,0,0
2008-07-17 14:45:00+00:00,30,7,14,83.98765563964844,49.48325729370117,0,0,0,0,0,0,0,0,0,1,1,1,1,1,1,1,1,0,0,0,0,0,0,1,1
2008-07-17 14:45:00+00:00,30,7,14,70.58830261230469,75.9465560913086,0,0,0,0,0,0,0,0,1,1,1,1,1,1,1,1,1,0,0,0,0,0,0,0,0
2008-07-17 14:45:00+00:00,30,7,14,419.69940185546875,,0,0,0,0,0,0,0,0,0,0,0,0,0,0,0,0,0,0,0,0,0,0,0,0,0
2008-07-17 14:45:00+00:00,30,7,14,136.84335327148438,134.65118408203125,0,0,0,0,0,0,0,0,0,0,0,1,1,1,1,1,1,0,0,0,0,0,0,0,0
2008-07-17 14:45:00+00:00,30,7,14,207.07630920410156,207.0659637451172,0,0,0,0,0,0,0,0,0,0,0,0,0,0,1,1,1,0,0,0,0,0,0,0,0
2008-07-17 14:45:00+00:00,30,7,14,106.76679992675781,99.17544555664062,0,0,0,0,0,0,0,0,0,0,1,1,1,1,1,1,1,0,0,0,0,0,0,0,0
2008-07-17 14:45:00+00:00,30,7,14,215.52337646484375,197.00839233398438,0,0,0,0,0,0,0,0,0,0,0,0,0,0,1,1,1,0,0,0,0,0,0,0,0
2008-07-17 14:45:00+00:00,30,7,14,269.44232177734375,249.9388427734375,0,0,0,0,0,0,0,0,0,0,0,0,0,0,0,1,1,0,0,0,0,0,0,0,0
2008-07-17 15:00:00+00:00,30,7,15,306.42010498046875,273.5045471191406,0,0,0,0,0,0,0,0,0,0,0,0,0,0,0,0,1,0,0,0,0,0,0,0,0
2008-07-17 15:00:00+00:00,30,7,15,72.40960693359375,56.03970718383789,0,0,0,0,0,0,0,0,1,1,1,1,1,1,1,1,1,0,0,0,0,0,0,0,1
2008-07-17 15:00:00+00:00,30,7,15,295.32537841796875,295.105712890625,0,0,0,0,0,0,0,0,0,0,0,0,0,0,0,1,1,0,0,0,0,0,0,0,0
2008-07-17 15:00:00+00:00,30,7,15,90.38301086425781,57.74469757080078,0,0,0,0,0,0,0,0,0,1,1,1,1,1,1,1,1,0,0,0,0,0,0,0,1
2008-07-17 15:00:00+00:00,30,7,15,157.50613403320312,125.67045593261719,0,0,0,0,0,0,0,0,0,0,0,0,1,1,1,1,1,0,0,0,0,0,0,0,0
2008-07-17 15:00:00+00:00,30,7,15,202.1557159423828,225.99293518066406,0,0,0,0,0,0,0,0,0,0,0,0,0,0,1,1,1,0,0,0,0,0,0,0,0
2008-07-17 15:00:00+00:00,30,7,15,239.14247131347656,37.66802978515625,0,0,0,0,0,0,0,0,0,0,0,0,0,0,1,1,1,0,0,0,0,0,1,1,1
2008-07-17 15:00:00+00:00,30,7,15,211.80691528320312,136.1160888671875,0,0,0,0,0,0,0,0,0,0,0,0,0,0,1,1,1,0,0,0,0,0,0,0,0
2008-07-17 15:00:00+00:00,30,7,15,217.49453735351562,211.36643981933594,0,0,0,0,0,0,0,0,0,0,0,0,0,0,1,1,1,0,0,0,0,0,0,0,0
2008-07-17 15:00:00+00:00,30,7,15,108.78335571289062,,0,0,0,0,0,0,0,0,0,0,1,1,1,1,1,1,1,0,0,0,0,0,0,0,0
2008-07-17 15:00:00+00:00,30,7,15,185.4230499267578,168.71536254882812,0,0,0,0,0,0,0,0,0,0,0,0,0,1,1,1,1,0,0,0,0,0,0,0,0
2008-07-17 15:15:00+00:00,30,7,15,107.62200164794922,72.58270263671875,0,0,0,0,0,0,0,0,0,0,1,1,1,1,1,1,1,0,0,0,0,0,0,0,0
2008-07-17 15:15:00+00:00,30,7,15,138.40719604492188,175.66305541992188,0,0,0,0,0,0,0,0,0,0,0,1,1,1,1,1,1,0,0,0,0,0,0,0,0
2008-07-17 15:15:00+00:00,30,7,15,122.9168930053711,66.09210968017578,0,0,0,0,0,0,0,0,0,0,0,1,1,1,1,1,1,0,0,0,0,0,0,0,0
2008-07-17 15:15:00+00:00,30,7,15,113.34672546386719,113.74818420410156,0,0,0,0,0,0,0,0,0,0,1,1,1,1,1,1,1,0,0,0,0,0,0,0,0
2008-07-17 15:15:00+00:00,30,7,15,,,0,0,0,0,0,0,0,0,0,0,0,0,0,0,0,0,0,0,0,0,0,0,0,0,0
2008-07-17 15:15:00+00:00,30,7,15,217.00576782226562,6.00881290435791,0,0,0,0,0,0,0,0,0,0,0,0,0,0,1,1,1,1,1,1,1,1,1,1,1
2008-07-17 15:15:00+00:00,30,7,15,453.3375549316406,484.4438171386719,0,0,0,0,0,0,0,0,0,0,0,0,0,0,0,0,0,0,0,0,0,0,0,0,0
2008-07-17 15:15:00+00:00,30,7,15,201.67689514160156,190.48545837402344,0,0,0,0,0,0,0,0,0,0,0,0,0,0,1,1,1,0,0,0,0,0,0,0,0
2008-07-17 15:15:00+00:00,30,7,15,35.2271728515625,29.744735717773438,0,0,0,0,0,1,1,1,1,1,1,1,1,1,1,1,1,0,0,0,0,1,1,1,1
2008-07-17 15:15:00+00:00,30,7,15,156.90573120117188,127.89086151123047,0,0,0,0,0,0,0,0,0,0,0,0,1,1,1,1,1,0,0,0,0,0,0,0,0
2008-07-17 15:15:00+00:00,30,7,15,41.14400100708008,26.2203369140625,0,0,0,0,0,0,1,1,1,1,1,1,1,1,1,1,1,0,0,0,0,1,1,1,1
2008-07-17 15:15:00+00:00,30,7,15,317.79833984375,353.6035461425781,0,0,0,0,0,0,0,0,0,0,0,0,0,0,0,0,1,0,0,0,0,0,0,0,0
2008-07-17 15:15:00+00:00,30,7,15,312.7759704589844,199.75991821289062,0,0,0,0,0,0,0,0,0,0,0,0,0,0,0,0,1,0,0,0,0,0,0,0,0
2008-07-17 15:15:00+00:00,30,7,15,,404.7958984375,0,0,0,0,0,0,0,0,0,0,0,0,0,0,0,0,0,0,0,0,0,0,0,0,0
2008-07-17 15:15:00+00:00,30,7,15,281.01483154296875,259.9061584472656,0,0,0,0,0,0,0,0,0,0,0,0,0,0,0,1,1,0,0,0,0,0,0,0,0
2008-07-17 15:30:00+00:00,30,7,15,47.18647766113281,72.06523895263672,0,0,0,0,0,0,1,1,1,1,1,1,1,1,1,1,1,0,0,0,0,0,0,0,0
2008-07-17 15:30:00+00:00,30,7,15,186.87037658691406,179.89129638671875,0,0,0,0,0,0,0,0,0,0,0,0,0,1,1,1,1,0,0,0,0,0,0,0,0
2008-07-17 15:30:00+00:00,30,7,15,,317.95977783203125,0,0,0,0,0,0,0,0,0,0,0,0,0,0,0,0,0,0,0,0,0,0,0,0,0
2008-07-17 15:30:00+00:00,30,7,15,,,0,0,0,0,0,0,0,0,0,0,0,0,0,0,0,0,0,0,0,0,0,0,0,0,0
2008-07-17 15:30:00+00:00,30,7,15,258.2213134765625,130.18545532226562,0,0,0,0,0,0,0,0,0,0,0,0,0,0,0,1,1,0,0,0,0,0,0,0,0
2008-07-17 15:30:00+00:00,30,7,15,144.37977600097656,137.05018615722656,0,0,0,0,0,0,0,0,0,0,0,1,1,1,1,1,1,0,0,0,0,0,0,0,0
2008-07-17 15:30:00+00:00,30,7,15,140.4922637939453,174.74749755859375,0,0,0,0,0,0,0,0,0,0,0,1,1,1,1,1,1,0,0,0,0,0,0,0,0
2008-07-17 15:30:00+00:00,30,7,15,155.44203186035156,186.6207275390625,0,0,0,0,0,0,0,0,0,0,0,0,1,1,1,1,1,0,0,0,0,0,0,0,0
2008-07-17 15:30:00+00:00,30,7,15,226.09576416015625,213.5003662109375,0,0,0,0,0,0,0,0,0,0,0,0,0,0,1,1,1,0,0,0,0,0,0,0,0
2008-07-17 15:45:00+00:00,30,7,15,149.8245391845703,261.8629455566406,0,0,0,0,0,0,0,0,0,0,0,1,1,1,1,1,1,0,0,0,0,0,0,0,0
2008-07-17 15:45:00+00:00,30,7,15,,266.7992248535156,0,0,0,0,0,0,0,0,0,0,0,0,0,0,0,0,0,0,0,0,0,0,0,0,0
2008-07-17 15:45:00+00:00,30,7,15,153.1280975341797,161.57044982910156,0,0,0,0,0,0,0,0,0,0,0,0,1,1,1,1,1,0,0,0,0,0,0,0,0
2008-07-17 15:45:00+00:00,30,7,15,,,0,0,0,0,0,0,0,0,0,0,0,0,0,0,0,0,0,0,0,0,0,0,0,0,0
2008-07-17 15:45:00+00:00,30,7,15,85.45983123779297,124.05895233154297,0,0,0,0,0,0,0,0,0,1,1,1,1,1,1,1,1,0,0,0,0,0,0,0,0
2008-07-17 15:45:00+00:00,30,7,15,219.6037139892578,173.9645538330078,0,0,0,0,0,0,0,0,0,0,0,0,0,0,1,1,1,0,0,0,0,0,0,0,0
2008-07-17 15:45:00+00:00,30,7,15,79.1009750366211,50.69588851928711,0,0,0,0,0,0,0,0,1,1,1,1,1,1,1,1,1,0,0,0,0,0,0,0,1
2008-07-17 16:00:00+00:00,30,7,16,212.4712677001953,222.65745544433594,0,0,0,0,0,0,0,0,0,0,0,0,0,0,1,1,1,0,0,0,0,0,0,0,0
2008-07-17 16:00:00+00:00,30,7,16,,,0,0,0,0,0,0,0,0,0,0,0,0,0,0,0,0,0,0,0,0,0,0,0,0,0
2008-07-17 16:00:00+00:00,30,7,16,98.98530578613281,139.19635009765625,0,0,0,0,0,0,0,0,0,1,1,1,1,1,1,1,1,0,0,0,0,0,0,0,0
2008-07-17 16:00:00+00:00,30,7,16,99.37451934814453,8.618329048156738,0,0,0,0,0,0,0,0,0,1,1,1,1,1,1,1,1,1,1,1,1,1,1,1,1
2008-07-17 16:00:00+00:00,30,7,16,315.1284484863281,0.0,0,0,0,0,0,0,0,0,0,0,0,0,0,0,0,0,1,1,1,1,1,1,1,1,1
2008-07-17 16:15:00+00:00,30,7,16,176.23768615722656,167.77919006347656,0,0,0,0,0,0,0,0,0,0,0,0,1,1,1,1,1,0,0,0,0,0,0,0,0
2008-07-17 16:15:00+00:00,30,7,16,247.68751525878906,0.0,0,0,0,0,0,0,0,0,0,0,0,0,0,0,1,1,1,1,1,1,1,1,1,1,1
2008-07-17 16:15:00+00:00,30,7,16,190.7359161376953,173.78370666503906,0,0,0,0,0,0,0,0,0,0,0,0,0,1,1,1,1,0,0,0,0,0,0,0,0
2008-07-17 16:15:00+00:00,30,7,16,270.52276611328125,234.4942169189453,0,0,0,0,0,0,0,0,0,0,0,0,0,0,0,1,1,0,0,0,0,0,0,0,0
2008-07-17 16:15:00+00:00,30,7,16,296.08306884765625,337.1833190917969,0,0,0,0,0,0,0,0,0,0,0,0,0,0,0,1,1,0,0,0,0,0,0,0,0
2008-07-17 16:15:00+00:00,30,7,16,256.2264404296875,286.4780578613281,0,0,0,0,0,0,0,0,0,0,0,0,0,0,0,1,1,0,0,0,0,0,0,0,0
2008-07-17 16:15:00+00:00,30,7,16,198.6575164794922,242.00680541992188,0,0,0,0,0,0,0,0,0,0,0,0,0,1,1,1,1,0,0,0,0,0,0,0,0
2008-07-17 16:15:00+00:00,30,7,16,99.22285461425781,113.17970275878906,0,0,0,0,0,0,0,0,0,1,1,1,1,1,1,1,1,0,0,0,0,0,0,0,0
2008-07-17 16:15:00+00:00,30,7,16,101.33702087402344,114.65198516845703,0,0,0,0,0,0,0,0,0,0,1,1,1,1,1,1,1,0,0,0,0,0,0,0,0
2008-07-17 16:15:00+00:00,30,7,16,96.4398193359375,84.16464233398438,0,0,0,0,0,0,0,0,0,1,1,1,1,1,1,1,1,0,0,0,0,0,0,0,0
2008-07-17 16:15:00+00:00,30,7,16,85.8520736694336,58.83417510986328,0,0,0,0,0,0,0,0,0,1,1,1,1,1,1,1,1,0,0,0,0,0,0,0,1
2008-07-17 16:15:00+00:00,30,7,16,48.3233642578125,53.2449951171875,0,0,0,0,0,0,1,1,1,1,1,1,1,1,1,1,1,0,0,0,0,0,0,0,1
2008-07-17 16:30:00+00:00,30,7,16,129.35511779785156,150.9028778076172,0,0,0,0,0,0,0,0,0,0,0,1,1,1,1,1,1,0,0,0,0,0,0,0,0
2008-07-17 16:30:00+00:00,30,7,16,141.4678955078125,164.04458618164062,0,0,0,0,0,0,0,0,0,0,0,1,1,1,1,1,1,0,0,0,0,0,0,0,0
2008-07-17 16:30:00+00:00,30,7,16,43.35834884643555,65.34793853759766,0,0,0,0,0,0,1,1,1,1,1,1,1,1,1,1,1,0,0,0,0,0,0,0,0
2008-07-17 16:30:00+00:00,30,7,16,179.50201416015625,16.48079490661621,0,0,0,0,0,0,0,0,0,0,0,0,1,1,1,1,1,0,0,1,1,1,1,1,1
2008-07-17 16:30:00+00:00,30,7,16,,,0,0,0,0,0,0,0,0,0,0,0,0,0,0,0,0,0,0,0,0,0,0,0,0,0
2008-07-17 16:30:00+00:00,30,7,16,114.76470947265625,42.84450912475586,0,0,0,0,0,0,0,0,0,0,1,1,1,1,1,1,1,0,0,0,0,0,0,1,1
2008-07-17 16:45:00+00:00,30,7,16,231.9934539794922,215.71145629882812,0,0,0,0,0,0,0,0,0,0,0,0,0,0,1,1,1,0,0,0,0,0,0,0,0
2008-07-17 16:45:00+00:00,30,7,16,96.90308380126953,77.26422882080078,0,0,0,0,0,0,0,0,0,1,1,1,1,1,1,1,1,0,0,0,0,0,0,0,0
2008-07-17 16:45:00+00:00,30,7,16,154.91864013671875,137.6292266845703,0,0,0,0,0,0,0,0,0,0,0,0,1,1,1,1,1,0,0,0,0,0,0,0,0
2008-07-17 16:45:00+00:00,30,7,16,158.5872039794922,,0,0,0,0,0,0,0,0,0,0,0,0,1,1,1,1,1,0,0,0,0,0,0,0,0
2008-07-17 16:45:00+00:00,30,7,16,148.60699462890625,159.03244018554688,0,0,0,0,0,0,0,0,0,0,0,1,1,1,1,1,1,0,0,0,0,0,0,0,0
2008-07-17 16:45:00+00:00,30,7,16,126.08866882324219,95.41805267333984,0,0,0,0,0,0,0,0,0,0,0,1,1,1,1,1,1,0,0,0,0,0,0,0,0
2008-07-17 16:45:00+00:00,30,7,16,45.93235397338867,40.893898010253906,0,0,0,0,0,0,1,1,1,1,1,1,1,1,1,1,1,0,0,0,0,0,0,1,1
2008-07-17 16:45:00+00:00,30,7,16,84.23806762695312,100.50944519042969,0,0,0,0,0,0,0,0,0,1,1,1,1,1,1,1,1,0,0,0,0,0,0,0,0
2008-07-17 16:45:00+00:00,30,7,16,154.71299743652344,141.36293029785156,0,0,0,0,0,0,0,0,0,0,0,0,1,1,1,1,1,0,0,0,0,0,0,0,0
2008-07-17 16:45:00+00:00,30,7,16,277.5205078125,282.3533935546875,0,0,0,0,0,0,0,0,0,0,0,0,0,0,0,1,1,0,0,0,0,0,0,0,0
2008-07-17 16:45:00+00:00,30,7,16,222.57656860351562,247.0901336669922,0,0,0,0,0,0,0,0,0,0,0,0,0,0,1,1,1,0,0,0,0,0,0,0,0
2008-07-17 16:45:00+00:00,30,7,16,100.64818572998047,81.81282806396484,0,0,0,0,0,0,0,0,0,0,1,1,1,1,1,1,1,0,0,0,0,0,0,0,0
2008-07-17 17:00:00+00:00,30,7,17,388.55853271484375,,0,0,0,0,0,0,0,0,0,0,0,0,0,0,0,0,0,0,0,0,0,0,0,0,0
2008-07-17 17:00:00+00:00,30,7,17,226.23655700683594,189.2583770751953,0,0,0,0,0,0,0,0,0,0,0,0,0,0,1,1,1,0,0,0,0,0,0,0,0
2008-07-17 17:00:00+00:00,30,7,17,237.6361083984375,267.7855529785156,0,0,0,0,0,0,0,0,0,0,0,0,0,0,1,1,1,0,0,0,0,0,0,0,0
2008-07-17 17:00:00+00:00,30,7,17,66.6499252319336,87.05062103271484,0,0,0,0,0,0,0,0,1,1,1,1,1,1,1,1,1,0,0,0,0,0,0,0,0
2008-07-17 17:00:00+00:00,30,7,17,135.15664672851562,131.0889892578125,0,0,0,0,0,0,0,0,0,0,0,1,1,1,1,1,1,0,0,0,0,0,0,0,0
2008-07-17 17:00:00+00:00,30,7,17,64.36050415039062,14.104640007019043,0,0,0,0,0,0,0,0,1,1,1,1,1,1,1,1,1,0,1,1,1,1,1,1,1
2008-07-17 17:00:00+00:00,30,7,17,136.57615661621094,92.11498260498047,0,0,0,0,0,0,0,0,0,0,0,1,1,1,1,1,1,0,0,0,0,0,0,0,0
2008-07-17 17:00:00+00:00,30,7,17,95.11338806152344,109.73223114013672,0,0,0,0,0,0,0,0,0,1,1,1,1,1,1,1,1,0,0,0,0,0,0,0,0
2008-07-17 17:00:00+00:00,30,7,17,51.43828201293945,31.580055236816406,0,0,0,0,0,0,0,1,1,1,1,1,1,1,1,1,1,0,0,0,0,0,1,1,1
2008-07-17 17:00:00+00:00,30,7,17,153.9845428466797,165.78677368164062,0,0,0,0,0,0,0,0,0,0,0,0,1,1,1,1,1,0,0,0,0,0,0,0,0
2008-07-17 17:00:00+00:00,30,7,17,148.88803100585938,0.0,0,0,0,0,0,0,0,0,0,0,0,1,1,1,1,1,1,1,1,1,1,1,1,1,1
2008-07-17 17:00:00+00:00,30,7,17,109.37501525878906,191.80393981933594,0,0,0,0,0,0,0,0,0,0,1,1,1,1,1,1,1,0,0,0,0,0,0,0,0
2008-07-17 17:00:00+00:00,30,7,17,447.092041015625,198.05758666992188,0,0,0,0,0,0,0,0,0,0,0,0,0,0,0,0,0,0,0,0,0,0,0,0,0
2008-07-17 17:00:00+00:00,30,7,17,440.0862121582031,100.37295532226562,0,0,0,0,0,0,0,0,0,0,0,0,0,0,0,0,0,0,0,0,0,0,0,0,0
2008-07-17 17:15:00+00:00,30,7,17,,,0,0,0,0,0,0,0,0,0,0,0,0,0,0,0,0,0,0,0,0,0,0,0,0,0
2008-07-17 17:15:00+00:00,30,7,17,,,0,0,0,0,0,0,0,0,0,0,0,0,0,0,0,0,0,0,0,0,0,0,0,0,0
2008-07-17 17:15:00+00:00,30,7,17,159.40504455566406,23.000368118286133,0,0,0,0,0,0,0,0,0,0,0,0,1,1,1,1,1,0,0,0,1,1,1,1,1
2008-07-17 17:15:00+00:00,30,7,17,107.6285400390625,0.0,0,0,0,0,0,0,0,0,0,0,1,1,1,1,1,1,1,1,1,1,1,1,1,1,1
2008-07-17 17:15:00+00:00,30,7,17,324.0832824707031,305.18194580078125,0,0,0,0,0,0,0,0,0,0,0,0,0,0,0,0,1,0,0,0,0,0,0,0,0
2008-07-17 17:15:00+00:00,30,7,17,140.787841796875,133.76637268066406,0,0,0,0,0,0,0,0,0,0,0,1,1,1,1,1,1,0,0,0,0,0,0,0,0
2008-07-17 17:30:00+00:00,30,7,17,248.91375732421875,259.1439208984375,0,0,0,0,0,0,0,0,0,0,0,0,0,0,1,1,1,0,0,0,0,0,0,0,0
2008-07-17 17:30:00+00:00,30,7,17,108.62321472167969,84.12566375732422,0,0,0,0,0,0,0,0,0,0,1,1,1,1,1,1,1,0,0,0,0,0,0,0,0
2008-07-17 17:30:00+00:00,30,7,17,110.0751724243164,120.69437408447266,0,0,0,0,0,0,0,0,0,0,1,1,1,1,1,1,1,0,0,0,0,0,0,0,0
2008-07-17 17:30:00+00:00,30,7,17,78.96614837646484,91.42517852783203,0,0,0,0,0,0,0,0,1,1,1,1,1,1,1,1,1,0,0,0,0,0,0,0,0
2008-07-17 17:30:00+00:00,30,7,17,106.96836853027344,96.55377960205078,0,0,0,0,0,0,0,0,0,0,1,1,1,1,1,1,1,0,0,0,0,0,0,0,0
2008-07-17 17:45:00+00:00,30,7,17,284.4974365234375,316.19512939453125,0,0,0,0,0,0,0,0,0,0,0,0,0,0,0,1,1,0,0,0,0,0,0,0,0
2008-07-17 17:45:00+00:00,30,7,17,91.54996490478516,100.54168701171875,0,0,0,0,0,0,0,0,0,1,1,1,1,1,1,1,1,0,0,0,0,0,0,0,0
2008-07-17 17:45:00+00:00,30,7,17,266.7796936035156,341.8675231933594,0,0,0,0,0,0,0,0,0,0,0,0,0,0,0,1,1,0,0,0,0,0,0,0,0
2008-07-17 17:45:00+00:00,30,7,17,53.65610885620117,52.05049514770508,0,0,0,0,0,0,0,1,1,1,1,1,1,1,1,1,1,0,0,0,0,0,0,0,1
2008-07-19 10:00:00+00:00,30,7,10,,,0,0,0,0,0,0,0,0,0,0,0,0,0,0,0,0,0,0,0,0,0,0,0,0,0
2008-07-19 10:00:00+00:00,30,7,10,,,0,0,0,0,0,0,0,0,0,0,0,0,0,0,0,0,0,0,0,0,0,0,0,0,0
2008-07-19 10:00:00+00:00,30,7,10,113.20234680175781,138.33348083496094,0,0,0,0,0,0,0,0,0,0,1,1,1,1,1,1,1,0,0,0,0,0,0,0,0
2008-07-19 10:00:00+00:00,30,7,10,,,0,0,0,0,0,0,0,0,0,0,0,0,0,0,0,0,0,0,0,0,0,0,0,0,0
2008-07-19 10:00:00+00:00,30,7,10,,,0,0,0,0,0,0,0,0,0,0,0,0,0,0,0,0,0,0,0,0,0,0,0,0,0
2008-07-19 10:00:00+00:00,30,7,10,,,0,0,0,0,0,0,0,0,0,0,0,0,0,0,0,0,0,0,0,0,0,0,0,0,0
2008-07-19 10:00:00+00:00,30,7,10,,,0,0,0,0,0,0,0,0,0,0,0,0,0,0,0,0,0,0,0,0,0,0,0,0,0
2008-07-19 10:00:00+00:00,30,7,10,,,0,0,0,0,0,0,0,0,0,0,0,0,0,0,0,0,0,0,0,0,0,0,0,0,0
2008-07-19 10:00:00+00:00,30,7,10,,,0,0,0,0,0,0,0,0,0,0,0,0,0,0,0,0,0,0,0,0,0,0,0,0,0
2008-07-19 10:15:00+00:00,30,7,10,,,0,0,0,0,0,0,0,0,0,0,0,0,0,0,0,0,0,0,0,0,0,0,0,0,0
2008-07-19 10:15:00+00:00,30,7,10,,,0,0,0,0,0,0,0,0,0,0,0,0,0,0,0,0,0,0,0,0,0,0,0,0,0
2008-07-19 10:15:00+00:00,30,7,10,113.47553253173828,127.3152847290039,0,0,0,0,0,0,0,0,0,0,1,1,1,1,1,1,1,0,0,0,0,0,0,0,0
2008-07-19 10:15:00+00:00,30,7,10,,,0,0,0,0,0,0,0,0,0,0,0,0,0,0,0,0,0,0,0,0,0,0,0,0,0
2008-07-19 10:15:00+00:00,30,7,10,226.4004364013672,,0,0,0,0,0,0,0,0,0,0,0,0,0,0,1,1,1,0,0,0,0,0,0,0,0
2008-07-19 10:15:00+00:00,30,7,10,,,0,0,0,0,0,0,0,0,0,0,0,0,0,0,0,0,0,0,0,0,0,0,0,0,0
2008-07-19 10:15:00+00:00,30,7,10,,,0,0,0,0,0,0,0,0,0,0,0,0,0,0,0,0,0,0,0,0,0,0,0,0,0
2008-07-19 10:30:00+00:00,30,7,10,,,0,0,0,0,0,0,0,0,0,0,0,0,0,0,0,0,0,0,0,0,0,0,0,0,0
2008-07-19 10:30:00+00:00,30,7,10,,,0,0,0,0,0,0,0,0,0,0,0,0,0,0,0,0,0,0,0,0,0,0,0,0,0
2008-07-19 10:30:00+00:00,30,7,10,,,0,0,0,0,0,0,0,0,0,0,0,0,0,0,0,0,0,0,0,0,0,0,0,0,0
2008-07-19 10:30:00+00:00,30,7,10,,,0,0,0,0,0,0,0,0,0,0,0,0,0,0,0,0,0,0,0,0,0,0,0,0,0
2008-07-19 10:30:00+00:00,30,7,10,,,0,0,0,0,0,0,0,0,0,0,0,0,0,0,0,0,0,0,0,0,0,0,0,0,0
2008-07-19 10:30:00+00:00,30,7,10,365.4701843261719,,0,0,0,0,0,0,0,0,0,0,0,0,0,0,0,0,0,0,0,0,0,0,0,0,0
2008-07-19 10:30:00+00:00,30,7,10,,385.5049133300781,0,0,0,0,0,0,0,0,0,0,0,0,0,0,0,0,0,0,0,0,0,0,0,0,0
2008-07-19 10:30:00+00:00,30,7,10,,,0,0,0,0,0,0,0,0,0,0,0,0,0,0,0,0,0,0,0,0,0,0,0,0,0
2008-07-19 10:30:00+00:00,30,7,10,,,0,0,0,0,0,0,0,0,0,0,0,0,0,0,0,0,0,0,0,0,0,0,0,0,0
2008-07-19 10:30:00+00:00,30,7,10,,,0,0,0,0,0,0,0,0,0,0,0,0,0,0,0,0,0,0,0,0,0,0,0,0,0
2008-07-19 10:30:00+00:00,30,7,10,,,0,0,0,0,0,0,0,0,0,0,0,0,0,0,0,0,0,0,0,0,0,0,0,0,0
2008-07-19 10:45:00+00:00,30,7,10,,,0,0,0,0,0,0,0,0,0,0,0,0,0,0,0,0,0,0,0,0,0,0,0,0,0
2008-07-19 10:45:00+00:00,30,7,10,,,0,0,0,0,0,0,0,0,0,0,0,0,0,0,0,0,0,0,0,0,0,0,0,0,0
2008-07-19 10:45:00+00:00,30,7,10,,,0,0,0,0,0,0,0,0,0,0,0,0,0,0,0,0,0,0,0,0,0,0,0,0,0
2008-07-19 10:45:00+00:00,30,7,10,,,0,0,0,0,0,0,0,0,0,0,0,0,0,0,0,0,0,0,0,0,0,0,0,0,0
2008-07-19 10:45:00+00:00,30,7,10,,,0,0,0,0,0,0,0,0,0,0,0,0,0,0,0,0,0,0,0,0,0,0,0,0,0
2008-07-19 10:45:00+00:00,30,7,10,,,0,0,0,0,0,0,0,0,0,0,0,0,0,0,0,0,0,0,0,0,0,0,0,0,0
2008-07-19 10:45:00+00:00,30,7,10,,,0,0,0,0,0,0,0,0,0,0,0,0,0,0,0,0,0,0,0,0,0,0,0,0,0
2008-07-19 10:45:00+00:00,30,7,10,,,0,0,0,0,0,0,0,0,0,0,0,0,0,0,0,0,0,0,0,0,0,0,0,0,0
2008-07-19 10:45:00+00:00,30,7,10,,,0,0,0,0,0,0,0,0,0,0,0,0,0,0,0,0,0,0,0,0,0,0,0,0,0
2008-07-19 11:00:00+00:00,30,7,11,,417.1892395019531,0,0,0,0,0,0,0,0,0,0,0,0,0,0,0,0,0,0,0,0,0,0,0,0,0
2008-07-19 11:00:00+00:00,30,7,11,,,0,0,0,0,0,0,0,0,0,0,0,0,0,0,0,0,0,0,0,0,0,0,0,0,0
2008-07-19 11:00:00+00:00,30,7,11,,,0,0,0,0,0,0,0,0,0,0,0,0,0,0,0,0,0,0,0,0,0,0,0,0,0
2008-07-19 11:00:00+00:00,30,7,11,365.623046875,294.1288146972656,0,0,0,0,0,0,0,0,0,0,0,0,0,0,0,0,0,0,0,0,0,0,0,0,0
2008-07-19 11:00:00+00:00,30,7,11,,,0,0,0,0,0,0,0,0,0,0,0,0,0,0,0,0,0,0,0,0,0,0,0,0,0
2008-07-19 11:00:00+00:00,30,7,11,,,0,0,0,0,0,0,0,0,0,0,0,0,0,0,0,0,0,0,0,0,0,0,0,0,0
2008-07-19 11:00:00+00:00,30,7,11,,,0,0,0,0,0,0,0,0,0,0,0,0,0,0,0,0,0,0,0,0,0,0,0,0,0
2008-07-19 11:00:00+00:00,30,7,11,,,0,0,0,0,0,0,0,0,0,0,0,0,0,0,0,0,0,0,0,0,0,0,0,0,0
2008-07-19 11:00:00+00:00,30,7,11,,650.4458618164062,0,0,0,0,0,0,0,0,0,0,0,0,0,0,0,0,0,0,0,0,0,0,0,0,0
2008-07-19 11:00:00+00:00,30,7,11,,669.4749145507812,0,0,0,0,0,0,0,0,0,0,0,0,0,0,0,0,0,0,0,0,0,0,0,0,0
2008-07-19 11:15:00+00:00,30,7,11,117.65371704101562,401.860107421875,0,0,0,0,0,0,0,0,0,0,1,1,1,1,1,1,1,0,0,0,0,0,0,0,0
2008-07-19 11:15:00+00:00,30,7,11,,,0,0,0,0,0,0,0,0,0,0,0,0,0,0,0,0,0,0,0,0,0,0,0,0,0
2008-07-19 11:15:00+00:00,30,7,11,140.4106903076172,141.68588256835938,0,0,0,0,0,0,0,0,0,0,0,1,1,1,1,1,1,0,0,0,0,0,0,0,0
2008-07-19 11:15:00+00:00,30,7,11,,,0,0,0,0,0,0,0,0,0,0,0,0,0,0,0,0,0,0,0,0,0,0,0,0,0
2008-07-19 11:15:00+00:00,30,7,11,,,0,0,0,0,0,0,0,0,0,0,0,0,0,0,0,0,0,0,0,0,0,0,0,0,0
2008-07-19 11:15:00+00:00,30,7,11,,,0,0,0,0,0,0,0,0,0,0,0,0,0,0,0,0,0,0,0,0,0,0,0,0,0
2008-07-19 11:15:00+00:00,30,7,11,,,0,0,0,0,0,0,0,0,0,0,0,0,0,0,0,0,0,0,0,0,0,0,0,0,0
2008-07-19 11:15:00+00:00,30,7,11,,,0,0,0,0,0,0,0,0,0,0,0,0,0,0,0,0,0,0,0,0,0,0,0,0,0
2008-07-19 11:15:00+00:00,30,7,11,660.9444580078125,,0,0,0,0,0,0,0,0,0,0,0,0,0,0,0,0,0,0,0,0,0,0,0,0,0
2008-07-19 11:15:00+00:00,30,7,11,769.1681518554688,,0,0,0,0,0,0,0,0,0,0,0,0,0,0,0,0,0,0,0,0,0,0,0,0,0
2008-07-19 11:30:00+00:00,30,7,11,,208.5047607421875,0,0,0,0,0,0,0,0,0,0,0,0,0,0,0,0,0,0,0,0,0,0,0,0,0
2008-07-19 11:30:00+00:00,30,7,11,,137.5926055908203,0,0,0,0,0,0,0,0,0,0,0,0,0,0,0,0,0,0,0,0,0,0,0,0,0
2008-07-19 11:30:00+00:00,30,7,11,471.3653259277344,456.0738220214844,0,0,0,0,0,0,0,0,0,0,0,0,0,0,0,0,0,0,0,0,0,0,0,0,0
2008-07-19 11:30:00+00:00,30,7,11,338.4816589355469,320.9395446777344,0,0,0,0,0,0,0,0,0,0,0,0,0,0,0,0,1,0,0,0,0,0,0,0,0
2008-07-19 11:30:00+00:00,30,7,11,,159.44822692871094,0,0,0,0,0,0,0,0,0,0,0,0,0,0,0,0,0,0,0,0,0,0,0,0,0
2008-07-19 11:30:00+00:00,30,7,11,,117.12352752685547,0,0,0,0,0,0,0,0,0,0,0,0,0,0,0,0,0,0,0,0,0,0,0,0,0
2008-07-19 11:30:00+00:00,30,7,11,,151.48475646972656,0,0,0,0,0,0,0,0,0,0,0,0,0,0,0,0,0,0,0,0,0,0,0,0,0
2008-07-19 11:30:00+00:00,30,7,11,,201.96810913085938,0,0,0,0,0,0,0,0,0,0,0,0,0,0,0,0,0,0,0,0,0,0,0,0,0
2008-07-19 11:30:00+00:00,30,7,11,,,0,0,0,0,0,0,0,0,0,0,0,0,0,0,0,0,0,0,0,0,0,0,0,0,0
2008-07-19 11:30:00+00:00,30,7,11,,,0,0,0,0,0,0,0,0,0,0,0,0,0,0,0,0,0,0,0,0,0,0,0,0,0
2008-07-19 11:30:00+00:00,30,7,11,,391.01629638671875,0,0,0,0,0,0,0,0,0,0,0,0,0,0,0,0,0,0,0,0,0,0,0,0,0
2008-07-19 11:30:00+00:00,30,7,11,516.3930053710938,,0,0,0,0,0,0,0,0,0,0,0,0,0,0,0,0,0,0,0,0,0,0,0,0,0
2008-07-19 11:30:00+00:00,30,7,11,80.03612518310547,83.17683410644531,0,0,0,0,0,0,0,0,0,1,1,1,1,1,1,1,1,0,0,0,0,0,0,0,0
2008-07-19 11:45:00+00:00,30,7,11,,,0,0,0,0,0,0,0,0,0,0,0,0,0,0,0,0,0,0,0,0,0,0,0,0,0
2008-07-19 11:45:00+00:00,30,7,11,153.10684204101562,156.1348876953125,0,0,0,0,0,0,0,0,0,0,0,0,1,1,1,1,1,0,0,0,0,0,0,0,0
2008-07-19 11:45:00+00:00,30,7,11,173.87844848632812,117.91710662841797,0,0,0,0,0,0,0,0,0,0,0,0,1,1,1,1,1,0,0,0,0,0,0,0,0
2008-07-19 11:45:00+00:00,30,7,11,100.9046859741211,24.19255256652832,0,0,0,0,0,0,0,0,0,0,1,1,1,1,1,1,1,0,0,0,1,1,1,1,1
2008-07-19 11:45:00+00:00,30,7,11,616.9644165039062,237.8812713623047,0,0,0,0,0,0,0,0,0,0,0,0,0,0,0,0,0,0,0,0,0,0,0,0,0
2008-07-19 11:45:00+00:00,30,7,11,,189.177490234375,0,0,0,0,0,0,0,0,0,0,0,0,0,0,0,0,0,0,0,0,0,0,0,0,0
2008-07-19 11:45:00+00:00,30,7,11,,104.54679870605469,0,0,0,0,0,0,0,0,0,0,0,0,0,0,0,0,0,0,0,0,0,0,0,0,0
2008-07-19 11:45:00+00:00,30,7,11,,199.84373474121094,0,0,0,0,0,0,0,0,0,0,0,0,0,0,0,0,0,0,0,0,0,0,0,0,0
2008-07-19 11:45:00+00:00,30,7,11,,197.205322265625,0,0,0,0,0,0,0,0,0,0,0,0,0,0,0,0,0,0,0,0,0,0,0,0,0
2008-07-19 11:45:00+00:00,30,7,11,,233.9934539794922,0,0,0,0,0,0,0,0,0,0,0,0,0,0,0,0,0,0,0,0,0,0,0,0,0
2008-07-19 11:45:00+00:00,30,7,11,,7.784041881561279,0,0,0,0,0,0,0,0,0,0,0,0,0,0,0,0,0,1,1,1,1,1,1,1,1
2008-07-19 11:45:00+00:00,30,7,11,,484.6827697753906,0,0,0,0,0,0,0,0,0,0,0,0,0,0,0,0,0,0,0,0,0,0,0,0,0
2008-07-19 11:45:00+00:00,30,7,11,,,0,0,0,0,0,0,0,0,0,0,0,0,0,0,0,0,0,0,0,0,0,0,0,0,0
2008-07-19 11:45:00+00:00,30,7,11,,,0,0,0,0,0,0,0,0,0,0,0,0,0,0,0,0,0,0,0,0,0,0,0,0,0
2008-07-19 11:45:00+00:00,30,7,11,,283.3327941894531,0,0,0,0,0,0,0,0,0,0,0,0,0,0,0,0,0,0,0,0,0,0,0,0,0
2008-07-19 11:45:00+00:00,30,7,11,,,0,0,0,0,0,0,0,0,0,0,0,0,0,0,0,0,0,0,0,0,0,0,0,0,0
2008-07-19 12:00:00+00:00,30,7,12,,,0,0,0,0,0,0,0,0,0,0,0,0,0,0,0,0,0,0,0,0,0,0,0,0,0
2008-07-19 12:00:00+00:00,30,7,12,179.90679931640625,,0,0,0,0,0,0,0,0,0,0,0,0,1,1,1,1,1,0,0,0,0,0,0,0,0
2008-07-19 12:00:00+00:00,30,7,12,,,0,0,0,0,0,0,0,0,0,0,0,0,0,0,0,0,0,0,0,0,0,0,0,0,0
2008-07-19 12:00:00+00:00,30,7,12,230.9024658203125,211.80921936035156,0,0,0,0,0,0,0,0,0,0,0,0,0,0,1,1,1,0,0,0,0,0,0,0,0
2008-07-19 12:00:00+00:00,30,7,12,142.87210083007812,133.98756408691406,0,0,0,0,0,0,0,0,0,0,0,1,1,1,1,1,1,0,0,0,0,0,0,0,0
2008-07-19 12:00:00+00:00,30,7,12,,,0,0,0,0,0,0,0,0,0,0,0,0,0,0,0,0,0,0,0,0,0,0,0,0,0
2008-07-19 12:00:00+00:00,30,7,12,,,0,0,0,0,0,0,0,0,0,0,0,0,0,0,0,0,0,0,0,0,0,0,0,0,0
2008-07-19 12:00:00+00:00,30,7,12,,,0,0,0,0,0,0,0,0,0,0,0,0,0,0,0,0,0,0,0,0,0,0,0,0,0
2008-07-19 12:00:00+00:00,30,7,12,,281.9853210449219,0,0,0,0,0,0,0,0,0,0,0,0,0,0,0,0,0,0,0,0,0,0,0,0,0
2008-07-19 12:00:00+00:00,30,7,12,,,0,0,0,0,0,0,0,0,0,0,0,0,0,0,0,0,0,0,0,0,0,0,0,0,0
2008-07-19 12:00:00+00:00,30,7,12,355.3829345703125,358.5279846191406,0,0,0,0,0,0,0,0,0,0,0,0,0,0,0,0,0,0,0,0,0,0,0,0,0
2008-07-19 12:15:00+00:00,30,7,12,,,0,0,0,0,0,0,0,0,0,0,0,0,0,0,0,0,0,0,0,0,0,0,0,0,0
2008-07-19 12:15:00+00:00,30,7,12,,,0,0,0,0,0,0,0,0,0,0,0,0,0,0,0,0,0,0,0,0,0,0,0,0,0
2008-07-19 12:15:00+00:00,30,7,12,,,0,0,0,0,0,0,0,0,0,0,0,0,0,0,0,0,0,0,0,0,0,0,0,0,0
2008-07-19 12:15:00+00:00,30,7,12,380.56732177734375,7.21543550491333,0,0,0,0,0,0,0,0,0,0,0,0,0,0,0,0,0,1,1,1,1,1,1,1,1
2008-07-19 12:15:00+00:00,30,7,12,,,0,0,0,0,0,0,0,0,0,0,0,0,0,0,0,0,0,0,0,0,0,0,0,0,0
2008-07-19 12:15:00+00:00,30,7,12,74.37984466552734,83.76524353027344,0,0,0,0,0,0,0,0,1,1,1,1,1,1,1,1,1,0,0,0,0,0,0,0,0
2008-07-19 12:15:00+00:00,30,7,12,118.9969253540039,108.1697998046875,0,0,0,0,0,0,0,0,0,0,1,1,1,1,1,1,1,0,0,0,0,0,0,0,0
2008-07-19 12:15:00+00:00,30,7,12,52.247135162353516,62.35365676879883,0,0,0,0,0,0,0,1,1,1,1,1,1,1,1,1,1,0,0,0,0,0,0,0,0
2008-07-19 12:15:00+00:00,30,7,12,67.82015991210938,72.93163299560547,0,0,0,0,0,0,0,0,1,1,1,1,1,1,1,1,1,0,0,0,0,0,0,0,0
2008-07-19 12:15:00+00:00,30,7,12,419.4511413574219,280.4737548828125,0,0,0,0,0,0,0,0,0,0,0,0,0,0,0,0,0,0,0,0,0,0,0,0,0
2008-07-19 12:15:00+00:00,30,7,12,,,0,0,0,0,0,0,0,0,0,0,0,0,0,0,0,0,0,0,0,0,0,0,0,0,0
2008-07-19 12:30:00+00:00,30,7,12,,234.04005432128906,0,0,0,0,0,0,0,0,0,0,0,0,0,0,0,0,0,0,0,0,0,0,0,0,0
2008-07-19 12:30:00+00:00,30,7,12,,,0,0,0,0,0,0,0,0,0,0,0,0,0,0,0,0,0,0,0,0,0,0,0,0,0
2008-07-19 12:30:00+00:00,30,7,12,,301.9439392089844,0,0,0,0,0,0,0,0,0,0,0,0,0,0,0,0,0,0,0,0,0,0,0,0,0
2008-07-19 12:30:00+00:00,30,7,12,,,0,0,0,0,0,0,0,0,0,0,0,0,0,0,0,0,0,0,0,0,0,0,0,0,0
2008-07-19 12:30:00+00:00,30,7,12,139.75775146484375,112.27368927001953,0,0,0,0,0,0,0,0,0,0,0,1,1,1,1,1,1,0,0,0,0,0,0,0,0
2008-07-19 12:30:00+00:00,30,7,12,136.36231994628906,139.8439483642578,0,0,0,0,0,0,0,0,0,0,0,1,1,1,1,1,1,0,0,0,0,0,0,0,0
2008-07-19 12:30:00+00:00,30,7,12,336.61181640625,389.7062683105469,0,0,0,0,0,0,0,0,0,0,0,0,0,0,0,0,1,0,0,0,0,0,0,0,0
2008-07-19 12:30:00+00:00,30,7,12,332.724609375,329.6711120605469,0,0,0,0,0,0,0,0,0,0,0,0,0,0,0,0,1,0,0,0,0,0,0,0,0
2008-07-19 12:30:00+00:00,30,7,12,130.33071899414062,3.0239782333374023,0,0,0,0,0,0,0,0,0,0,0,1,1,1,1,1,1,1,1,1,1,1,1,1,1
2008-07-19 12:30:00+00:00,30,7,12,590.6868286132812,640.1444091796875,0,0,0,0,0,0,0,0,0,0,0,0,0,0,0,0,0,0,0,0,0,0,0,0,0
2008-07-19 12:45:00+00:00,30,7,12,,308.96636962890625,0,0,0,0,0,0,0,0,0,0,0,0,0,0,0,0,0,0,0,0,0,0,0,0,0
2008-07-19 12:45:00+00:00,30,7,12,,,0,0,0,0,0,0,0,0,0,0,0,0,0,0,0,0,0,0,0,0,0,0,0,0,0
2008-07-19 12:45:00+00:00,30,7,12,,,0,0,0,0,0,0,0,0,0,0,0,0,0,0,0,0,0,0,0,0,0,0,0,0,0
2008-07-19 12:45:00+00:00,30,7,12,,,0,0,0,0,0,0,0,0,0,0,0,0,0,0,0,0,0,0,0,0,0,0,0,0,0
2008-07-19 12:45:00+00:00,30,7,12,,,0,0,0,0,0,0,0,0,0,0,0,0,0,0,0,0,0,0,0,0,0,0,0,0,0
2008-07-19 12:45:00+00:00,30,7,12,320.8659973144531,323.0552978515625,0,0,0,0,0,0,0,0,0,0,0,0,0,0,0,0,1,0,0,0,0,0,0,0,0
2008-07-19 12:45:00+00:00,30,7,12,205.60972595214844,161.24803161621094,0,0,0,0,0,0,0,0,0,0,0,0,0,0,1,1,1,0,0,0,0,0,0,0,0
2008-07-19 12:45:00+00:00,30,7,12,305.3624572753906,75.4525146484375,0,0,0,0,0,0,0,0,0,0,0,0,0,0,0,0,1,0,0,0,0,0,0,0,0
2008-07-19 12:45:00+00:00,30,7,12,139.34234619140625,141.01905822753906,0,0,0,0,0,0,0,0,0,0,0,1,1,1,1,1,1,0,0,0,0,0,0,0,0
2008-07-19 12:45:00+00:00,30,7,12,276.16119384765625,323.83148193359375,0,0,0,0,0,0,0,0,0,0,0,0,0,0,0,1,1,0,0,0,0,0,0,0,0
2008-07-19 12:45:00+00:00,30,7,12,,453.150390625,0,0,0,0,0,0,0,0,0,0,0,0,0,0,0,0,0,0,0,0,0,0,0,0,0
2008-07-19 12:45:00+00:00,30,7,12,,,0,0,0,0,0,0,0,0,0,0,0,0,0,0,0,0,0,0,0,0,0,0,0,0,0
2008-07-19 13:00:00+00:00,30,7,13,,,0,0,0,0,0,0,0,0,0,0,0,0,0,0,0,0,0,0,0,0,0,0,0,0,0
2008-07-19 13:00:00+00:00,30,7,13,,,0,0,0,0,0,0,0,0,0,0,0,0,0,0,0,0,0,0,0,0,0,0,0,0,0
2008-07-19 13:00:00+00:00,30,7,13,194.8657684326172,163.46490478515625,0,0,0,0,0,0,0,0,0,0,0,0,0,1,1,1,1,0,0,0,0,0,0,0,0
2008-07-19 13:00:00+00:00,30,7,13,255.58502197265625,338.1929016113281,0,0,0,0,0,0,0,0,0,0,0,0,0,0,0,1,1,0,0,0,0,0,0,0,0
2008-07-19 13:00:00+00:00,30,7,13,358.1382751464844,333.15484619140625,0,0,0,0,0,0,0,0,0,0,0,0,0,0,0,0,0,0,0,0,0,0,0,0,0
2008-07-19 13:00:00+00:00,30,7,13,42.050662994384766,19.083354949951172,0,0,0,0,0,0,1,1,1,1,1,1,1,1,1,1,1,0,0,1,1,1,1,1,1
2008-07-19 13:00:00+00:00,30,7,13,,,0,0,0,0,0,0,0,0,0,0,0,0,0,0,0,0,0,0,0,0,0,0,0,0,0
2008-07-19 13:00:00+00:00,30,7,13,,4.6187543869018555,0,0,0,0,0,0,0,0,0,0,0,0,0,0,0,0,0,1,1,1,1,1,1,1,1
2008-07-19 13:15:00+00:00,30,7,13,176.32040405273438,245.40911865234375,0,0,0,0,0,0,0,0,0,0,0,0,1,1,1,1,1,0,0,0,0,0,0,0,0
2008-07-19 13:15:00+00:00,30,7,13,,,0,0,0,0,0,0,0,0,0,0,0,0,0,0,0,0,0,0,0,0,0,0,0,0,0
2008-07-19 13:15:00+00:00,30,7,13,,,0,0,0,0,0,0,0,0,0,0,0,0,0,0,0,0,0,0,0,0,0,0,0,0,0
2008-07-19 13:15:00+00:00,30,7,13,,,0,0,0,0,0,0,0,0,0,0,0,0,0,0,0,0,0,0,0,0,0,0,0,0,0
2008-07-19 13:15:00+00:00,30,7,13,166.73062133789062,149.82049560546875,0,0,0,0,0,0,0,0,0,0,0,0,1,1,1,1,1,0,0,0,0,0,0,0,0
2008-07-19 13:15:00+00:00,30,7,13,92.07290649414062,62.136192321777344,0,0,0,0,0,0,0,0,0,1,1,1,1,1,1,1,1,0,0,0,0,0,0,0,0
2008-07-19 13:15:00+00:00,30,7,13,196.4810333251953,189.1575927734375,0,0,0,0,0,0,0,0,0,0,0,0,0,1,1,1,1,0,0,0,0,0,0,0,0
2008-07-19 13:15:00+00:00,30,7,13,214.67462158203125,208.02297973632812,0,0,0,0,0,0,0,0,0,0,0,0,0,0,1,1,1,0,0,0,0,0,0,0,0
2008-07-19 13:15:00+00:00,30,7,13,72.3014144897461,168.37594604492188,0,0,0,0,0,0,0,0,1,1,1,1,1,1,1,1,1,0,0,0,0,0,0,0,0
2008-07-19 13:15:00+00:00,30,7,13,44.032222747802734,16.808412551879883,0,0,0,0,0,0,1,1,1,1,1,1,1,1,1,1,1,0,0,1,1,1,1,1,1
2008-07-19 13:15:00+00:00,30,7,13,63.59040832519531,42.403804779052734,0,0,0,0,0,0,0,0,1,1,1,1,1,1,1,1,1,0,0,0,0,0,0,1,1
2008-07-19 13:15:00+00:00,30,7,13,,72.93544006347656,0,0,0,0,0,0,0,0,0,0,0,0,0,0,0,0,0,0,0,0,0,0,0,0,0
2008-07-19 13:30:00+00:00,30,7,13,153.62339782714844,212.75308227539062,0,0,0,0,0,0,0,0,0,0,0,0,1,1,1,1,1,0,0,0,0,0,0,0,0
2008-07-19 13:30:00+00:00,30,7,13,372.8870544433594,201.76214599609375,0,0,0,0,0,0,0,0,0,0,0,0,0,0,0,0,0,0,0,0,0,0,0,0,0
2008-07-19 13:30:00+00:00,30,7,13,,218.095947265625,0,0,0,0,0,0,0,0,0,0,0,0,0,0,0,0,0,0,0,0,0,0,0,0,0
2008-07-19 13:30:00+00:00,30,7,13,104.17170715332031,131.23963928222656,0,0,0,0,0,0,0,0,0,0,1,1,1,1,1,1,1,0,0,0,0,0,0,0,0
2008-07-19 13:30:00+00:00,30,7,13,,,0,0,0,0,0,0,0,0,0,0,0,0,0,0,0,0,0,0,0,0,0,0,0,0,0
2008-07-19 13:30:00+00:00,30,7,13,,,0,0,0,0,0,0,0,0,0,0,0,0,0,0,0,0,0,0,0,0,0,0,0,0,0
2008-07-19 13:30:00+00:00,30,7,13,,,0,0,0,0,0,0,0,0,0,0,0,0,0,0,0,0,0,0,0,0,0,0,0,0,0
2008-07-19 13:30:00+00:00,30,7,13,411.0857849121094,411.6272888183594,0,0,0,0,0,0,0,0,0,0,0,0,0,0,0,0,0,0,0,0,0,0,0,0,0
2008-07-19 13:30:00+00:00,30,7,13,298.8386535644531,,0,0,0,0,0,0,0,0,0,0,0,0,0,0,0,1,1,0,0,0,0,0,0,0,0
2008-07-19 13:30:00+00:00,30,7,13,,,0,0,0,0,0,0,0,0,0,0,0,0,0,0,0,0,0,0,0,0,0,0,0,0,0
2008-07-19 13:30:00+00:00,30,7,13,282.4657287597656,229.82948303222656,0,0,0,0,0,0,0,0,0,0,0,0,0,0,0,1,1,0,0,0,0,0,0,0,0
2008-07-19 13:30:00+00:00,30,7,13,159.33131408691406,224.79539489746094,0,0,0,0,0,0,0,0,0,0,0,0,1,1,1,1,1,0,0,0,0,0,0,0,0
2008-07-19 13:30:00+00:00,30,7,13,376.3633117675781,221.83924865722656,0,0,0,0,0,0,0,0,0,0,0,0,0,0,0,0,0,0,0,0,0,0,0,0,0
2008-07-19 13:30:00+00:00,30,7,13,220.74827575683594,243.15708923339844,0,0,0,0,0,0,0,0,0,0,0,0,0,0,1,1,1,0,0,0,0,0,0,0,0
2008-07-19 13:30:00+00:00,30,7,13,388.908203125,393.5120544433594,0,0,0,0,0,0,0,0,0,0,0,0,0,0,0,0,0,0,0,0,0,0,0,0,0
2008-07-19 13:45:00+00:00,30,7,13,422.3993835449219,267.00836181640625,0,0,0,0,0,0,0,0,0,0,0,0,0,0,0,0,0,0,0,0,0,0,0,0,0
2008-07-19 13:45:00+00:00,30,7,13,,192.71339416503906,0,0,0,0,0,0,0,0,0,0,0,0,0,0,0,0,0,0,0,0,0,0,0,0,0
2008-07-19 13:45:00+00:00,30,7,13,61.574607849121094,58.111324310302734,0,0,0,0,0,0,0,0,1,1,1,1,1,1,1,1,1,0,0,0,0,0,0,0,1
2008-07-19 13:45:00+00:00,30,7,13,52.614994049072266,40.99399185180664,0,0,0,0,0,0,0,1,1,1,1,1,1,1,1,1,1,0,0,0,0,0,0,1,1
2008-07-19 13:45:00+00:00,30,7,13,167.06568908691406,4.431435585021973,0,0,0,0,0,0,0,0,0,0,0,0,1,1,1,1,1,1,1,1,1,1,1,1,1
2008-07-19 13:45:00+00:00,30,7,13,134.94439697265625,124.46953582763672,0,0,0,0,0,0,0,0,0,0,0,1,1,1,1,1,1,0,0,0,0,0,0,0,0
2008-07-19 13:45:00+00:00,30,7,13,174.1072998046875,170.8140411376953,0,0,0,0,0,0,0,0,0,0,0,0,1,1,1,1,1,0,0,0,0,0,0,0,0
2008-07-19 13:45:00+00:00,30,7,13,273.7872619628906,276.7237548828125,0,0,0,0,0,0,0,0,0,0,0,0,0,0,0,1,1,0,0,0,0,0,0,0,0
2008-07-19 13:45:00+00:00,30,7,13,333.3184509277344,341.6529846191406,0,0,0,0,0,0,0,0,0,0,0,0,0,0,0,0,1,0,0,0,0,0,0,0,0
2008-07-19 13:45:00+00:00,30,7,13,,,0,0,0,0,0,0,0,0,0,0,0,0,0,0,0,0,0,0,0,0,0,0,0,0,0
2008-07-19 13:45:00+00:00,30,7,13,,,0,0,0,0,0,0,0,0,0,0,0,0,0,0,0,0,0,0,0,0,0,0,0,0,0
2008-07-19 14:00:00+00:00,30,7,14,180.08905029296875,181.81265258789062,0,0,0,0,0,0,0,0,0,0,0,0,0,1,1,1,1,0,0,0,0,0,0,0,0
2008-07-19 14:00:00+00:00,30,7,14,208.57716369628906,436.3594055175781,0,0,0,0,0,0,0,0,0,0,0,0,0,0,1,1,1,0,0,0,0,0,0,0,0
2008-07-19 14:00:00+00:00,30,7,14,,172.4678955078125,0,0,0,0,0,0,0,0,0,0,0,0,0,0,0,0,0,0,0,0,0,0,0,0,0
2008-07-19 14:00:00+00:00,30,7,14,,,0,0,0,0,0,0,0,0,0,0,0,0,0,0,0,0,0,0,0,0,0,0,0,0,0
2008-07-19 14:00:00+00:00,30,7,14,,,0,0,0,0,0,0,0,0,0,0,0,0,0,0,0,0,0,0,0,0,0,0,0,0,0
2008-07-19 14:00:00+00:00,30,7,14,418.0224609375,171.60739135742188,0,0,0,0,0,0,0,0,0,0,0,0,0,0,0,0,0,0,0,0,0,0,0,0,0
2008-07-19 14:00:00+00:00,30,7,14,271.2177429199219,273.04052734375,0,0,0,0,0,0,0,0,0,0,0,0,0,0,0,1,1,0,0,0,0,0,0,0,0
2008-07-19 14:15:00+00:00,30,7,14,210.75851440429688,197.1702117919922,0,0,0,0,0,0,0,0,0,0,0,0,0,0,1,1,1,0,0,0,0,0,0,0,0
2008-07-19 14:15:00+00:00,30,7,14,,199.5061798095703,0,0,0,0,0,0,0,0,0,0,0,0,0,0,0,0,0,0,0,0,0,0,0,0,0
2008-07-19 14:15:00+00:00,30,7,14,,,0,0,0,0,0,0,0,0,0,0,0,0,0,0,0,0,0,0,0,0,0,0,0,0,0
2008-07-19 14:15:00+00:00,30,7,14,334.3069763183594,205.49742126464844,0,0,0,0,0,0,0,0,0,0,0,0,0,0,0,0,1,0,0,0,0,0,0,0,0
2008-07-19 14:15:00+00:00,30,7,14,373.1210021972656,230.121337890625,0,0,0,0,0,0,0,0,0,0,0,0,0,0,0,0,0,0,0,0,0,0,0,0,0
2008-07-19 14:15:00+00:00,30,7,14,131.96461486816406,247.2178955078125,0,0,0,0,0,0,0,0,0,0,0,1,1,1,1,1,1,0,0,0,0,0,0,0,0
2008-07-19 14:15:00+00:00,30,7,14,103.80976867675781,235.2610321044922,0,0,0,0,0,0,0,0,0,0,1,1,1,1,1,1,1,0,0,0,0,0,0,0,0
2008-07-19 14:15:00+00:00,30,7,14,233.75828552246094,230.87184143066406,0,0,0,0,0,0,0,0,0,0,0,0,0,0,1,1,1,0,0,0,0,0,0,0,0
2008-07-19 14:15:00+00:00,30,7,14,118.60481262207031,248.36569213867188,0,0,0,0,0,0,0,0,0,0,1,1,1,1,1,1,1,0,0,0,0,0,0,0,0
2008-07-19 14:15:00+00:00,30,7,14,102.38572692871094,269.5029602050781,0,0,0,0,0,0,0,0,0,0,1,1,1,1,1,1,1,0,0,0,0,0,0,0,0
2008-07-19 14:15:00+00:00,30,7,14,73.54004669189453,288.4947509765625,0,0,0,0,0,0,0,0,1,1,1,1,1,1,1,1,1,0,0,0,0,0,0,0,0
2008-07-19 14:15:00+00:00,30,7,14,60.937808990478516,309.5263671875,0,0,0,0,0,0,0,0,1,1,1,1,1,1,1,1,1,0,0,0,0,0,0,0,0
2008-07-19 14:15:00+00:00,30,7,14,359.23382568359375,476.35028076171875,0,0,0,0,0,0,0,0,0,0,0,0,0,0,0,0,0,0,0,0,0,0,0,0,0
2008-07-19 14:15:00+00:00,30,7,14,176.0289764404297,645.6625366210938,0,0,0,0,0,0,0,0,0,0,0,0,1,1,1,1,1,0,0,0,0,0,0,0,0
2008-07-19 14:15:00+00:00,30,7,14,276.1847229003906,470.8135681152344,0,0,0,0,0,0,0,0,0,0,0,0,0,0,0,1,1,0,0,0,0,0,0,0,0
2008-07-19 14:15:00+00:00,30,7,14,64.31977081298828,38.63885498046875,0,0,0,0,0,0,0,0,1,1,1,1,1,1,1,1,1,0,0,0,0,0,1,1,1
2008-07-19 14:15:00+00:00,30,7,14,296.1544189453125,49.25808334350586,0,0,0,0,0,0,0,0,0,0,0,0,0,0,0,1,1,0,0,0,0,0,0,1,1
2008-07-19 14:15:00+00:00,30,7,14,,,0,0,0,0,0,0,0,0,0,0,0,0,0,0,0,0,0,0,0,0,0,0,0,0,0
2008-07-19 14:30:00+00:00,30,7,14,102.93115234375,113.21345520019531,0,0,0,0,0,0,0,0,0,0,1,1,1,1,1,1,1,0,0,0,0,0,0,0,0
2008-07-19 14:30:00+00:00,30,7,14,249.33509826660156,251.84632873535156,0,0,0,0,0,0,0,0,0,0,0,0,0,0,1,1,1,0,0,0,0,0,0,0,0
2008-07-19 14:30:00+00:00,30,7,14,,,0,0,0,0,0,0,0,0,0,0,0,0,0,0,0,0,0,0,0,0,0,0,0,0,0
2008-07-19 14:30:00+00:00,30,7,14,175.55966186523438,654.581787109375,0,0,0,0,0,0,0,0,0,0,0,0,1,1,1,1,1,0,0,0,0,0,0,0,0
2008-07-19 14:30:00+00:00,30,7,14,,359.89239501953125,0,0,0,0,0,0,0,0,0,0,0,0,0,0,0,0,0,0,0,0,0,0,0,0,0
2008-07-19 14:45:00+00:00,30,7,14,204.9049072265625,190.26239013671875,0,0,0,0,0,0,0,0,0,0,0,0,0,0,1,1,1,0,0,0,0,0,0,0,0
2008-07-19 14:45:00+00:00,30,7,14,265.58502197265625,252.9257354736328,0,0,0,0,0,0,0,0,0,0,0,0,0,0,0,1,1,0,0,0,0,0,0,0,0
2008-07-19 14:45:00+00:00,30,7,14,185.22178649902344,94.21912384033203,0,0,0,0,0,0,0,0,0,0,0,0,0,1,1,1,1,0,0,0,0,0,0,0,0
2008-07-19 14:45:00+00:00,30,7,14,,,0,0,0,0,0,0,0,0,0,0,0,0,0,0,0,0,0,0,0,0,0,0,0,0,0
2008-07-19 14:45:00+00:00,30,7,14,408.7996520996094,,0,0,0,0,0,0,0,0,0,0,0,0,0,0,0,0,0,0,0,0,0,0,0,0,0
2008-07-19 14:45:00+00:00,30,7,14,218.53744506835938,220.34275817871094,0,0,0,0,0,0,0,0,0,0,0,0,0,0,1,1,1,0,0,0,0,0,0,0,0
2008-07-19 14:45:00+00:00,30,7,14,302.82586669921875,,0,0,0,0,0,0,0,0,0,0,0,0,0,0,0,0,1,0,0,0,0,0,0,0,0
2008-07-19 14:45:00+00:00,30,7,14,97.9208755493164,105.74697875976562,0,0,0,0,0,0,0,0,0,1,1,1,1,1,1,1,1,0,0,0,0,0,0,0,0
2008-07-19 14:45:00+00:00,30,7,14,123.63504791259766,314.46759033203125,0,0,0,0,0,0,0,0,0,0,0,1,1,1,1,1,1,0,0,0,0,0,0,0,0
2008-07-19 14:45:00+00:00,30,7,14,,,0,0,0,0,0,0,0,0,0,0,0,0,0,0,0,0,0,0,0,0,0,0,0,0,0
2008-07-19 14:45:00+00:00,30,7,14,696.0518188476562,660.4891967773438,0,0,0,0,0,0,0,0,0,0,0,0,0,0,0,0,0,0,0,0,0,0,0,0,0
2008-07-19 14:45:00+00:00,30,7,14,276.4114990234375,68.38056945800781,0,0,0,0,0,0,0,0,0,0,0,0,0,0,0,1,1,0,0,0,0,0,0,0,0
2008-07-19 14:45:00+00:00,30,7,14,191.464599609375,122.7984848022461,0,0,0,0,0,0,0,0,0,0,0,0,0,1,1,1,1,0,0,0,0,0,0,0,0
2008-07-19 14:45:00+00:00,30,7,14,,323.9404296875,0,0,0,0,0,0,0,0,0,0,0,0,0,0,0,0,0,0,0,0,0,0,0,0,0
2008-07-19 14:45:00+00:00,30,7,14,,,0,0,0,0,0,0,0,0,0,0,0,0,0,0,0,0,0,0,0,0,0,0,0,0,0
2008-07-19 14:45:00+00:00,30,7,14,,,0,0,0,0,0,0,0,0,0,0,0,0,0,0,0,0,0,0,0,0,0,0,0,0,0
2008-07-19 14:45:00+00:00,30,7,14,,,0,0,0,0,0,0,0,0,0,0,0,0,0,0,0,0,0,0,0,0,0,0,0,0,0
2008-07-19 15:00:00+00:00,30,7,15,183.58346557617188,223.15789794921875,0,0,0,0,0,0,0,0,0,0,0,0,0,1,1,1,1,0,0,0,0,0,0,0,0
2008-07-19 15:00:00+00:00,30,7,15,219.1847686767578,211.4567413330078,0,0,0,0,0,0,0,0,0,0,0,0,0,0,1,1,1,0,0,0,0,0,0,0,0
2008-07-19 15:00:00+00:00,30,7,15,,,0,0,0,0,0,0,0,0,0,0,0,0,0,0,0,0,0,0,0,0,0,0,0,0,0
2008-07-19 15:00:00+00:00,30,7,15,,,0,0,0,0,0,0,0,0,0,0,0,0,0,0,0,0,0,0,0,0,0,0,0,0,0
2008-07-19 15:00:00+00:00,30,7,15,392.3927307128906,195.61553955078125,0,0,0,0,0,0,0,0,0,0,0,0,0,0,0,0,0,0,0,0,0,0,0,0,0
2008-07-19 15:00:00+00:00,30,7,15,201.55601501464844,174.59120178222656,0,0,0,0,0,0,0,0,0,0,0,0,0,0,1,1,1,0,0,0,0,0,0,0,0
2008-07-19 15:00:00+00:00,30,7,15,696.9112548828125,663.4036254882812,0,0,0,0,0,0,0,0,0,0,0,0,0,0,0,0,0,0,0,0,0,0,0,0,0
2008-07-19 15:00:00+00:00,30,7,15,134.31031799316406,175.0203857421875,0,0,0,0,0,0,0,0,0,0,0,1,1,1,1,1,1,0,0,0,0,0,0,0,0
2008-07-19 15:00:00+00:00,30,7,15,,,0,0,0,0,0,0,0,0,0,0,0,0,0,0,0,0,0,0,0,0,0,0,0,0,0
2008-07-19 15:00:00+00:00,30,7,15,,,0,0,0,0,0,0,0,0,0,0,0,0,0,0,0,0,0,0,0,0,0,0,0,0,0
2008-07-19 15:15:00+00:00,30,7,15,299.1380615234375,192.25177001953125,0,0,0,0,0,0,0,0,0,0,0,0,0,0,0,1,1,0,0,0,0,0,0,0,0
2008-07-19 15:15:00+00:00,30,7,15,211.47271728515625,186.92955017089844,0,0,0,0,0,0,0,0,0,0,0,0,0,0,1,1,1,0,0,0,0,0,0,0,0
2008-07-19 15:15:00+00:00,30,7,15,,,0,0,0,0,0,0,0,0,0,0,0,0,0,0,0,0,0,0,0,0,0,0,0,0,0
2008-07-19 15:15:00+00:00,30,7,15,347.6817932128906,51.2905158996582,0,0,0,0,0,0,0,0,0,0,0,0,0,0,0,0,1,0,0,0,0,0,0,0,1
2008-07-19 15:15:00+00:00,30,7,15,706.2571411132812,,0,0,0,0,0,0,0,0,0,0,0,0,0,0,0,0,0,0,0,0,0,0,0,0,0
2008-07-19 15:15:00+00:00,30,7,15,,,0,0,0,0,0,0,0,0,0,0,0,0,0,0,0,0,0,0,0,0,0,0,0,0,0
2008-07-19 15:15:00+00:00,30,7,15,56.73699951171875,50.26470947265625,0,0,0,0,0,0,0,1,1,1,1,1,1,1,1,1,1,0,0,0,0,0,0,0,1
2008-07-19 15:15:00+00:00,30,7,15,131.23977661132812,120.65424346923828,0,0,0,0,0,0,0,0,0,0,0,1,1,1,1,1,1,0,0,0,0,0,0,0,0
2008-07-19 15:30:00+00:00,30,7,15,286.03106689453125,257.3580017089844,0,0,0,0,0,0,0,0,0,0,0,0,0,0,0,1,1,0,0,0,0,0,0,0,0
2008-07-19 15:30:00+00:00,30,7,15,219.19293212890625,115.2339096069336,0,0,0,0,0,0,0,0,0,0,0,0,0,0,1,1,1,0,0,0,0,0,0,0,0
2008-07-19 15:30:00+00:00,30,7,15,,,0,0,0,0,0,0,0,0,0,0,0,0,0,0,0,0,0,0,0,0,0,0,0,0,0
2008-07-19 15:30:00+00:00,30,7,15,479.8985900878906,454.21929931640625,0,0,0,0,0,0,0,0,0,0,0,0,0,0,0,0,0,0,0,0,0,0,0,0,0
2008-07-19 15:30:00+00:00,30,7,15,121.41483306884766,17.448423385620117,0,0,0,0,0,0,0,0,0,0,0,1,1,1,1,1,1,0,0,1,1,1,1,1,1
2008-07-19 15:30:00+00:00,30,7,15,103.80964660644531,0.0,0,0,0,0,0,0,0,0,0,0,1,1,1,1,1,1,1,1,1,1,1,1,1,1,1
2008-07-19 15:30:00+00:00,30,7,15,128.1212921142578,125.47136688232422,0,0,0,0,0,0,0,0,0,0,0,1,1,1,1,1,1,0,0,0,0,0,0,0,0
2008-07-19 15:30:00+00:00,30,7,15,251.84471130371094,172.85960388183594,0,0,0,0,0,0,0,0,0,0,0,0,0,0,0,1,1,0,0,0,0,0,0,0,0
2008-07-19 15:30:00+00:00,30,7,15,705.5504760742188,,0,0,0,0,0,0,0,0,0,0,0,0,0,0,0,0,0,0,0,0,0,0,0,0,0
2008-07-19 15:30:00+00:00,30,7,15,70.07006072998047,45.79789352416992,0,0,0,0,0,0,0,0,1,1,1,1,1,1,1,1,1,0,0,0,0,0,0,1,1
2008-07-19 15:30:00+00:00,30,7,15,,,0,0,0,0,0,0,0,0,0,0,0,0,0,0,0,0,0,0,0,0,0,0,0,0,0
2008-07-19 15:30:00+00:00,30,7,15,,,0,0,0,0,0,0,0,0,0,0,0,0,0,0,0,0,0,0,0,0,0,0,0,0,0
2008-07-19 15:45:00+00:00,30,7,15,346.04425048828125,330.4031982421875,0,0,0,0,0,0,0,0,0,0,0,0,0,0,0,0,1,0,0,0,0,0,0,0,0
2008-07-19 15:45:00+00:00,30,7,15,,429.3122253417969,0,0,0,0,0,0,0,0,0,0,0,0,0,0,0,0,0,0,0,0,0,0,0,0,0
2008-07-19 15:45:00+00:00,30,7,15,,,0,0,0,0,0,0,0,0,0,0,0,0,0,0,0,0,0,0,0,0,0,0,0,0,0
2008-07-19 16:00:00+00:00,30,7,16,354.2619323730469,102.48704528808594,0,0,0,0,0,0,0,0,0,0,0,0,0,0,0,0,0,0,0,0,0,0,0,0,0
2008-07-19 16:00:00+00:00,30,7,16,141.0447998046875,94.44670104980469,0,0,0,0,0,0,0,0,0,0,0,1,1,1,1,1,1,0,0,0,0,0,0,0,0
2008-07-19 16:00:00+00:00,30,7,16,160.63134765625,261.7654113769531,0,0,0,0,0,0,0,0,0,0,0,0,1,1,1,1,1,0,0,0,0,0,0,0,0
2008-07-19 16:00:00+00:00,30,7,16,181.21014404296875,176.5216827392578,0,0,0,0,0,0,0,0,0,0,0,0,0,1,1,1,1,0,0,0,0,0,0,0,0
2008-07-19 16:00:00+00:00,30,7,16,393.1363830566406,371.6819152832031,0,0,0,0,0,0,0,0,0,0,0,0,0,0,0,0,0,0,0,0,0,0,0,0,0
2008-07-19 16:15:00+00:00,30,7,16,188.47500610351562,120.84395599365234,0,0,0,0,0,0,0,0,0,0,0,0,0,1,1,1,1,0,0,0,0,0,0,0,0
2008-07-19 16:15:00+00:00,30,7,16,292.9145812988281,195.0010986328125,0,0,0,0,0,0,0,0,0,0,0,0,0,0,0,1,1,0,0,0,0,0,0,0,0
2008-07-19 16:15:00+00:00,30,7,16,,,0,0,0,0,0,0,0,0,0,0,0,0,0,0,0,0,0,0,0,0,0,0,0,0,0
2008-07-19 16:15:00+00:00,30,7,16,254.40342712402344,,0,0,0,0,0,0,0,0,0,0,0,0,0,0,0,1,1,0,0,0,0,0,0,0,0
2008-07-19 16:15:00+00:00,30,7,16,116.45217895507812,387.8841247558594,0,0,0,0,0,0,0,0,0,0,1,1,1,1,1,1,1,0,0,0,0,0,0,0,0
2008-07-19 16:15:00+00:00,30,7,16,317.0854187011719,313.71337890625,0,0,0,0,0,0,0,0,0,0,0,0,0,0,0,0,1,0,0,0,0,0,0,0,0
2008-07-19 16:30:00+00:00,30,7,16,111.26960754394531,117.05239868164062,0,0,0,0,0,0,0,0,0,0,1,1,1,1,1,1,1,0,0,0,0,0,0,0,0
2008-07-19 16:30:00+00:00,30,7,16,,207.61111450195312,0,0,0,0,0,0,0,0,0,0,0,0,0,0,0,0,0,0,0,0,0,0,0,0,0
2008-07-19 16:30:00+00:00,30,7,16,235.51629638671875,203.50933837890625,0,0,0,0,0,0,0,0,0,0,0,0,0,0,1,1,1,0,0,0,0,0,0,0,0
2008-07-19 16:30:00+00:00,30,7,16,320.2486267089844,163.2381134033203,0,0,0,0,0,0,0,0,0,0,0,0,0,0,0,0,1,0,0,0,0,0,0,0,0
2008-07-19 16:30:00+00:00,30,7,16,60.89054489135742,73.19598388671875,0,0,0,0,0,0,0,0,1,1,1,1,1,1,1,1,1,0,0,0,0,0,0,0,0
2008-07-19 16:30:00+00:00,30,7,16,254.87661743164062,237.78489685058594,0,0,0,0,0,0,0,0,0,0,0,0,0,0,0,1,1,0,0,0,0,0,0,0,0
2008-07-19 16:30:00+00:00,30,7,16,256.19696044921875,314.3397521972656,0,0,0,0,0,0,0,0,0,0,0,0,0,0,0,1,1,0,0,0,0,0,0,0,0
2008-07-19 16:30:00+00:00,30,7,16,,365.7310485839844,0,0,0,0,0,0,0,0,0,0,0,0,0,0,0,0,0,0,0,0,0,0,0,0,0
2008-07-19 16:45:00+00:00,30,7,16,,,0,0,0,0,0,0,0,0,0,0,0,0,0,0,0,0,0,0,0,0,0,0,0,0,0
2008-07-19 16:45:00+00:00,30,7,16,258.5158996582031,269.7263488769531,0,0,0,0,0,0,0,0,0,0,0,0,0,0,0,1,1,0,0,0,0,0,0,0,0
2008-07-19 16:45:00+00:00,30,7,16,230.47288513183594,246.12649536132812,0,0,0,0,0,0,0,0,0,0,0,0,0,0,1,1,1,0,0,0,0,0,0,0,0
2008-07-19 16:45:00+00:00,30,7,16,287.96624755859375,264.7190856933594,0,0,0,0,0,0,0,0,0,0,0,0,0,0,0,1,1,0,0,0,0,0,0,0,0
2008-07-19 16:45:00+00:00,30,7,16,358.48919677734375,404.69915771484375,0,0,0,0,0,0,0,0,0,0,0,0,0,0,0,0,0,0,0,0,0,0,0,0,0
2008-07-19 16:45:00+00:00,30,7,16,431.5761413574219,171.14329528808594,0,0,0,0,0,0,0,0,0,0,0,0,0,0,0,0,0,0,0,0,0,0,0,0,0
2008-07-19 16:45:00+00:00,30,7,16,340.8984680175781,323.1163635253906,0,0,0,0,0,0,0,0,0,0,0,0,0,0,0,0,1,0,0,0,0,0,0,0,0
2008-07-19 17:00:00+00:00,30,7,17,,44.94960021972656,0,0,0,0,0,0,0,0,0,0,0,0,0,0,0,0,0,0,0,0,0,0,0,1,1
2008-07-19 17:00:00+00:00,30,7,17,370.35137939453125,,0,0,0,0,0,0,0,0,0,0,0,0,0,0,0,0,0,0,0,0,0,0,0,0,0
2008-07-19 17:00:00+00:00,30,7,17,259.1390380859375,181.4513702392578,0,0,0,0,0,0,0,0,0,0,0,0,0,0,0,1,1,0,0,0,0,0,0,0,0
2008-07-19 17:00:00+00:00,30,7,17,208.36358642578125,93.20750427246094,0,0,0,0,0,0,0,0,0,0,0,0,0,0,1,1,1,0,0,0,0,0,0,0,0
2008-07-19 17:00:00+00:00,30,7,17,135.73780822753906,19.46016502380371,0,0,0,0,0,0,0,0,0,0,0,1,1,1,1,1,1,0,0,1,1,1,1,1,1
2008-07-19 17:00:00+00:00,30,7,17,,,0,0,0,0,0,0,0,0,0,0,0,0,0,0,0,0,0,0,0,0,0,0,0,0,0
2008-07-19 17:00:00+00:00,30,7,17,,74.01546478271484,0,0,0,0,0,0,0,0,0,0,0,0,0,0,0,0,0,0,0,0,0,0,0,0,0
2008-07-19 17:00:00+00:00,30,7,17,391.12884521484375,381.27978515625,0,0,0,0,0,0,0,0,0,0,0,0,0,0,0,0,0,0,0,0,0,0,0,0,0
2008-07-19 17:00:00+00:00,30,7,17,388.3150329589844,381.8530578613281,0,0,0,0,0,0,0,0,0,0,0,0,0,0,0,0,0,0,0,0,0,0,0,0,0
2008-07-19 17:00:00+00:00,30,7,17,,,0,0,0,0,0,0,0,0,0,0,0,0,0,0,0,0,0,0,0,0,0,0,0,0,0
2008-07-19 17:15:00+00:00,30,7,17,174.48509216308594,,0,0,0,0,0,0,0,0,0,0,0,0,1,1,1,1,1,0,0,0,0,0,0,0,0
2008-07-19 17:15:00+00:00,30,7,17,186.58595275878906,150.3025360107422,0,0,0,0,0,0,0,0,0,0,0,0,0,1,1,1,1,0,0,0,0,0,0,0,0
2008-07-19 17:15:00+00:00,30,7,17,235.55181884765625,,0,0,0,0,0,0,0,0,0,0,0,0,0,0,1,1,1,0,0,0,0,0,0,0,0
2008-07-19 17:15:00+00:00,30,7,17,205.4933624267578,223.4351806640625,0,0,0,0,0,0,0,0,0,0,0,0,0,0,1,1,1,0,0,0,0,0,0,0,0
2008-07-19 17:15:00+00:00,30,7,17,318.9971923828125,,0,0,0,0,0,0,0,0,0,0,0,0,0,0,0,0,1,0,0,0,0,0,0,0,0
2008-07-19 17:15:00+00:00,30,7,17,269.8818054199219,,0,0,0,0,0,0,0,0,0,0,0,0,0,0,0,1,1,0,0,0,0,0,0,0,0
2008-07-19 17:15:00+00:00,30,7,17,116.26728057861328,145.03768920898438,0,0,0,0,0,0,0,0,0,0,1,1,1,1,1,1,1,0,0,0,0,0,0,0,0
2008-07-19 17:15:00+00:00,30,7,17,144.85450744628906,136.37606811523438,0,0,0,0,0,0,0,0,0,0,0,1,1,1,1,1,1,0,0,0,0,0,0,0,0
2008-07-19 17:15:00+00:00,30,7,17,437.68365478515625,430.2116394042969,0,0,0,0,0,0,0,0,0,0,0,0,0,0,0,0,0,0,0,0,0,0,0,0,0
2008-07-19 17:15:00+00:00,30,7,17,81.20246887207031,77.23038482666016,0,0,0,0,0,0,0,0,0,1,1,1,1,1,1,1,1,0,0,0,0,0,0,0,0
2008-07-19 17:15:00+00:00,30,7,17,358.5033264160156,,0,0,0,0,0,0,0,0,0,0,0,0,0,0,0,0,0,0,0,0,0,0,0,0,0
2008-07-19 17:15:00+00:00,30,7,17,,,0,0,0,0,0,0,0,0,0,0,0,0,0,0,0,0,0,0,0,0,0,0,0,0,0
2008-07-19 17:15:00+00:00,30,7,17,42.467926025390625,,0,0,0,0,0,0,1,1,1,1,1,1,1,1,1,1,1,0,0,0,0,0,0,0,0
2008-07-19 17:15:00+00:00,30,7,17,272.3512878417969,296.9834289550781,0,0,0,0,0,0,0,0,0,0,0,0,0,0,0,1,1,0,0,0,0,0,0,0,0
2008-07-19 17:30:00+00:00,30,7,17,248.0842742919922,,0,0,0,0,0,0,0,0,0,0,0,0,0,0,1,1,1,0,0,0,0,0,0,0,0
2008-07-19 17:30:00+00:00,30,7,17,,,0,0,0,0,0,0,0,0,0,0,0,0,0,0,0,0,0,0,0,0,0,0,0,0,0
2008-07-19 17:30:00+00:00,30,7,17,293.4169616699219,313.97235107421875,0,0,0,0,0,0,0,0,0,0,0,0,0,0,0,1,1,0,0,0,0,0,0,0,0
2008-07-19 17:30:00+00:00,30,7,17,379.1971740722656,205.7947998046875,0,0,0,0,0,0,0,0,0,0,0,0,0,0,0,0,0,0,0,0,0,0,0,0,0
2008-07-19 17:30:00+00:00,30,7,17,421.6233825683594,,0,0,0,0,0,0,0,0,0,0,0,0,0,0,0,0,0,0,0,0,0,0,0,0,0
2008-07-19 17:45:00+00:00,30,7,17,209.8212890625,10.167842864990234,0,0,0,0,0,0,0,0,0,0,0,0,0,0,1,1,1,0,1,1,1,1,1,1,1
2008-07-19 17:45:00+00:00,30,7,17,,,0,0,0,0,0,0,0,0,0,0,0,0,0,0,0,0,0,0,0,0,0,0,0,0,0
2008-07-19 17:45:00+00:00,30,7,17,,,0,0,0,0,0,0,0,0,0,0,0,0,0,0,0,0,0,0,0,0,0,0,0,0,0
2008-07-19 17:45:00+00:00,30,7,17,,,0,0,0,0,0,0,0,0,0,0,0,0,0,0,0,0,0,0,0,0,0,0,0,0,0
2008-07-19 17:45:00+00:00,30,7,17,,,0,0,0,0,0,0,0,0,0,0,0,0,0,0,0,0,0,0,0,0,0,0,0,0,0
2008-07-19 17:45:00+00:00,30,7,17,73.66563415527344,,0,0,0,0,0,0,0,0,1,1,1,1,1,1,1,1,1,0,0,0,0,0,0,0,0
2008-07-19 17:45:00+00:00,30,7,17,,,0,0,0,0,0,0,0,0,0,0,0,0,0,0,0,0,0,0,0,0,0,0,0,0,0
2008-07-19 17:45:00+00:00,30,7,17,,,0,0,0,0,0,0,0,0,0,0,0,0,0,0,0,0,0,0,0,0,0,0,0,0,0
2008-07-19 17:45:00+00:00,30,7,17,,,0,0,0,0,0,0,0,0,0,0,0,0,0,0,0,0,0,0,0,0,0,0,0,0,0
2008-07-19 17:45:00+00:00,30,7,17,,,0,0,0,0,0,0,0,0,0,0,0,0,0,0,0,0,0,0,0,0,0,0,0,0,0
2008-07-19 17:45:00+00:00,30,7,17,367.3109436035156,418.1434326171875,0,0,0,0,0,0,0,0,0,0,0,0,0,0,0,0,0,0,0,0,0,0,0,0,0
2008-07-19 17:45:00+00:00,30,7,17,,,0,0,0,0,0,0,0,0,0,0,0,0,0,0,0,0,0,0,0,0,0,0,0,0,0
2008-07-19 17:45:00+00:00,30,7,17,,,0,0,0,0,0,0,0,0,0,0,0,0,0,0,0,0,0,0,0,0,0,0,0,0,0
2008-07-20 10:00:00+00:00,30,7,10,,,0,0,0,0,0,0,0,0,0,0,0,0,0,0,0,0,0,0,0,0,0,0,0,0,0
2008-07-20 10:00:00+00:00,30,7,10,,,0,0,0,0,0,0,0,0,0,0,0,0,0,0,0,0,0,0,0,0,0,0,0,0,0
2008-07-20 10:00:00+00:00,30,7,10,,,0,0,0,0,0,0,0,0,0,0,0,0,0,0,0,0,0,0,0,0,0,0,0,0,0
2008-07-20 10:00:00+00:00,30,7,10,45.703922271728516,31.523195266723633,0,0,0,0,0,0,1,1,1,1,1,1,1,1,1,1,1,0,0,0,0,0,1,1,1
2008-07-20 10:00:00+00:00,30,7,10,,,0,0,0,0,0,0,0,0,0,0,0,0,0,0,0,0,0,0,0,0,0,0,0,0,0
2008-07-20 10:15:00+00:00,30,7,10,,,0,0,0,0,0,0,0,0,0,0,0,0,0,0,0,0,0,0,0,0,0,0,0,0,0
2008-07-20 10:15:00+00:00,30,7,10,,122.97374725341797,0,0,0,0,0,0,0,0,0,0,0,0,0,0,0,0,0,0,0,0,0,0,0,0,0
2008-07-20 10:15:00+00:00,30,7,10,,26.95686912536621,0,0,0,0,0,0,0,0,0,0,0,0,0,0,0,0,0,0,0,0,0,1,1,1,1
2008-07-20 10:30:00+00:00,30,7,10,,,0,0,0,0,0,0,0,0,0,0,0,0,0,0,0,0,0,0,0,0,0,0,0,0,0
2008-07-20 10:30:00+00:00,30,7,10,,,0,0,0,0,0,0,0,0,0,0,0,0,0,0,0,0,0,0,0,0,0,0,0,0,0
2008-07-20 10:30:00+00:00,30,7,10,,,0,0,0,0,0,0,0,0,0,0,0,0,0,0,0,0,0,0,0,0,0,0,0,0,0
2008-07-20 10:30:00+00:00,30,7,10,,,0,0,0,0,0,0,0,0,0,0,0,0,0,0,0,0,0,0,0,0,0,0,0,0,0
2008-07-20 10:30:00+00:00,30,7,10,,,0,0,0,0,0,0,0,0,0,0,0,0,0,0,0,0,0,0,0,0,0,0,0,0,0
2008-07-20 10:30:00+00:00,30,7,10,,,0,0,0,0,0,0,0,0,0,0,0,0,0,0,0,0,0,0,0,0,0,0,0,0,0
2008-07-20 10:30:00+00:00,30,7,10,,,0,0,0,0,0,0,0,0,0,0,0,0,0,0,0,0,0,0,0,0,0,0,0,0,0
2008-07-20 10:30:00+00:00,30,7,10,,,0,0,0,0,0,0,0,0,0,0,0,0,0,0,0,0,0,0,0,0,0,0,0,0,0
2008-07-20 10:30:00+00:00,30,7,10,,296.6748352050781,0,0,0,0,0,0,0,0,0,0,0,0,0,0,0,0,0,0,0,0,0,0,0,0,0
2008-07-20 10:30:00+00:00,30,7,10,,198.36520385742188,0,0,0,0,0,0,0,0,0,0,0,0,0,0,0,0,0,0,0,0,0,0,0,0,0
2008-07-20 10:45:00+00:00,30,7,10,,,0,0,0,0,0,0,0,0,0,0,0,0,0,0,0,0,0,0,0,0,0,0,0,0,0
2008-07-20 10:45:00+00:00,30,7,10,,,0,0,0,0,0,0,0,0,0,0,0,0,0,0,0,0,0,0,0,0,0,0,0,0,0
2008-07-20 10:45:00+00:00,30,7,10,,,0,0,0,0,0,0,0,0,0,0,0,0,0,0,0,0,0,0,0,0,0,0,0,0,0
2008-07-20 10:45:00+00:00,30,7,10,213.76675415039062,230.01742553710938,0,0,0,0,0,0,0,0,0,0,0,0,0,0,1,1,1,0,0,0,0,0,0,0,0
2008-07-20 10:45:00+00:00,30,7,10,,,0,0,0,0,0,0,0,0,0,0,0,0,0,0,0,0,0,0,0,0,0,0,0,0,0
2008-07-20 10:45:00+00:00,30,7,10,,,0,0,0,0,0,0,0,0,0,0,0,0,0,0,0,0,0,0,0,0,0,0,0,0,0
2008-07-20 10:45:00+00:00,30,7,10,,,0,0,0,0,0,0,0,0,0,0,0,0,0,0,0,0,0,0,0,0,0,0,0,0,0
2008-07-20 10:45:00+00:00,30,7,10,,,0,0,0,0,0,0,0,0,0,0,0,0,0,0,0,0,0,0,0,0,0,0,0,0,0
2008-07-20 10:45:00+00:00,30,7,10,,,0,0,0,0,0,0,0,0,0,0,0,0,0,0,0,0,0,0,0,0,0,0,0,0,0
2008-07-20 10:45:00+00:00,30,7,10,87.82379913330078,111.4394760131836,0,0,0,0,0,0,0,0,0,1,1,1,1,1,1,1,1,0,0,0,0,0,0,0,0
2008-07-20 10:45:00+00:00,30,7,10,698.2118530273438,,0,0,0,0,0,0,0,0,0,0,0,0,0,0,0,0,0,0,0,0,0,0,0,0,0
2008-07-20 11:00:00+00:00,30,7,11,,,0,0,0,0,0,0,0,0,0,0,0,0,0,0,0,0,0,0,0,0,0,0,0,0,0
2008-07-20 11:00:00+00:00,30,7,11,,,0,0,0,0,0,0,0,0,0,0,0,0,0,0,0,0,0,0,0,0,0,0,0,0,0
2008-07-20 11:00:00+00:00,30,7,11,,,0,0,0,0,0,0,0,0,0,0,0,0,0,0,0,0,0,0,0,0,0,0,0,0,0
2008-07-20 11:00:00+00:00,30,7,11,,,0,0,0,0,0,0,0,0,0,0,0,0,0,0,0,0,0,0,0,0,0,0,0,0,0
2008-07-20 11:00:00+00:00,30,7,11,,,0,0,0,0,0,0,0,0,0,0,0,0,0,0,0,0,0,0,0,0,0,0,0,0,0
2008-07-20 11:00:00+00:00,30,7,11,,,0,0,0,0,0,0,0,0,0,0,0,0,0,0,0,0,0,0,0,0,0,0,0,0,0
2008-07-20 11:00:00+00:00,30,7,11,292.96063232421875,303.7695617675781,0,0,0,0,0,0,0,0,0,0,0,0,0,0,0,1,1,0,0,0,0,0,0,0,0
2008-07-20 11:00:00+00:00,30,7,11,,,0,0,0,0,0,0,0,0,0,0,0,0,0,0,0,0,0,0,0,0,0,0,0,0,0
2008-07-20 11:00:00+00:00,30,7,11,,49.20677185058594,0,0,0,0,0,0,0,0,0,0,0,0,0,0,0,0,0,0,0,0,0,0,0,1,1
2008-07-20 11:00:00+00:00,30,7,11,,19.97660255432129,0,0,0,0,0,0,0,0,0,0,0,0,0,0,0,0,0,0,0,1,1,1,1,1,1
2008-07-20 11:00:00+00:00,30,7,11,,,0,0,0,0,0,0,0,0,0,0,0,0,0,0,0,0,0,0,0,0,0,0,0,0,0
2008-07-20 11:00:00+00:00,30,7,11,,,0,0,0,0,0,0,0,0,0,0,0,0,0,0,0,0,0,0,0,0,0,0,0,0,0
2008-07-20 11:00:00+00:00,30,7,11,52.26150131225586,,0,0,0,0,0,0,0,1,1,1,1,1,1,1,1,1,1,0,0,0,0,0,0,0,0
2008-07-20 11:15:00+00:00,30,7,11,,,0,0,0,0,0,0,0,0,0,0,0,0,0,0,0,0,0,0,0,0,0,0,0,0,0
2008-07-20 11:15:00+00:00,30,7,11,,,0,0,0,0,0,0,0,0,0,0,0,0,0,0,0,0,0,0,0,0,0,0,0,0,0
2008-07-20 11:15:00+00:00,30,7,11,,,0,0,0,0,0,0,0,0,0,0,0,0,0,0,0,0,0,0,0,0,0,0,0,0,0
2008-07-20 11:15:00+00:00,30,7,11,,,0,0,0,0,0,0,0,0,0,0,0,0,0,0,0,0,0,0,0,0,0,0,0,0,0
2008-07-20 11:15:00+00:00,30,7,11,315.3036193847656,323.0815734863281,0,0,0,0,0,0,0,0,0,0,0,0,0,0,0,0,1,0,0,0,0,0,0,0,0
2008-07-20 11:15:00+00:00,30,7,11,,,0,0,0,0,0,0,0,0,0,0,0,0,0,0,0,0,0,0,0,0,0,0,0,0,0
2008-07-20 11:15:00+00:00,30,7,11,,,0,0,0,0,0,0,0,0,0,0,0,0,0,0,0,0,0,0,0,0,0,0,0,0,0
2008-07-20 11:15:00+00:00,30,7,11,,,0,0,0,0,0,0,0,0,0,0,0,0,0,0,0,0,0,0,0,0,0,0,0,0,0
2008-07-20 11:15:00+00:00,30,7,11,,,0,0,0,0,0,0,0,0,0,0,0,0,0,0,0,0,0,0,0,0,0,0,0,0,0
2008-07-20 11:15:00+00:00,30,7,11,,,0,0,0,0,0,0,0,0,0,0,0,0,0,0,0,0,0,0,0,0,0,0,0,0,0
2008-07-20 11:15:00+00:00,30,7,11,,,0,0,0,0,0,0,0,0,0,0,0,0,0,0,0,0,0,0,0,0,0,0,0,0,0
2008-07-20 11:30:00+00:00,30,7,11,,274.9713439941406,0,0,0,0,0,0,0,0,0,0,0,0,0,0,0,0,0,0,0,0,0,0,0,0,0
2008-07-20 11:30:00+00:00,30,7,11,,385.646240234375,0,0,0,0,0,0,0,0,0,0,0,0,0,0,0,0,0,0,0,0,0,0,0,0,0
2008-07-20 11:30:00+00:00,30,7,11,,,0,0,0,0,0,0,0,0,0,0,0,0,0,0,0,0,0,0,0,0,0,0,0,0,0
2008-07-20 11:30:00+00:00,30,7,11,,,0,0,0,0,0,0,0,0,0,0,0,0,0,0,0,0,0,0,0,0,0,0,0,0,0
2008-07-20 11:30:00+00:00,30,7,11,,,0,0,0,0,0,0,0,0,0,0,0,0,0,0,0,0,0,0,0,0,0,0,0,0,0
2008-07-20 11:30:00+00:00,30,7,11,,,0,0,0,0,0,0,0,0,0,0,0,0,0,0,0,0,0,0,0,0,0,0,0,0,0
2008-07-20 11:30:00+00:00,30,7,11,,,0,0,0,0,0,0,0,0,0,0,0,0,0,0,0,0,0,0,0,0,0,0,0,0,0
2008-07-20 11:30:00+00:00,30,7,11,266.0002746582031,,0,0,0,0,0,0,0,0,0,0,0,0,0,0,0,1,1,0,0,0,0,0,0,0,0
2008-07-20 11:30:00+00:00,30,7,11,,,0,0,0,0,0,0,0,0,0,0,0,0,0,0,0,0,0,0,0,0,0,0,0,0,0
2008-07-20 11:30:00+00:00,30,7,11,,,0,0,0,0,0,0,0,0,0,0,0,0,0,0,0,0,0,0,0,0,0,0,0,0,0
2008-07-20 11:30:00+00:00,30,7,11,,,0,0,0,0,0,0,0,0,0,0,0,0,0,0,0,0,0,0,0,0,0,0,0,0,0
2008-07-20 11:30:00+00:00,30,7,11,,,0,0,0,0,0,0,0,0,0,0,0,0,0,0,0,0,0,0,0,0,0,0,0,0,0
2008-07-20 11:30:00+00:00,30,7,11,,,0,0,0,0,0,0,0,0,0,0,0,0,0,0,0,0,0,0,0,0,0,0,0,0,0
2008-07-20 11:30:00+00:00,30,7,11,,261.4306945800781,0,0,0,0,0,0,0,0,0,0,0,0,0,0,0,0,0,0,0,0,0,0,0,0,0
2008-07-20 11:45:00+00:00,30,7,11,,135.4801483154297,0,0,0,0,0,0,0,0,0,0,0,0,0,0,0,0,0,0,0,0,0,0,0,0,0
2008-07-20 11:45:00+00:00,30,7,11,,200.4779815673828,0,0,0,0,0,0,0,0,0,0,0,0,0,0,0,0,0,0,0,0,0,0,0,0,0
2008-07-20 11:45:00+00:00,30,7,11,,271.02349853515625,0,0,0,0,0,0,0,0,0,0,0,0,0,0,0,0,0,0,0,0,0,0,0,0,0
2008-07-20 11:45:00+00:00,30,7,11,,349.45233154296875,0,0,0,0,0,0,0,0,0,0,0,0,0,0,0,0,0,0,0,0,0,0,0,0,0
2008-07-20 11:45:00+00:00,30,7,11,,,0,0,0,0,0,0,0,0,0,0,0,0,0,0,0,0,0,0,0,0,0,0,0,0,0
2008-07-20 11:45:00+00:00,30,7,11,,,0,0,0,0,0,0,0,0,0,0,0,0,0,0,0,0,0,0,0,0,0,0,0,0,0
2008-07-20 11:45:00+00:00,30,7,11,125.31048583984375,110.58417510986328,0,0,0,0,0,0,0,0,0,0,0,1,1,1,1,1,1,0,0,0,0,0,0,0,0
2008-07-20 11:45:00+00:00,30,7,11,,,0,0,0,0,0,0,0,0,0,0,0,0,0,0,0,0,0,0,0,0,0,0,0,0,0
2008-07-20 11:45:00+00:00,30,7,11,,,0,0,0,0,0,0,0,0,0,0,0,0,0,0,0,0,0,0,0,0,0,0,0,0,0
2008-07-20 11:45:00+00:00,30,7,11,,,0,0,0,0,0,0,0,0,0,0,0,0,0,0,0,0,0,0,0,0,0,0,0,0,0
2008-07-20 11:45:00+00:00,30,7,11,,,0,0,0,0,0,0,0,0,0,0,0,0,0,0,0,0,0,0,0,0,0,0,0,0,0
2008-07-20 11:45:00+00:00,30,7,11,,208.59031677246094,0,0,0,0,0,0,0,0,0,0,0,0,0,0,0,0,0,0,0,0,0,0,0,0,0
2008-07-20 11:45:00+00:00,30,7,11,,253.6307830810547,0,0,0,0,0,0,0,0,0,0,0,0,0,0,0,0,0,0,0,0,0,0,0,0,0
2008-07-20 11:45:00+00:00,30,7,11,309.4909362792969,125.3401870727539,0,0,0,0,0,0,0,0,0,0,0,0,0,0,0,0,1,0,0,0,0,0,0,0,0
2008-07-20 11:45:00+00:00,30,7,11,,,0,0,0,0,0,0,0,0,0,0,0,0,0,0,0,0,0,0,0,0,0,0,0,0,0
2008-07-20 11:45:00+00:00,30,7,11,,,0,0,0,0,0,0,0,0,0,0,0,0,0,0,0,0,0,0,0,0,0,0,0,0,0
2008-07-20 12:00:00+00:00,30,7,12,144.66575622558594,84.84257507324219,0,0,0,0,0,0,0,0,0,0,0,1,1,1,1,1,1,0,0,0,0,0,0,0,0
2008-07-20 12:00:00+00:00,30,7,12,224.0382843017578,203.97084045410156,0,0,0,0,0,0,0,0,0,0,0,0,0,0,1,1,1,0,0,0,0,0,0,0,0
2008-07-20 12:00:00+00:00,30,7,12,,,0,0,0,0,0,0,0,0,0,0,0,0,0,0,0,0,0,0,0,0,0,0,0,0,0
2008-07-20 12:00:00+00:00,30,7,12,,,0,0,0,0,0,0,0,0,0,0,0,0,0,0,0,0,0,0,0,0,0,0,0,0,0
2008-07-20 12:00:00+00:00,30,7,12,,,0,0,0,0,0,0,0,0,0,0,0,0,0,0,0,0,0,0,0,0,0,0,0,0,0
2008-07-20 12:00:00+00:00,30,7,12,,,0,0,0,0,0,0,0,0,0,0,0,0,0,0,0,0,0,0,0,0,0,0,0,0,0
2008-07-20 12:00:00+00:00,30,7,12,171.88070678710938,175.63414001464844,0,0,0,0,0,0,0,0,0,0,0,0,1,1,1,1,1,0,0,0,0,0,0,0,0
2008-07-20 12:00:00+00:00,30,7,12,233.59031677246094,108.98777770996094,0,0,0,0,0,0,0,0,0,0,0,0,0,0,1,1,1,0,0,0,0,0,0,0,0
2008-07-20 12:00:00+00:00,30,7,12,203.32342529296875,126.13826751708984,0,0,0,0,0,0,0,0,0,0,0,0,0,0,1,1,1,0,0,0,0,0,0,0,0
2008-07-20 12:00:00+00:00,30,7,12,,,0,0,0,0,0,0,0,0,0,0,0,0,0,0,0,0,0,0,0,0,0,0,0,0,0
2008-07-20 12:00:00+00:00,30,7,12,,,0,0,0,0,0,0,0,0,0,0,0,0,0,0,0,0,0,0,0,0,0,0,0,0,0
2008-07-20 12:00:00+00:00,30,7,12,224.72671508789062,188.63034057617188,0,0,0,0,0,0,0,0,0,0,0,0,0,0,1,1,1,0,0,0,0,0,0,0,0
2008-07-20 12:00:00+00:00,30,7,12,265.09906005859375,179.8572998046875,0,0,0,0,0,0,0,0,0,0,0,0,0,0,0,1,1,0,0,0,0,0,0,0,0
2008-07-20 12:00:00+00:00,30,7,12,95.12676239013672,85.72453308105469,0,0,0,0,0,0,0,0,0,1,1,1,1,1,1,1,1,0,0,0,0,0,0,0,0
2008-07-20 12:00:00+00:00,30,7,12,,,0,0,0,0,0,0,0,0,0,0,0,0,0,0,0,0,0,0,0,0,0,0,0,0,0
2008-07-20 12:00:00+00:00,30,7,12,,,0,0,0,0,0,0,0,0,0,0,0,0,0,0,0,0,0,0,0,0,0,0,0,0,0
2008-07-20 12:00:00+00:00,30,7,12,,,0,0,0,0,0,0,0,0,0,0,0,0,0,0,0,0,0,0,0,0,0,0,0,0,0
2008-07-20 12:15:00+00:00,30,7,12,75.15644836425781,55.8452262878418,0,0,0,0,0,0,0,0,1,1,1,1,1,1,1,1,1,0,0,0,0,0,0,0,1
2008-07-20 12:15:00+00:00,30,7,12,299.119873046875,286.4087829589844,0,0,0,0,0,0,0,0,0,0,0,0,0,0,0,1,1,0,0,0,0,0,0,0,0
2008-07-20 12:15:00+00:00,30,7,12,177.6923370361328,163.92962646484375,0,0,0,0,0,0,0,0,0,0,0,0,1,1,1,1,1,0,0,0,0,0,0,0,0
2008-07-20 12:15:00+00:00,30,7,12,,,0,0,0,0,0,0,0,0,0,0,0,0,0,0,0,0,0,0,0,0,0,0,0,0,0
2008-07-20 12:15:00+00:00,30,7,12,76.74932098388672,51.74812316894531,0,0,0,0,0,0,0,0,1,1,1,1,1,1,1,1,1,0,0,0,0,0,0,0,1
2008-07-20 12:15:00+00:00,30,7,12,,299.9429016113281,0,0,0,0,0,0,0,0,0,0,0,0,0,0,0,0,0,0,0,0,0,0,0,0,0
2008-07-20 12:15:00+00:00,30,7,12,,,0,0,0,0,0,0,0,0,0,0,0,0,0,0,0,0,0,0,0,0,0,0,0,0,0
2008-07-20 12:15:00+00:00,30,7,12,,350.9248962402344,0,0,0,0,0,0,0,0,0,0,0,0,0,0,0,0,0,0,0,0,0,0,0,0,0
2008-07-20 12:15:00+00:00,30,7,12,225.45619201660156,133.26348876953125,0,0,0,0,0,0,0,0,0,0,0,0,0,0,1,1,1,0,0,0,0,0,0,0,0
2008-07-20 12:15:00+00:00,30,7,12,84.81427764892578,34.90607452392578,0,0,0,0,0,0,0,0,0,1,1,1,1,1,1,1,1,0,0,0,0,0,1,1,1
2008-07-20 12:15:00+00:00,30,7,12,,148.98208618164062,0,0,0,0,0,0,0,0,0,0,0,0,0,0,0,0,0,0,0,0,0,0,0,0,0
2008-07-20 12:15:00+00:00,30,7,12,,316.52081298828125,0,0,0,0,0,0,0,0,0,0,0,0,0,0,0,0,0,0,0,0,0,0,0,0,0
2008-07-20 12:30:00+00:00,30,7,12,410.8893127441406,51.52138137817383,0,0,0,0,0,0,0,0,0,0,0,0,0,0,0,0,0,0,0,0,0,0,0,0,1
2008-07-20 12:30:00+00:00,30,7,12,,3.0567100048065186,0,0,0,0,0,0,0,0,0,0,0,0,0,0,0,0,0,1,1,1,1,1,1,1,1
2008-07-20 12:30:00+00:00,30,7,12,238.0646209716797,232.6621856689453,0,0,0,0,0,0,0,0,0,0,0,0,0,0,1,1,1,0,0,0,0,0,0,0,0
2008-07-20 12:30:00+00:00,30,7,12,,,0,0,0,0,0,0,0,0,0,0,0,0,0,0,0,0,0,0,0,0,0,0,0,0,0
2008-07-20 12:30:00+00:00,30,7,12,,,0,0,0,0,0,0,0,0,0,0,0,0,0,0,0,0,0,0,0,0,0,0,0,0,0
2008-07-20 12:30:00+00:00,30,7,12,,,0,0,0,0,0,0,0,0,0,0,0,0,0,0,0,0,0,0,0,0,0,0,0,0,0
2008-07-20 12:30:00+00:00,30,7,12,,389.4973449707031,0,0,0,0,0,0,0,0,0,0,0,0,0,0,0,0,0,0,0,0,0,0,0,0,0
2008-07-20 12:30:00+00:00,30,7,12,,,0,0,0,0,0,0,0,0,0,0,0,0,0,0,0,0,0,0,0,0,0,0,0,0,0
2008-07-20 12:30:00+00:00,30,7,12,,,0,0,0,0,0,0,0,0,0,0,0,0,0,0,0,0,0,0,0,0,0,0,0,0,0
2008-07-20 12:30:00+00:00,30,7,12,544.4562377929688,432.8909912109375,0,0,0,0,0,0,0,0,0,0,0,0,0,0,0,0,0,0,0,0,0,0,0,0,0
2008-07-20 12:30:00+00:00,30,7,12,,161.14645385742188,0,0,0,0,0,0,0,0,0,0,0,0,0,0,0,0,0,0,0,0,0,0,0,0,0
2008-07-20 12:30:00+00:00,30,7,12,,307.08685302734375,0,0,0,0,0,0,0,0,0,0,0,0,0,0,0,0,0,0,0,0,0,0,0,0,0
2008-07-20 12:30:00+00:00,30,7,12,,300.93450927734375,0,0,0,0,0,0,0,0,0,0,0,0,0,0,0,0,0,0,0,0,0,0,0,0,0
2008-07-20 12:30:00+00:00,30,7,12,,266.8440856933594,0,0,0,0,0,0,0,0,0,0,0,0,0,0,0,0,0,0,0,0,0,0,0,0,0
2008-07-20 12:30:00+00:00,30,7,12,,4.42264461517334,0,0,0,0,0,0,0,0,0,0,0,0,0,0,0,0,0,1,1,1,1,1,1,1,1
2008-07-20 12:30:00+00:00,30,7,12,129.73828125,137.74996948242188,0,0,0,0,0,0,0,0,0,0,0,1,1,1,1,1,1,0,0,0,0,0,0,0,0
2008-07-20 12:30:00+00:00,30,7,12,,244.91940307617188,0,0,0,0,0,0,0,0,0,0,0,0,0,0,0,0,0,0,0,0,0,0,0,0,0
2008-07-20 12:30:00+00:00,30,7,12,,148.8429718017578,0,0,0,0,0,0,0,0,0,0,0,0,0,0,0,0,0,0,0,0,0,0,0,0,0
2008-07-20 12:30:00+00:00,30,7,12,144.73316955566406,94.52705383300781,0,0,0,0,0,0,0,0,0,0,0,1,1,1,1,1,1,0,0,0,0,0,0,0,0
2008-07-20 12:30:00+00:00,30,7,12,,,0,0,0,0,0,0,0,0,0,0,0,0,0,0,0,0,0,0,0,0,0,0,0,0,0
2008-07-20 12:30:00+00:00,30,7,12,,,0,0,0,0,0,0,0,0,0,0,0,0,0,0,0,0,0,0,0,0,0,0,0,0,0
2008-07-20 12:30:00+00:00,30,7,12,,,0,0,0,0,0,0,0,0,0,0,0,0,0,0,0,0,0,0,0,0,0,0,0,0,0
2008-07-20 12:30:00+00:00,30,7,12,,,0,0,0,0,0,0,0,0,0,0,0,0,0,0,0,0,0,0,0,0,0,0,0,0,0
2008-07-20 12:45:00+00:00,30,7,12,,71.59536743164062,0,0,0,0,0,0,0,0,0,0,0,0,0,0,0,0,0,0,0,0,0,0,0,0,0
2008-07-20 12:45:00+00:00,30,7,12,,,0,0,0,0,0,0,0,0,0,0,0,0,0,0,0,0,0,0,0,0,0,0,0,0,0
2008-07-20 12:45:00+00:00,30,7,12,,,0,0,0,0,0,0,0,0,0,0,0,0,0,0,0,0,0,0,0,0,0,0,0,0,0
2008-07-20 12:45:00+00:00,30,7,12,211.2512664794922,3.052480697631836,0,0,0,0,0,0,0,0,0,0,0,0,0,0,1,1,1,1,1,1,1,1,1,1,1
2008-07-20 12:45:00+00:00,30,7,12,77.70056915283203,8.901800155639648,0,0,0,0,0,0,0,0,1,1,1,1,1,1,1,1,1,1,1,1,1,1,1,1,1
2008-07-20 12:45:00+00:00,30,7,12,287.86962890625,68.24050903320312,0,0,0,0,0,0,0,0,0,0,0,0,0,0,0,1,1,0,0,0,0,0,0,0,0
2008-07-20 12:45:00+00:00,30,7,12,,368.5540771484375,0,0,0,0,0,0,0,0,0,0,0,0,0,0,0,0,0,0,0,0,0,0,0,0,0
2008-07-20 12:45:00+00:00,30,7,12,,264.22869873046875,0,0,0,0,0,0,0,0,0,0,0,0,0,0,0,0,0,0,0,0,0,0,0,0,0
2008-07-20 12:45:00+00:00,30,7,12,,347.5013427734375,0,0,0,0,0,0,0,0,0,0,0,0,0,0,0,0,0,0,0,0,0,0,0,0,0
2008-07-20 12:45:00+00:00,30,7,12,330.1620788574219,,0,0,0,0,0,0,0,0,0,0,0,0,0,0,0,0,1,0,0,0,0,0,0,0,0
2008-07-20 12:45:00+00:00,30,7,12,,,0,0,0,0,0,0,0,0,0,0,0,0,0,0,0,0,0,0,0,0,0,0,0,0,0
2008-07-20 12:45:00+00:00,30,7,12,,,0,0,0,0,0,0,0,0,0,0,0,0,0,0,0,0,0,0,0,0,0,0,0,0,0
2008-07-20 12:45:00+00:00,30,7,12,,344.5360412597656,0,0,0,0,0,0,0,0,0,0,0,0,0,0,0,0,0,0,0,0,0,0,0,0,0
2008-07-20 12:45:00+00:00,30,7,12,,,0,0,0,0,0,0,0,0,0,0,0,0,0,0,0,0,0,0,0,0,0,0,0,0,0
2008-07-20 12:45:00+00:00,30,7,12,,124.43997955322266,0,0,0,0,0,0,0,0,0,0,0,0,0,0,0,0,0,0,0,0,0,0,0,0,0
2008-07-20 12:45:00+00:00,30,7,12,,94.57530212402344,0,0,0,0,0,0,0,0,0,0,0,0,0,0,0,0,0,0,0,0,0,0,0,0,0
2008-07-20 12:45:00+00:00,30,7,12,299.8073425292969,,0,0,0,0,0,0,0,0,0,0,0,0,0,0,0,1,1,0,0,0,0,0,0,0,0
2008-07-20 12:45:00+00:00,30,7,12,,53.001468658447266,0,0,0,0,0,0,0,0,0,0,0,0,0,0,0,0,0,0,0,0,0,0,0,0,1
2008-07-20 12:45:00+00:00,30,7,12,,,0,0,0,0,0,0,0,0,0,0,0,0,0,0,0,0,0,0,0,0,0,0,0,0,0
2008-07-20 12:45:00+00:00,30,7,12,,83.54927825927734,0,0,0,0,0,0,0,0,0,0,0,0,0,0,0,0,0,0,0,0,0,0,0,0,0
2008-07-20 12:45:00+00:00,30,7,12,80.63932037353516,83.85004425048828,0,0,0,0,0,0,0,0,0,1,1,1,1,1,1,1,1,0,0,0,0,0,0,0,0
2008-07-20 12:45:00+00:00,30,7,12,,40.8177604675293,0,0,0,0,0,0,0,0,0,0,0,0,0,0,0,0,0,0,0,0,0,0,0,1,1
2008-07-20 12:45:00+00:00,30,7,12,,,0,0,0,0,0,0,0,0,0,0,0,0,0,0,0,0,0,0,0,0,0,0,0,0,0
2008-07-20 12:45:00+00:00,30,7,12,,,0,0,0,0,0,0,0,0,0,0,0,0,0,0,0,0,0,0,0,0,0,0,0,0,0
2008-07-20 12:45:00+00:00,30,7,12,,,0,0,0,0,0,0,0,0,0,0,0,0,0,0,0,0,0,0,0,0,0,0,0,0,0
2008-07-20 12:45:00+00:00,30,7,12,,,0,0,0,0,0,0,0,0,0,0,0,0,0,0,0,0,0,0,0,0,0,0,0,0,0
2008-07-20 13:00:00+00:00,30,7,13,358.0289306640625,304.1653747558594,0,0,0,0,0,0,0,0,0,0,0,0,0,0,0,0,0,0,0,0,0,0,0,0,0
2008-07-20 13:00:00+00:00,30,7,13,,,0,0,0,0,0,0,0,0,0,0,0,0,0,0,0,0,0,0,0,0,0,0,0,0,0
2008-07-20 13:00:00+00:00,30,7,13,,63.97564697265625,0,0,0,0,0,0,0,0,0,0,0,0,0,0,0,0,0,0,0,0,0,0,0,0,0
2008-07-20 13:00:00+00:00,30,7,13,,410.4993591308594,0,0,0,0,0,0,0,0,0,0,0,0,0,0,0,0,0,0,0,0,0,0,0,0,0
2008-07-20 13:00:00+00:00,30,7,13,291.7261047363281,153.20602416992188,0,0,0,0,0,0,0,0,0,0,0,0,0,0,0,1,1,0,0,0,0,0,0,0,0
2008-07-20 13:00:00+00:00,30,7,13,470.86602783203125,440.3842468261719,0,0,0,0,0,0,0,0,0,0,0,0,0,0,0,0,0,0,0,0,0,0,0,0,0
2008-07-20 13:00:00+00:00,30,7,13,,491.260009765625,0,0,0,0,0,0,0,0,0,0,0,0,0,0,0,0,0,0,0,0,0,0,0,0,0
2008-07-20 13:00:00+00:00,30,7,13,358.73089599609375,227.53306579589844,0,0,0,0,0,0,0,0,0,0,0,0,0,0,0,0,0,0,0,0,0,0,0,0,0
2008-07-20 13:00:00+00:00,30,7,13,355.8721618652344,253.17245483398438,0,0,0,0,0,0,0,0,0,0,0,0,0,0,0,0,0,0,0,0,0,0,0,0,0
2008-07-20 13:00:00+00:00,30,7,13,,171.6341552734375,0,0,0,0,0,0,0,0,0,0,0,0,0,0,0,0,0,0,0,0,0,0,0,0,0
2008-07-20 13:00:00+00:00,30,7,13,,,0,0,0,0,0,0,0,0,0,0,0,0,0,0,0,0,0,0,0,0,0,0,0,0,0
2008-07-20 13:00:00+00:00,30,7,13,162.61732482910156,154.3772430419922,0,0,0,0,0,0,0,0,0,0,0,0,1,1,1,1,1,0,0,0,0,0,0,0,0
2008-07-20 13:00:00+00:00,30,7,13,,,0,0,0,0,0,0,0,0,0,0,0,0,0,0,0,0,0,0,0,0,0,0,0,0,0
2008-07-20 13:00:00+00:00,30,7,13,,,0,0,0,0,0,0,0,0,0,0,0,0,0,0,0,0,0,0,0,0,0,0,0,0,0
2008-07-20 13:00:00+00:00,30,7,13,77.51713562011719,50.43070602416992,0,0,0,0,0,0,0,0,1,1,1,1,1,1,1,1,1,0,0,0,0,0,0,0,1
2008-07-20 13:00:00+00:00,30,7,13,,,0,0,0,0,0,0,0,0,0,0,0,0,0,0,0,0,0,0,0,0,0,0,0,0,0
2008-07-20 13:00:00+00:00,30,7,13,,65.91547393798828,0,0,0,0,0,0,0,0,0,0,0,0,0,0,0,0,0,0,0,0,0,0,0,0,0
2008-07-20 13:15:00+00:00,30,7,13,461.4881591796875,452.5944519042969,0,0,0,0,0,0,0,0,0,0,0,0,0,0,0,0,0,0,0,0,0,0,0,0,0
2008-07-20 13:15:00+00:00,30,7,13,354.8744812011719,346.5642395019531,0,0,0,0,0,0,0,0,0,0,0,0,0,0,0,0,0,0,0,0,0,0,0,0,0
2008-07-20 13:15:00+00:00,30,7,13,300.3525695800781,293.93658447265625,0,0,0,0,0,0,0,0,0,0,0,0,0,0,0,0,1,0,0,0,0,0,0,0,0
2008-07-20 13:15:00+00:00,30,7,13,100.46455383300781,47.148651123046875,0,0,0,0,0,0,0,0,0,0,1,1,1,1,1,1,1,0,0,0,0,0,0,1,1
2008-07-20 13:15:00+00:00,30,7,13,,,0,0,0,0,0,0,0,0,0,0,0,0,0,0,0,0,0,0,0,0,0,0,0,0,0
2008-07-20 13:15:00+00:00,30,7,13,59.368831634521484,76.16885375976562,0,0,0,0,0,0,0,1,1,1,1,1,1,1,1,1,1,0,0,0,0,0,0,0,0
2008-07-20 13:15:00+00:00,30,7,13,172.05682373046875,153.7803497314453,0,0,0,0,0,0,0,0,0,0,0,0,1,1,1,1,1,0,0,0,0,0,0,0,0
2008-07-20 13:15:00+00:00,30,7,13,220.29885864257812,214.01480102539062,0,0,0,0,0,0,0,0,0,0,0,0,0,0,1,1,1,0,0,0,0,0,0,0,0
2008-07-20 13:15:00+00:00,30,7,13,312.4178771972656,274.8974914550781,0,0,0,0,0,0,0,0,0,0,0,0,0,0,0,0,1,0,0,0,0,0,0,0,0
2008-07-20 13:15:00+00:00,30,7,13,77.35600280761719,118.34032440185547,0,0,0,0,0,0,0,0,1,1,1,1,1,1,1,1,1,0,0,0,0,0,0,0,0
2008-07-20 13:15:00+00:00,30,7,13,601.97802734375,546.9967041015625,0,0,0,0,0,0,0,0,0,0,0,0,0,0,0,0,0,0,0,0,0,0,0,0,0
2008-07-20 13:15:00+00:00,30,7,13,569.3233032226562,516.577880859375,0,0,0,0,0,0,0,0,0,0,0,0,0,0,0,0,0,0,0,0,0,0,0,0,0
2008-07-20 13:30:00+00:00,30,7,13,,,0,0,0,0,0,0,0,0,0,0,0,0,0,0,0,0,0,0,0,0,0,0,0,0,0
2008-07-20 13:30:00+00:00,30,7,13,,,0,0,0,0,0,0,0,0,0,0,0,0,0,0,0,0,0,0,0,0,0,0,0,0,0
2008-07-20 13:30:00+00:00,30,7,13,335.84552001953125,145.19801330566406,0,0,0,0,0,0,0,0,0,0,0,0,0,0,0,0,1,0,0,0,0,0,0,0,0
2008-07-20 13:30:00+00:00,30,7,13,94.94709014892578,88.31172180175781,0,0,0,0,0,0,0,0,0,1,1,1,1,1,1,1,1,0,0,0,0,0,0,0,0
2008-07-20 13:30:00+00:00,30,7,13,389.9095764160156,135.77578735351562,0,0,0,0,0,0,0,0,0,0,0,0,0,0,0,0,0,0,0,0,0,0,0,0,0
2008-07-20 13:30:00+00:00,30,7,13,459.8351135253906,140.24595642089844,0,0,0,0,0,0,0,0,0,0,0,0,0,0,0,0,0,0,0,0,0,0,0,0,0
2008-07-20 13:30:00+00:00,30,7,13,287.4714660644531,103.93546295166016,0,0,0,0,0,0,0,0,0,0,0,0,0,0,0,1,1,0,0,0,0,0,0,0,0
2008-07-20 13:30:00+00:00,30,7,13,187.253662109375,213.2689208984375,0,0,0,0,0,0,0,0,0,0,0,0,0,1,1,1,1,0,0,0,0,0,0,0,0
2008-07-20 13:30:00+00:00,30,7,13,324.32080078125,172.0979766845703,0,0,0,0,0,0,0,0,0,0,0,0,0,0,0,0,1,0,0,0,0,0,0,0,0
2008-07-20 13:30:00+00:00,30,7,13,221.0673065185547,206.83200073242188,0,0,0,0,0,0,0,0,0,0,0,0,0,0,1,1,1,0,0,0,0,0,0,0,0
2008-07-20 13:30:00+00:00,30,7,13,438.3524475097656,362.1142578125,0,0,0,0,0,0,0,0,0,0,0,0,0,0,0,0,0,0,0,0,0,0,0,0,0
2008-07-20 13:30:00+00:00,30,7,13,,,0,0,0,0,0,0,0,0,0,0,0,0,0,0,0,0,0,0,0,0,0,0,0,0,0
2008-07-20 13:30:00+00:00,30,7,13,,,0,0,0,0,0,0,0,0,0,0,0,0,0,0,0,0,0,0,0,0,0,0,0,0,0
2008-07-20 13:30:00+00:00,30,7,13,,,0,0,0,0,0,0,0,0,0,0,0,0,0,0,0,0,0,0,0,0,0,0,0,0,0
2008-07-20 13:30:00+00:00,30,7,13,410.97186279296875,59.198482513427734,0,0,0,0,0,0,0,0,0,0,0,0,0,0,0,0,0,0,0,0,0,0,0,0,1
2008-07-20 13:30:00+00:00,30,7,13,,,0,0,0,0,0,0,0,0,0,0,0,0,0,0,0,0,0,0,0,0,0,0,0,0,0
2008-07-20 13:30:00+00:00,30,7,13,160.1654052734375,156.8627166748047,0,0,0,0,0,0,0,0,0,0,0,0,1,1,1,1,1,0,0,0,0,0,0,0,0
2008-07-20 13:45:00+00:00,30,7,13,189.89466857910156,164.3590087890625,0,0,0,0,0,0,0,0,0,0,0,0,0,1,1,1,1,0,0,0,0,0,0,0,0
2008-07-20 13:45:00+00:00,30,7,13,225.4608154296875,198.87644958496094,0,0,0,0,0,0,0,0,0,0,0,0,0,0,1,1,1,0,0,0,0,0,0,0,0
2008-07-20 13:45:00+00:00,30,7,13,94.40398406982422,76.49345397949219,0,0,0,0,0,0,0,0,0,1,1,1,1,1,1,1,1,0,0,0,0,0,0,0,0
2008-07-20 13:45:00+00:00,30,7,13,,,0,0,0,0,0,0,0,0,0,0,0,0,0,0,0,0,0,0,0,0,0,0,0,0,0
2008-07-20 13:45:00+00:00,30,7,13,,,0,0,0,0,0,0,0,0,0,0,0,0,0,0,0,0,0,0,0,0,0,0,0,0,0
2008-07-20 13:45:00+00:00,30,7,13,296.9219665527344,,0,0,0,0,0,0,0,0,0,0,0,0,0,0,0,1,1,0,0,0,0,0,0,0,0
2008-07-20 13:45:00+00:00,30,7,13,210.98907470703125,212.37220764160156,0,0,0,0,0,0,0,0,0,0,0,0,0,0,1,1,1,0,0,0,0,0,0,0,0
2008-07-20 13:45:00+00:00,30,7,13,,88.823486328125,0,0,0,0,0,0,0,0,0,0,0,0,0,0,0,0,0,0,0,0,0,0,0,0,0
2008-07-20 13:45:00+00:00,30,7,13,231.32247924804688,223.29278564453125,0,0,0,0,0,0,0,0,0,0,0,0,0,0,1,1,1,0,0,0,0,0,0,0,0
2008-07-20 13:45:00+00:00,30,7,13,185.25015258789062,180.2144317626953,0,0,0,0,0,0,0,0,0,0,0,0,0,1,1,1,1,0,0,0,0,0,0,0,0
2008-07-20 13:45:00+00:00,30,7,13,213.7312469482422,215.32835388183594,0,0,0,0,0,0,0,0,0,0,0,0,0,0,1,1,1,0,0,0,0,0,0,0,0
2008-07-20 13:45:00+00:00,30,7,13,201.50848388671875,64.97896575927734,0,0,0,0,0,0,0,0,0,0,0,0,0,0,1,1,1,0,0,0,0,0,0,0,0
2008-07-20 13:45:00+00:00,30,7,13,306.69537353515625,283.0556945800781,0,0,0,0,0,0,0,0,0,0,0,0,0,0,0,0,1,0,0,0,0,0,0,0,0
2008-07-20 13:45:00+00:00,30,7,13,153.02593994140625,137.2545166015625,0,0,0,0,0,0,0,0,0,0,0,0,1,1,1,1,1,0,0,0,0,0,0,0,0
2008-07-20 13:45:00+00:00,30,7,13,113.0809326171875,60.30450439453125,0,0,0,0,0,0,0,0,0,0,1,1,1,1,1,1,1,0,0,0,0,0,0,0,0
2008-07-20 13:45:00+00:00,30,7,13,,,0,0,0,0,0,0,0,0,0,0,0,0,0,0,0,0,0,0,0,0,0,0,0,0,0
2008-07-20 13:45:00+00:00,30,7,13,272.7726745605469,258.5451965332031,0,0,0,0,0,0,0,0,0,0,0,0,0,0,0,1,1,0,0,0,0,0,0,0,0
2008-07-20 13:45:00+00:00,30,7,13,459.01544189453125,47.36159896850586,0,0,0,0,0,0,0,0,0,0,0,0,0,0,0,0,0,0,0,0,0,0,0,1,1
2008-07-20 13:45:00+00:00,30,7,13,70.47587585449219,93.07451629638672,0,0,0,0,0,0,0,0,1,1,1,1,1,1,1,1,1,0,0,0,0,0,0,0,0
2008-07-20 13:45:00+00:00,30,7,13,423.8868103027344,57.87065887451172,0,0,0,0,0,0,0,0,0,0,0,0,0,0,0,0,0,0,0,0,0,0,0,0,1
2008-07-20 13:45:00+00:00,30,7,13,299.02020263671875,343.66033935546875,0,0,0,0,0,0,0,0,0,0,0,0,0,0,0,1,1,0,0,0,0,0,0,0,0
2008-07-20 13:45:00+00:00,30,7,13,,180.36907958984375,0,0,0,0,0,0,0,0,0,0,0,0,0,0,0,0,0,0,0,0,0,0,0,0,0
2008-07-20 14:00:00+00:00,30,7,14,75.86288452148438,325.0562744140625,0,0,0,0,0,0,0,0,1,1,1,1,1,1,1,1,1,0,0,0,0,0,0,0,0
2008-07-20 14:00:00+00:00,30,7,14,194.55470275878906,105.39434051513672,0,0,0,0,0,0,0,0,0,0,0,0,0,1,1,1,1,0,0,0,0,0,0,0,0
2008-07-20 14:00:00+00:00,30,7,14,116.55455780029297,169.25177001953125,0,0,0,0,0,0,0,0,0,0,1,1,1,1,1,1,1,0,0,0,0,0,0,0,0
2008-07-20 14:00:00+00:00,30,7,14,128.84844970703125,174.9954833984375,0,0,0,0,0,0,0,0,0,0,0,1,1,1,1,1,1,0,0,0,0,0,0,0,0
2008-07-20 14:00:00+00:00,30,7,14,107.5041732788086,337.1346130371094,0,0,0,0,0,0,0,0,0,0,1,1,1,1,1,1,1,0,0,0,0,0,0,0,0
2008-07-20 14:00:00+00:00,30,7,14,160.81195068359375,152.8802490234375,0,0,0,0,0,0,0,0,0,0,0,0,1,1,1,1,1,0,0,0,0,0,0,0,0
2008-07-20 14:00:00+00:00,30,7,14,,,0,0,0,0,0,0,0,0,0,0,0,0,0,0,0,0,0,0,0,0,0,0,0,0,0
2008-07-20 14:00:00+00:00,30,7,14,,,0,0,0,0,0,0,0,0,0,0,0,0,0,0,0,0,0,0,0,0,0,0,0,0,0
2008-07-20 14:00:00+00:00,30,7,14,59.27582550048828,64.25349426269531,0,0,0,0,0,0,0,1,1,1,1,1,1,1,1,1,1,0,0,0,0,0,0,0,0
2008-07-20 14:00:00+00:00,30,7,14,,,0,0,0,0,0,0,0,0,0,0,0,0,0,0,0,0,0,0,0,0,0,0,0,0,0
2008-07-20 14:00:00+00:00,30,7,14,240.04324340820312,282.6284484863281,0,0,0,0,0,0,0,0,0,0,0,0,0,0,1,1,1,0,0,0,0,0,0,0,0
2008-07-20 14:00:00+00:00,30,7,14,238.03848266601562,180.28656005859375,0,0,0,0,0,0,0,0,0,0,0,0,0,0,1,1,1,0,0,0,0,0,0,0,0
2008-07-20 14:00:00+00:00,30,7,14,,,0,0,0,0,0,0,0,0,0,0,0,0,0,0,0,0,0,0,0,0,0,0,0,0,0
2008-07-20 14:15:00+00:00,30,7,14,142.25100708007812,204.33749389648438,0,0,0,0,0,0,0,0,0,0,0,1,1,1,1,1,1,0,0,0,0,0,0,0,0
2008-07-20 14:15:00+00:00,30,7,14,215.63107299804688,278.9488220214844,0,0,0,0,0,0,0,0,0,0,0,0,0,0,1,1,1,0,0,0,0,0,0,0,0
2008-07-20 14:15:00+00:00,30,7,14,,300.1824035644531,0,0,0,0,0,0,0,0,0,0,0,0,0,0,0,0,0,0,0,0,0,0,0,0,0
2008-07-20 14:15:00+00:00,30,7,14,264.61590576171875,155.73428344726562,0,0,0,0,0,0,0,0,0,0,0,0,0,0,0,1,1,0,0,0,0,0,0,0,0
2008-07-20 14:15:00+00:00,30,7,14,204.6239013671875,178.3726043701172,0,0,0,0,0,0,0,0,0,0,0,0,0,0,1,1,1,0,0,0,0,0,0,0,0
2008-07-20 14:15:00+00:00,30,7,14,347.4133605957031,233.1867218017578,0,0,0,0,0,0,0,0,0,0,0,0,0,0,0,0,1,0,0,0,0,0,0,0,0
2008-07-20 14:15:00+00:00,30,7,14,,,0,0,0,0,0,0,0,0,0,0,0,0,0,0,0,0,0,0,0,0,0,0,0,0,0
2008-07-20 14:15:00+00:00,30,7,14,316.11572265625,337.2937927246094,0,0,0,0,0,0,0,0,0,0,0,0,0,0,0,0,1,0,0,0,0,0,0,0,0
2008-07-20 14:15:00+00:00,30,7,14,423.91314697265625,366.5619201660156,0,0,0,0,0,0,0,0,0,0,0,0,0,0,0,0,0,0,0,0,0,0,0,0,0
2008-07-20 14:15:00+00:00,30,7,14,,,0,0,0,0,0,0,0,0,0,0,0,0,0,0,0,0,0,0,0,0,0,0,0,0,0
2008-07-20 14:15:00+00:00,30,7,14,267.2216491699219,,0,0,0,0,0,0,0,0,0,0,0,0,0,0,0,1,1,0,0,0,0,0,0,0,0
2008-07-20 14:15:00+00:00,30,7,14,,18.492338180541992,0,0,0,0,0,0,0,0,0,0,0,0,0,0,0,0,0,0,0,1,1,1,1,1,1
2008-07-20 14:15:00+00:00,30,7,14,,25.65273094177246,0,0,0,0,0,0,0,0,0,0,0,0,0,0,0,0,0,0,0,0,0,1,1,1,1
2008-07-20 14:15:00+00:00,30,7,14,,,0,0,0,0,0,0,0,0,0,0,0,0,0,0,0,0,0,0,0,0,0,0,0,0,0
2008-07-20 14:30:00+00:00,30,7,14,70.69805908203125,115.92265319824219,0,0,0,0,0,0,0,0,1,1,1,1,1,1,1,1,1,0,0,0,0,0,0,0,0
2008-07-20 14:30:00+00:00,30,7,14,49.46511459350586,55.91077423095703,0,0,0,0,0,0,1,1,1,1,1,1,1,1,1,1,1,0,0,0,0,0,0,0,1
2008-07-20 14:30:00+00:00,30,7,14,164.5232696533203,143.31321716308594,0,0,0,0,0,0,0,0,0,0,0,0,1,1,1,1,1,0,0,0,0,0,0,0,0
2008-07-20 14:30:00+00:00,30,7,14,,292.5457458496094,0,0,0,0,0,0,0,0,0,0,0,0,0,0,0,0,0,0,0,0,0,0,0,0,0
2008-07-20 14:30:00+00:00,30,7,14,,241.3257598876953,0,0,0,0,0,0,0,0,0,0,0,0,0,0,0,0,0,0,0,0,0,0,0,0,0
2008-07-20 14:30:00+00:00,30,7,14,,415.8511962890625,0,0,0,0,0,0,0,0,0,0,0,0,0,0,0,0,0,0,0,0,0,0,0,0,0
2008-07-20 14:30:00+00:00,30,7,14,300.6287841796875,13.11595630645752,0,0,0,0,0,0,0,0,0,0,0,0,0,0,0,0,1,0,1,1,1,1,1,1,1
2008-07-20 14:30:00+00:00,30,7,14,326.448974609375,30.464313507080078,0,0,0,0,0,0,0,0,0,0,0,0,0,0,0,0,1,0,0,0,0,0,1,1,1
2008-07-20 14:30:00+00:00,30,7,14,390.4071350097656,56.850921630859375,0,0,0,0,0,0,0,0,0,0,0,0,0,0,0,0,0,0,0,0,0,0,0,0,1
2008-07-20 14:30:00+00:00,30,7,14,278.7088317871094,134.15350341796875,0,0,0,0,0,0,0,0,0,0,0,0,0,0,0,1,1,0,0,0,0,0,0,0,0
2008-07-20 14:30:00+00:00,30,7,14,260.3623352050781,162.75259399414062,0,0,0,0,0,0,0,0,0,0,0,0,0,0,0,1,1,0,0,0,0,0,0,0,0
2008-07-20 14:30:00+00:00,30,7,14,348.7757873535156,385.865234375,0,0,0,0,0,0,0,0,0,0,0,0,0,0,0,0,1,0,0,0,0,0,0,0,0
2008-07-20 14:30:00+00:00,30,7,14,90.3211669921875,127.5958023071289,0,0,0,0,0,0,0,0,0,1,1,1,1,1,1,1,1,0,0,0,0,0,0,0,0
2008-07-20 14:30:00+00:00,30,7,14,259.136474609375,7.3149614334106445,0,0,0,0,0,0,0,0,0,0,0,0,0,0,0,1,1,1,1,1,1,1,1,1,1
2008-07-20 14:30:00+00:00,30,7,14,270.0457458496094,23.69207191467285,0,0,0,0,0,0,0,0,0,0,0,0,0,0,0,1,1,0,0,0,1,1,1,1,1
2008-07-20 14:30:00+00:00,30,7,14,129.884033203125,162.64967346191406,0,0,0,0,0,0,0,0,0,0,0,1,1,1,1,1,1,0,0,0,0,0,0,0,0
2008-07-20 14:30:00+00:00,30,7,14,,140.8413848876953,0,0,0,0,0,0,0,0,0,0,0,0,0,0,0,0,0,0,0,0,0,0,0,0,0
2008-07-20 14:30:00+00:00,30,7,14,,83.97068786621094,0,0,0,0,0,0,0,0,0,0,0,0,0,0,0,0,0,0,0,0,0,0,0,0,0
2008-07-20 14:30:00+00:00,30,7,14,,3.0815770626068115,0,0,0,0,0,0,0,0,0,0,0,0,0,0,0,0,0,1,1,1,1,1,1,1,1
2008-07-20 14:30:00+00:00,30,7,14,,58.27714920043945,0,0,0,0,0,0,0,0,0,0,0,0,0,0,0,0,0,0,0,0,0,0,0,0,1
2008-07-20 14:30:00+00:00,30,7,14,,,0,0,0,0,0,0,0,0,0,0,0,0,0,0,0,0,0,0,0,0,0,0,0,0,0
2008-07-20 14:30:00+00:00,30,7,14,,,0,0,0,0,0,0,0,0,0,0,0,0,0,0,0,0,0,0,0,0,0,0,0,0,0
2008-07-20 14:45:00+00:00,30,7,14,435.55169677734375,230.75941467285156,0,0,0,0,0,0,0,0,0,0,0,0,0,0,0,0,0,0,0,0,0,0,0,0,0
2008-07-20 14:45:00+00:00,30,7,14,66.92890930175781,9.580245018005371,0,0,0,0,0,0,0,0,1,1,1,1,1,1,1,1,1,1,1,1,1,1,1,1,1
2008-07-20 14:45:00+00:00,30,7,14,,259.1402587890625,0,0,0,0,0,0,0,0,0,0,0,0,0,0,0,0,0,0,0,0,0,0,0,0,0
2008-07-20 14:45:00+00:00,30,7,14,134.1481475830078,165.70425415039062,0,0,0,0,0,0,0,0,0,0,0,1,1,1,1,1,1,0,0,0,0,0,0,0,0
2008-07-20 14:45:00+00:00,30,7,14,97.06553649902344,115.4912109375,0,0,0,0,0,0,0,0,0,1,1,1,1,1,1,1,1,0,0,0,0,0,0,0,0
2008-07-20 14:45:00+00:00,30,7,14,65.52523040771484,56.76107406616211,0,0,0,0,0,0,0,0,1,1,1,1,1,1,1,1,1,0,0,0,0,0,0,0,1
2008-07-20 14:45:00+00:00,30,7,14,316.3757629394531,3.3108232021331787,0,0,0,0,0,0,0,0,0,0,0,0,0,0,0,0,1,1,1,1,1,1,1,1,1
2008-07-20 14:45:00+00:00,30,7,14,453.6751403808594,140.7522735595703,0,0,0,0,0,0,0,0,0,0,0,0,0,0,0,0,0,0,0,0,0,0,0,0,0
2008-07-20 14:45:00+00:00,30,7,14,,421.819091796875,0,0,0,0,0,0,0,0,0,0,0,0,0,0,0,0,0,0,0,0,0,0,0,0,0
2008-07-20 14:45:00+00:00,30,7,14,,,0,0,0,0,0,0,0,0,0,0,0,0,0,0,0,0,0,0,0,0,0,0,0,0,0
2008-07-20 14:45:00+00:00,30,7,14,,161.15721130371094,0,0,0,0,0,0,0,0,0,0,0,0,0,0,0,0,0,0,0,0,0,0,0,0,0
2008-07-20 15:00:00+00:00,30,7,15,201.06399536132812,253.8607177734375,0,0,0,0,0,0,0,0,0,0,0,0,0,0,1,1,1,0,0,0,0,0,0,0,0
2008-07-20 15:00:00+00:00,30,7,15,,475.5627136230469,0,0,0,0,0,0,0,0,0,0,0,0,0,0,0,0,0,0,0,0,0,0,0,0,0
2008-07-20 15:00:00+00:00,30,7,15,,166.00006103515625,0,0,0,0,0,0,0,0,0,0,0,0,0,0,0,0,0,0,0,0,0,0,0,0,0
2008-07-20 15:00:00+00:00,30,7,15,,172.30308532714844,0,0,0,0,0,0,0,0,0,0,0,0,0,0,0,0,0,0,0,0,0,0,0,0,0
2008-07-20 15:00:00+00:00,30,7,15,,314.80743408203125,0,0,0,0,0,0,0,0,0,0,0,0,0,0,0,0,0,0,0,0,0,0,0,0,0
2008-07-20 15:00:00+00:00,30,7,15,145.3092041015625,165.74020385742188,0,0,0,0,0,0,0,0,0,0,0,1,1,1,1,1,1,0,0,0,0,0,0,0,0
2008-07-20 15:00:00+00:00,30,7,15,47.97200012207031,4.356685638427734,0,0,0,0,0,0,1,1,1,1,1,1,1,1,1,1,1,1,1,1,1,1,1,1,1
2008-07-20 15:00:00+00:00,30,7,15,336.9085693359375,369.8642272949219,0,0,0,0,0,0,0,0,0,0,0,0,0,0,0,0,1,0,0,0,0,0,0,0,0
2008-07-20 15:00:00+00:00,30,7,15,273.3749084472656,247.87030029296875,0,0,0,0,0,0,0,0,0,0,0,0,0,0,0,1,1,0,0,0,0,0,0,0,0
2008-07-20 15:00:00+00:00,30,7,15,95.02330017089844,118.82595825195312,0,0,0,0,0,0,0,0,0,1,1,1,1,1,1,1,1,0,0,0,0,0,0,0,0
2008-07-20 15:00:00+00:00,30,7,15,120.94009399414062,141.9560546875,0,0,0,0,0,0,0,0,0,0,0,1,1,1,1,1,1,0,0,0,0,0,0,0,0
2008-07-20 15:00:00+00:00,30,7,15,228.7540740966797,,0,0,0,0,0,0,0,0,0,0,0,0,0,0,1,1,1,0,0,0,0,0,0,0,0
2008-07-20 15:00:00+00:00,30,7,15,147.7177734375,154.97628784179688,0,0,0,0,0,0,0,0,0,0,0,1,1,1,1,1,1,0,0,0,0,0,0,0,0
2008-07-20 15:15:00+00:00,30,7,15,240.81861877441406,298.25653076171875,0,0,0,0,0,0,0,0,0,0,0,0,0,0,1,1,1,0,0,0,0,0,0,0,0
2008-07-20 15:15:00+00:00,30,7,15,107.97264099121094,92.36054229736328,0,0,0,0,0,0,0,0,0,0,1,1,1,1,1,1,1,0,0,0,0,0,0,0,0
2008-07-20 15:15:00+00:00,30,7,15,193.45751953125,184.21466064453125,0,0,0,0,0,0,0,0,0,0,0,0,0,1,1,1,1,0,0,0,0,0,0,0,0
2008-07-20 15:15:00+00:00,30,7,15,,,0,0,0,0,0,0,0,0,0,0,0,0,0,0,0,0,0,0,0,0,0,0,0,0,0
2008-07-20 15:15:00+00:00,30,7,15,105.39017486572266,100.05721282958984,0,0,0,0,0,0,0,0,0,0,1,1,1,1,1,1,1,0,0,0,0,0,0,0,0
2008-07-20 15:15:00+00:00,30,7,15,,,0,0,0,0,0,0,0,0,0,0,0,0,0,0,0,0,0,0,0,0,0,0,0,0,0
2008-07-20 15:15:00+00:00,30,7,15,,,0,0,0,0,0,0,0,0,0,0,0,0,0,0,0,0,0,0,0,0,0,0,0,0,0
2008-07-20 15:15:00+00:00,30,7,15,240.04884338378906,94.59779357910156,0,0,0,0,0,0,0,0,0,0,0,0,0,0,1,1,1,0,0,0,0,0,0,0,0
2008-07-20 15:15:00+00:00,30,7,15,151.57708740234375,156.1279296875,0,0,0,0,0,0,0,0,0,0,0,0,1,1,1,1,1,0,0,0,0,0,0,0,0
2008-07-20 15:15:00+00:00,30,7,15,226.5939483642578,245.073974609375,0,0,0,0,0,0,0,0,0,0,0,0,0,0,1,1,1,0,0,0,0,0,0,0,0
2008-07-20 15:15:00+00:00,30,7,15,,,0,0,0,0,0,0,0,0,0,0,0,0,0,0,0,0,0,0,0,0,0,0,0,0,0
2008-07-20 15:30:00+00:00,30,7,15,122.85721588134766,147.10455322265625,0,0,0,0,0,0,0,0,0,0,0,1,1,1,1,1,1,0,0,0,0,0,0,0,0
2008-07-20 15:30:00+00:00,30,7,15,166.74879455566406,170.5276641845703,0,0,0,0,0,0,0,0,0,0,0,0,1,1,1,1,1,0,0,0,0,0,0,0,0
2008-07-20 15:30:00+00:00,30,7,15,293.03704833984375,276.62579345703125,0,0,0,0,0,0,0,0,0,0,0,0,0,0,0,1,1,0,0,0,0,0,0,0,0
2008-07-20 15:30:00+00:00,30,7,15,50.14652633666992,44.94638442993164,0,0,0,0,0,0,0,1,1,1,1,1,1,1,1,1,1,0,0,0,0,0,0,1,1
2008-07-20 15:30:00+00:00,30,7,15,103.75702667236328,85.28304290771484,0,0,0,0,0,0,0,0,0,0,1,1,1,1,1,1,1,0,0,0,0,0,0,0,0
2008-07-20 15:30:00+00:00,30,7,15,,,0,0,0,0,0,0,0,0,0,0,0,0,0,0,0,0,0,0,0,0,0,0,0,0,0
2008-07-20 15:30:00+00:00,30,7,15,,,0,0,0,0,0,0,0,0,0,0,0,0,0,0,0,0,0,0,0,0,0,0,0,0,0
2008-07-20 15:30:00+00:00,30,7,15,,,0,0,0,0,0,0,0,0,0,0,0,0,0,0,0,0,0,0,0,0,0,0,0,0,0
2008-07-20 15:30:00+00:00,30,7,15,368.4094543457031,95.16429138183594,0,0,0,0,0,0,0,0,0,0,0,0,0,0,0,0,0,0,0,0,0,0,0,0,0
2008-07-20 15:30:00+00:00,30,7,15,173.18612670898438,189.781982421875,0,0,0,0,0,0,0,0,0,0,0,0,1,1,1,1,1,0,0,0,0,0,0,0,0
2008-07-20 15:30:00+00:00,30,7,15,,,0,0,0,0,0,0,0,0,0,0,0,0,0,0,0,0,0,0,0,0,0,0,0,0,0
2008-07-20 15:30:00+00:00,30,7,15,139.26487731933594,127.8305435180664,0,0,0,0,0,0,0,0,0,0,0,1,1,1,1,1,1,0,0,0,0,0,0,0,0
2008-07-20 15:30:00+00:00,30,7,15,,,0,0,0,0,0,0,0,0,0,0,0,0,0,0,0,0,0,0,0,0,0,0,0,0,0
2008-07-20 15:30:00+00:00,30,7,15,,,0,0,0,0,0,0,0,0,0,0,0,0,0,0,0,0,0,0,0,0,0,0,0,0,0
2008-07-20 15:30:00+00:00,30,7,15,120.37918090820312,139.25804138183594,0,0,0,0,0,0,0,0,0,0,0,1,1,1,1,1,1,0,0,0,0,0,0,0,0
2008-07-20 15:30:00+00:00,30,7,15,,,0,0,0,0,0,0,0,0,0,0,0,0,0,0,0,0,0,0,0,0,0,0,0,0,0
2008-07-20 15:45:00+00:00,30,7,15,186.25537109375,157.85647583007812,0,0,0,0,0,0,0,0,0,0,0,0,0,1,1,1,1,0,0,0,0,0,0,0,0
2008-07-20 15:45:00+00:00,30,7,15,345.9764709472656,297.765380859375,0,0,0,0,0,0,0,0,0,0,0,0,0,0,0,0,1,0,0,0,0,0,0,0,0
2008-07-20 15:45:00+00:00,30,7,15,48.61091232299805,43.82863998413086,0,0,0,0,0,0,1,1,1,1,1,1,1,1,1,1,1,0,0,0,0,0,0,1,1
2008-07-20 15:45:00+00:00,30,7,15,70.20308685302734,129.548828125,0,0,0,0,0,0,0,0,1,1,1,1,1,1,1,1,1,0,0,0,0,0,0,0,0
2008-07-20 15:45:00+00:00,30,7,15,273.3121337890625,318.1368103027344,0,0,0,0,0,0,0,0,0,0,0,0,0,0,0,1,1,0,0,0,0,0,0,0,0
2008-07-20 15:45:00+00:00,30,7,15,,,0,0,0,0,0,0,0,0,0,0,0,0,0,0,0,0,0,0,0,0,0,0,0,0,0
2008-07-20 15:45:00+00:00,30,7,15,,,0,0,0,0,0,0,0,0,0,0,0,0,0,0,0,0,0,0,0,0,0,0,0,0,0
2008-07-20 15:45:00+00:00,30,7,15,,,0,0,0,0,0,0,0,0,0,0,0,0,0,0,0,0,0,0,0,0,0,0,0,0,0
2008-07-20 15:45:00+00:00,30,7,15,158.76565551757812,149.5000762939453,0,0,0,0,0,0,0,0,0,0,0,0,1,1,1,1,1,0,0,0,0,0,0,0,0
2008-07-20 15:45:00+00:00,30,7,15,,,0,0,0,0,0,0,0,0,0,0,0,0,0,0,0,0,0,0,0,0,0,0,0,0,0
2008-07-20 15:45:00+00:00,30,7,15,,,0,0,0,0,0,0,0,0,0,0,0,0,0,0,0,0,0,0,0,0,0,0,0,0,0
2008-07-20 15:45:00+00:00,30,7,15,,,0,0,0,0,0,0,0,0,0,0,0,0,0,0,0,0,0,0,0,0,0,0,0,0,0
2008-07-20 16:00:00+00:00,30,7,16,92.2192611694336,60.19111633300781,0,0,0,0,0,0,0,0,0,1,1,1,1,1,1,1,1,0,0,0,0,0,0,0,0
2008-07-20 16:00:00+00:00,30,7,16,62.8694953918457,35.32396697998047,0,0,0,0,0,0,0,0,1,1,1,1,1,1,1,1,1,0,0,0,0,0,1,1,1
2008-07-20 16:00:00+00:00,30,7,16,,352.20904541015625,0,0,0,0,0,0,0,0,0,0,0,0,0,0,0,0,0,0,0,0,0,0,0,0,0
2008-07-20 16:00:00+00:00,30,7,16,312.33740234375,271.7597351074219,0,0,0,0,0,0,0,0,0,0,0,0,0,0,0,0,1,0,0,0,0,0,0,0,0
2008-07-20 16:00:00+00:00,30,7,16,,,0,0,0,0,0,0,0,0,0,0,0,0,0,0,0,0,0,0,0,0,0,0,0,0,0
2008-07-20 16:00:00+00:00,30,7,16,115.30282592773438,60.39365768432617,0,0,0,0,0,0,0,0,0,0,1,1,1,1,1,1,1,0,0,0,0,0,0,0,0
2008-07-20 16:00:00+00:00,30,7,16,107.36445617675781,102.53782653808594,0,0,0,0,0,0,0,0,0,0,1,1,1,1,1,1,1,0,0,0,0,0,0,0,0
2008-07-20 16:00:00+00:00,30,7,16,119.68858337402344,258.4312744140625,0,0,0,0,0,0,0,0,0,0,1,1,1,1,1,1,1,0,0,0,0,0,0,0,0
2008-07-20 16:00:00+00:00,30,7,16,,,0,0,0,0,0,0,0,0,0,0,0,0,0,0,0,0,0,0,0,0,0,0,0,0,0
2008-07-20 16:15:00+00:00,30,7,16,247.3852996826172,239.8173065185547,0,0,0,0,0,0,0,0,0,0,0,0,0,0,1,1,1,0,0,0,0,0,0,0,0
2008-07-20 16:15:00+00:00,30,7,16,,,0,0,0,0,0,0,0,0,0,0,0,0,0,0,0,0,0,0,0,0,0,0,0,0,0
2008-07-20 16:15:00+00:00,30,7,16,174.3280487060547,190.12191772460938,0,0,0,0,0,0,0,0,0,0,0,0,1,1,1,1,1,0,0,0,0,0,0,0,0
2008-07-20 16:15:00+00:00,30,7,16,,247.29112243652344,0,0,0,0,0,0,0,0,0,0,0,0,0,0,0,0,0,0,0,0,0,0,0,0,0
2008-07-20 16:15:00+00:00,30,7,16,264.6684875488281,256.95355224609375,0,0,0,0,0,0,0,0,0,0,0,0,0,0,0,1,1,0,0,0,0,0,0,0,0
2008-07-20 16:15:00+00:00,30,7,16,132.89381408691406,125.36731719970703,0,0,0,0,0,0,0,0,0,0,0,1,1,1,1,1,1,0,0,0,0,0,0,0,0
2008-07-20 16:15:00+00:00,30,7,16,,112.71888732910156,0,0,0,0,0,0,0,0,0,0,0,0,0,0,0,0,0,0,0,0,0,0,0,0,0
2008-07-20 16:15:00+00:00,30,7,16,94.7904052734375,37.533119201660156,0,0,0,0,0,0,0,0,0,1,1,1,1,1,1,1,1,0,0,0,0,0,1,1,1
2008-07-20 16:15:00+00:00,30,7,16,151.90394592285156,133.96072387695312,0,0,0,0,0,0,0,0,0,0,0,0,1,1,1,1,1,0,0,0,0,0,0,0,0
2008-07-20 16:15:00+00:00,30,7,16,,,0,0,0,0,0,0,0,0,0,0,0,0,0,0,0,0,0,0,0,0,0,0,0,0,0
2008-07-20 16:15:00+00:00,30,7,16,,,0,0,0,0,0,0,0,0,0,0,0,0,0,0,0,0,0,0,0,0,0,0,0,0,0
2008-07-20 16:30:00+00:00,30,7,16,,,0,0,0,0,0,0,0,0,0,0,0,0,0,0,0,0,0,0,0,0,0,0,0,0,0
2008-07-20 16:30:00+00:00,30,7,16,104.51225280761719,127.68019104003906,0,0,0,0,0,0,0,0,0,0,1,1,1,1,1,1,1,0,0,0,0,0,0,0,0
2008-07-20 16:30:00+00:00,30,7,16,137.13270568847656,137.26754760742188,0,0,0,0,0,0,0,0,0,0,0,1,1,1,1,1,1,0,0,0,0,0,0,0,0
2008-07-20 16:30:00+00:00,30,7,16,76.95646667480469,264.45135498046875,0,0,0,0,0,0,0,0,1,1,1,1,1,1,1,1,1,0,0,0,0,0,0,0,0
2008-07-20 16:30:00+00:00,30,7,16,118.03424072265625,104.61104583740234,0,0,0,0,0,0,0,0,0,0,1,1,1,1,1,1,1,0,0,0,0,0,0,0,0
2008-07-20 16:30:00+00:00,30,7,16,279.3028564453125,278.27874755859375,0,0,0,0,0,0,0,0,0,0,0,0,0,0,0,1,1,0,0,0,0,0,0,0,0
2008-07-20 16:45:00+00:00,30,7,16,402.7286376953125,459.082763671875,0,0,0,0,0,0,0,0,0,0,0,0,0,0,0,0,0,0,0,0,0,0,0,0,0
2008-07-20 16:45:00+00:00,30,7,16,181.79965209960938,183.14405822753906,0,0,0,0,0,0,0,0,0,0,0,0,0,1,1,1,1,0,0,0,0,0,0,0,0
2008-07-20 16:45:00+00:00,30,7,16,119.42879486083984,106.37954711914062,0,0,0,0,0,0,0,0,0,0,1,1,1,1,1,1,1,0,0,0,0,0,0,0,0
2008-07-20 16:45:00+00:00,30,7,16,81.04643249511719,103.56366729736328,0,0,0,0,0,0,0,0,0,1,1,1,1,1,1,1,1,0,0,0,0,0,0,0,0
2008-07-20 16:45:00+00:00,30,7,16,118.0380859375,220.03968811035156,0,0,0,0,0,0,0,0,0,0,1,1,1,1,1,1,1,0,0,0,0,0,0,0,0
2008-07-20 16:45:00+00:00,30,7,16,255.03305053710938,250.55117797851562,0,0,0,0,0,0,0,0,0,0,0,0,0,0,0,1,1,0,0,0,0,0,0,0,0
2008-07-20 16:45:00+00:00,30,7,16,403.89129638671875,312.02435302734375,0,0,0,0,0,0,0,0,0,0,0,0,0,0,0,0,0,0,0,0,0,0,0,0,0
2008-07-20 16:45:00+00:00,30,7,16,147.07037353515625,161.4195098876953,0,0,0,0,0,0,0,0,0,0,0,1,1,1,1,1,1,0,0,0,0,0,0,0,0
2008-07-20 16:45:00+00:00,30,7,16,60.33653259277344,26.635974884033203,0,0,0,0,0,0,0,0,1,1,1,1,1,1,1,1,1,0,0,0,0,1,1,1,1
2008-07-20 17:00:00+00:00,30,7,17,68.31185913085938,56.730899810791016,0,0,0,0,0,0,0,0,1,1,1,1,1,1,1,1,1,0,0,0,0,0,0,0,1
2008-07-20 17:00:00+00:00,30,7,17,408.6576843261719,455.3619079589844,0,0,0,0,0,0,0,0,0,0,0,0,0,0,0,0,0,0,0,0,0,0,0,0,0
2008-07-20 17:00:00+00:00,30,7,17,,,0,0,0,0,0,0,0,0,0,0,0,0,0,0,0,0,0,0,0,0,0,0,0,0,0
2008-07-20 17:00:00+00:00,30,7,17,,,0,0,0,0,0,0,0,0,0,0,0,0,0,0,0,0,0,0,0,0,0,0,0,0,0
2008-07-20 17:00:00+00:00,30,7,17,118.82513427734375,125.07421875,0,0,0,0,0,0,0,0,0,0,1,1,1,1,1,1,1,0,0,0,0,0,0,0,0
2008-07-20 17:00:00+00:00,30,7,17,272.05206298828125,254.92840576171875,0,0,0,0,0,0,0,0,0,0,0,0,0,0,0,1,1,0,0,0,0,0,0,0,0
2008-07-20 17:00:00+00:00,30,7,17,,,0,0,0,0,0,0,0,0,0,0,0,0,0,0,0,0,0,0,0,0,0,0,0,0,0
2008-07-20 17:00:00+00:00,30,7,17,117.45742797851562,109.98883056640625,0,0,0,0,0,0,0,0,0,0,1,1,1,1,1,1,1,0,0,0,0,0,0,0,0
2008-07-20 17:00:00+00:00,30,7,17,104.26924133300781,95.56217193603516,0,0,0,0,0,0,0,0,0,0,1,1,1,1,1,1,1,0,0,0,0,0,0,0,0
2008-07-20 17:00:00+00:00,30,7,17,92.94489288330078,62.65291213989258,0,0,0,0,0,0,0,0,0,1,1,1,1,1,1,1,1,0,0,0,0,0,0,0,0
2008-07-20 17:00:00+00:00,30,7,17,,,0,0,0,0,0,0,0,0,0,0,0,0,0,0,0,0,0,0,0,0,0,0,0,0,0
2008-07-20 17:00:00+00:00,30,7,17,,,0,0,0,0,0,0,0,0,0,0,0,0,0,0,0,0,0,0,0,0,0,0,0,0,0
2008-07-20 17:15:00+00:00,30,7,17,359.1199951171875,,0,0,0,0,0,0,0,0,0,0,0,0,0,0,0,0,0,0,0,0,0,0,0,0,0
2008-07-20 17:15:00+00:00,30,7,17,278.8846435546875,307.9642639160156,0,0,0,0,0,0,0,0,0,0,0,0,0,0,0,1,1,0,0,0,0,0,0,0,0
2008-07-20 17:15:00+00:00,30,7,17,258.7577819824219,286.2997741699219,0,0,0,0,0,0,0,0,0,0,0,0,0,0,0,1,1,0,0,0,0,0,0,0,0
2008-07-20 17:15:00+00:00,30,7,17,217.06163024902344,241.478271484375,0,0,0,0,0,0,0,0,0,0,0,0,0,0,1,1,1,0,0,0,0,0,0,0,0
2008-07-20 17:15:00+00:00,30,7,17,132.06561279296875,145.1324005126953,0,0,0,0,0,0,0,0,0,0,0,1,1,1,1,1,1,0,0,0,0,0,0,0,0
2008-07-20 17:15:00+00:00,30,7,17,51.801177978515625,67.60099792480469,0,0,0,0,0,0,0,1,1,1,1,1,1,1,1,1,1,0,0,0,0,0,0,0,0
2008-07-20 17:15:00+00:00,30,7,17,334.4095764160156,191.04942321777344,0,0,0,0,0,0,0,0,0,0,0,0,0,0,0,0,1,0,0,0,0,0,0,0,0
2008-07-20 17:15:00+00:00,30,7,17,179.59335327148438,162.4801788330078,0,0,0,0,0,0,0,0,0,0,0,0,1,1,1,1,1,0,0,0,0,0,0,0,0
2008-07-20 17:30:00+00:00,30,7,17,196.63807678222656,130.37313842773438,0,0,0,0,0,0,0,0,0,0,0,0,0,1,1,1,1,0,0,0,0,0,0,0,0
2008-07-20 17:30:00+00:00,30,7,17,,367.1382751464844,0,0,0,0,0,0,0,0,0,0,0,0,0,0,0,0,0,0,0,0,0,0,0,0,0
2008-07-20 17:30:00+00:00,30,7,17,59.03836441040039,112.60102081298828,0,0,0,0,0,0,0,1,1,1,1,1,1,1,1,1,1,0,0,0,0,0,0,0,0
2008-07-20 17:30:00+00:00,30,7,17,372.5022888183594,507.55828857421875,0,0,0,0,0,0,0,0,0,0,0,0,0,0,0,0,0,0,0,0,0,0,0,0,0
2008-07-20 17:30:00+00:00,30,7,17,,,0,0,0,0,0,0,0,0,0,0,0,0,0,0,0,0,0,0,0,0,0,0,0,0,0
2008-07-20 17:30:00+00:00,30,7,17,158.0868682861328,186.3289337158203,0,0,0,0,0,0,0,0,0,0,0,0,1,1,1,1,1,0,0,0,0,0,0,0,0
2008-07-20 17:30:00+00:00,30,7,17,217.63363647460938,252.39434814453125,0,0,0,0,0,0,0,0,0,0,0,0,0,0,1,1,1,0,0,0,0,0,0,0,0
2008-07-20 17:30:00+00:00,30,7,17,286.8168640136719,263.21099853515625,0,0,0,0,0,0,0,0,0,0,0,0,0,0,0,1,1,0,0,0,0,0,0,0,0
2008-07-20 17:45:00+00:00,30,7,17,,134.1739959716797,0,0,0,0,0,0,0,0,0,0,0,0,0,0,0,0,0,0,0,0,0,0,0,0,0
2008-07-20 17:45:00+00:00,30,7,17,79.01093292236328,59.02073669433594,0,0,0,0,0,0,0,0,1,1,1,1,1,1,1,1,1,0,0,0,0,0,0,0,1
2008-07-20 17:45:00+00:00,30,7,17,28.061203002929688,0.0,0,0,0,0,1,1,1,1,1,1,1,1,1,1,1,1,1,1,1,1,1,1,1,1,1
2008-07-20 17:45:00+00:00,30,7,17,215.94757080078125,175.87232971191406,0,0,0,0,0,0,0,0,0,0,0,0,0,0,1,1,1,0,0,0,0,0,0,0,0
2008-07-21 10:00:00+00:00,30,7,10,,,0,0,0,0,0,0,0,0,0,0,0,0,0,0,0,0,0,0,0,0,0,0,0,0,0
2008-07-21 10:00:00+00:00,30,7,10,,,0,0,0,0,0,0,0,0,0,0,0,0,0,0,0,0,0,0,0,0,0,0,0,0,0
2008-07-21 10:00:00+00:00,30,7,10,224.9777374267578,36.508975982666016,0,0,0,0,0,0,0,0,0,0,0,0,0,0,1,1,1,0,0,0,0,0,1,1,1
2008-07-21 10:00:00+00:00,30,7,10,119.99423217773438,115.51432800292969,0,0,0,0,0,0,0,0,0,0,1,1,1,1,1,1,1,0,0,0,0,0,0,0,0
2008-07-21 10:00:00+00:00,30,7,10,,,0,0,0,0,0,0,0,0,0,0,0,0,0,0,0,0,0,0,0,0,0,0,0,0,0
2008-07-21 10:00:00+00:00,30,7,10,,,0,0,0,0,0,0,0,0,0,0,0,0,0,0,0,0,0,0,0,0,0,0,0,0,0
2008-07-21 10:00:00+00:00,30,7,10,146.12496948242188,157.19593811035156,0,0,0,0,0,0,0,0,0,0,0,1,1,1,1,1,1,0,0,0,0,0,0,0,0
2008-07-21 10:00:00+00:00,30,7,10,,,0,0,0,0,0,0,0,0,0,0,0,0,0,0,0,0,0,0,0,0,0,0,0,0,0
2008-07-21 10:00:00+00:00,30,7,10,317.3096923828125,318.068359375,0,0,0,0,0,0,0,0,0,0,0,0,0,0,0,0,1,0,0,0,0,0,0,0,0
2008-07-21 10:00:00+00:00,30,7,10,,,0,0,0,0,0,0,0,0,0,0,0,0,0,0,0,0,0,0,0,0,0,0,0,0,0
2008-07-21 10:00:00+00:00,30,7,10,,,0,0,0,0,0,0,0,0,0,0,0,0,0,0,0,0,0,0,0,0,0,0,0,0,0
2008-07-21 10:00:00+00:00,30,7,10,,,0,0,0,0,0,0,0,0,0,0,0,0,0,0,0,0,0,0,0,0,0,0,0,0,0
2008-07-21 14:15:00+00:00,30,7,14,109.72315216064453,6.122704029083252,0,0,0,0,0,0,0,0,0,0,1,1,1,1,1,1,1,1,1,1,1,1,1,1,1
2008-07-21 14:15:00+00:00,30,7,14,,,0,0,0,0,0,0,0,0,0,0,0,0,0,0,0,0,0,0,0,0,0,0,0,0,0
2008-07-21 14:15:00+00:00,30,7,14,,,0,0,0,0,0,0,0,0,0,0,0,0,0,0,0,0,0,0,0,0,0,0,0,0,0
2008-07-21 14:15:00+00:00,30,7,14,92.22476959228516,80.62877655029297,0,0,0,0,0,0,0,0,0,1,1,1,1,1,1,1,1,0,0,0,0,0,0,0,0
2008-07-21 14:15:00+00:00,30,7,14,116.37842559814453,96.77339935302734,0,0,0,0,0,0,0,0,0,0,1,1,1,1,1,1,1,0,0,0,0,0,0,0,0
2008-07-21 14:15:00+00:00,30,7,14,,310.504150390625,0,0,0,0,0,0,0,0,0,0,0,0,0,0,0,0,0,0,0,0,0,0,0,0,0
2008-07-21 14:15:00+00:00,30,7,14,237.32472229003906,72.25635528564453,0,0,0,0,0,0,0,0,0,0,0,0,0,0,1,1,1,0,0,0,0,0,0,0,0
2008-07-21 14:15:00+00:00,30,7,14,112.7939682006836,184.0580291748047,0,0,0,0,0,0,0,0,0,0,1,1,1,1,1,1,1,0,0,0,0,0,0,0,0
2008-07-21 14:15:00+00:00,30,7,14,69.95472717285156,33.394065856933594,0,0,0,0,0,0,0,0,1,1,1,1,1,1,1,1,1,0,0,0,0,0,1,1,1
2008-07-21 14:15:00+00:00,30,7,14,217.4044952392578,267.17431640625,0,0,0,0,0,0,0,0,0,0,0,0,0,0,1,1,1,0,0,0,0,0,0,0,0
2008-07-21 14:15:00+00:00,30,7,14,148.48556518554688,195.26454162597656,0,0,0,0,0,0,0,0,0,0,0,1,1,1,1,1,1,0,0,0,0,0,0,0,0
2008-07-21 14:15:00+00:00,30,7,14,157.34230041503906,22.38330841064453,0,0,0,0,0,0,0,0,0,0,0,0,1,1,1,1,1,0,0,0,1,1,1,1,1
2008-07-21 14:15:00+00:00,30,7,14,116.74623107910156,52.9821662902832,0,0,0,0,0,0,0,0,0,0,1,1,1,1,1,1,1,0,0,0,0,0,0,0,1
2008-07-21 14:15:00+00:00,30,7,14,237.97494506835938,63.78196716308594,0,0,0,0,0,0,0,0,0,0,0,0,0,0,1,1,1,0,0,0,0,0,0,0,0
2008-07-21 14:15:00+00:00,30,7,14,286.0846862792969,288.677734375,0,0,0,0,0,0,0,0,0,0,0,0,0,0,0,1,1,0,0,0,0,0,0,0,0
2008-07-21 14:15:00+00:00,30,7,14,,327.47625732421875,0,0,0,0,0,0,0,0,0,0,0,0,0,0,0,0,0,0,0,0,0,0,0,0,0
2008-07-21 14:15:00+00:00,30,7,14,,208.47274780273438,0,0,0,0,0,0,0,0,0,0,0,0,0,0,0,0,0,0,0,0,0,0,0,0,0
2008-07-21 14:15:00+00:00,30,7,14,168.88705444335938,160.7379608154297,0,0,0,0,0,0,0,0,0,0,0,0,1,1,1,1,1,0,0,0,0,0,0,0,0
2008-07-21 14:30:00+00:00,30,7,14,90.35803985595703,79.92826080322266,0,0,0,0,0,0,0,0,0,1,1,1,1,1,1,1,1,0,0,0,0,0,0,0,0
2008-07-21 14:30:00+00:00,30,7,14,166.40859985351562,211.2174072265625,0,0,0,0,0,0,0,0,0,0,0,0,1,1,1,1,1,0,0,0,0,0,0,0,0
2008-07-21 14:30:00+00:00,30,7,14,78.22956085205078,84.05511474609375,0,0,0,0,0,0,0,0,1,1,1,1,1,1,1,1,1,0,0,0,0,0,0,0,0
2008-07-21 14:30:00+00:00,30,7,14,,338.29718017578125,0,0,0,0,0,0,0,0,0,0,0,0,0,0,0,0,0,0,0,0,0,0,0,0,0
2008-07-21 14:30:00+00:00,30,7,14,440.03302001953125,233.80197143554688,0,0,0,0,0,0,0,0,0,0,0,0,0,0,0,0,0,0,0,0,0,0,0,0,0
2008-07-21 14:30:00+00:00,30,7,14,170.1001434326172,177.74224853515625,0,0,0,0,0,0,0,0,0,0,0,0,1,1,1,1,1,0,0,0,0,0,0,0,0
2008-07-21 14:30:00+00:00,30,7,14,170.6837921142578,156.72091674804688,0,0,0,0,0,0,0,0,0,0,0,0,1,1,1,1,1,0,0,0,0,0,0,0,0
2008-07-21 14:30:00+00:00,30,7,14,62.09412384033203,0.0,0,0,0,0,0,0,0,0,1,1,1,1,1,1,1,1,1,1,1,1,1,1,1,1,1
2008-07-21 14:30:00+00:00,30,7,14,79.65460968017578,47.088436126708984,0,0,0,0,0,0,0,0,1,1,1,1,1,1,1,1,1,0,0,0,0,0,0,1,1
2008-07-21 14:30:00+00:00,30,7,14,69.62393188476562,49.84722137451172,0,0,0,0,0,0,0,0,1,1,1,1,1,1,1,1,1,0,0,0,0,0,0,1,1
2008-07-21 14:30:00+00:00,30,7,14,196.6281280517578,168.6951141357422,0,0,0,0,0,0,0,0,0,0,0,0,0,1,1,1,1,0,0,0,0,0,0,0,0
2008-07-21 14:30:00+00:00,30,7,14,198.90631103515625,157.3328094482422,0,0,0,0,0,0,0,0,0,0,0,0,0,1,1,1,1,0,0,0,0,0,0,0,0
2008-07-21 14:30:00+00:00,30,7,14,388.94891357421875,296.61322021484375,0,0,0,0,0,0,0,0,0,0,0,0,0,0,0,0,0,0,0,0,0,0,0,0,0
2008-07-21 14:30:00+00:00,30,7,14,419.7960510253906,144.749267578125,0,0,0,0,0,0,0,0,0,0,0,0,0,0,0,0,0,0,0,0,0,0,0,0,0
2008-07-21 14:30:00+00:00,30,7,14,271.5577087402344,51.691925048828125,0,0,0,0,0,0,0,0,0,0,0,0,0,0,0,1,1,0,0,0,0,0,0,0,1
2008-07-21 14:30:00+00:00,30,7,14,223.50759887695312,76.48395538330078,0,0,0,0,0,0,0,0,0,0,0,0,0,0,1,1,1,0,0,0,0,0,0,0,0
2008-07-21 14:45:00+00:00,30,7,14,98.36443328857422,51.88587951660156,0,0,0,0,0,0,0,0,0,1,1,1,1,1,1,1,1,0,0,0,0,0,0,0,1
2008-07-21 14:45:00+00:00,30,7,14,135.2709197998047,95.30703735351562,0,0,0,0,0,0,0,0,0,0,0,1,1,1,1,1,1,0,0,0,0,0,0,0,0
2008-07-21 14:45:00+00:00,30,7,14,116.33295440673828,193.89913940429688,0,0,0,0,0,0,0,0,0,0,1,1,1,1,1,1,1,0,0,0,0,0,0,0,0
2008-07-21 14:45:00+00:00,30,7,14,97.60907745361328,112.00396728515625,0,0,0,0,0,0,0,0,0,1,1,1,1,1,1,1,1,0,0,0,0,0,0,0,0
2008-07-21 14:45:00+00:00,30,7,14,211.1708221435547,285.44390869140625,0,0,0,0,0,0,0,0,0,0,0,0,0,0,1,1,1,0,0,0,0,0,0,0,0
2008-07-21 14:45:00+00:00,30,7,14,332.67254638671875,304.2320861816406,0,0,0,0,0,0,0,0,0,0,0,0,0,0,0,0,1,0,0,0,0,0,0,0,0
2008-07-21 14:45:00+00:00,30,7,14,232.8675537109375,248.66802978515625,0,0,0,0,0,0,0,0,0,0,0,0,0,0,1,1,1,0,0,0,0,0,0,0,0
2008-07-21 14:45:00+00:00,30,7,14,260.3868408203125,275.43408203125,0,0,0,0,0,0,0,0,0,0,0,0,0,0,0,1,1,0,0,0,0,0,0,0,0
2008-07-21 14:45:00+00:00,30,7,14,55.343284606933594,54.76986312866211,0,0,0,0,0,0,0,1,1,1,1,1,1,1,1,1,1,0,0,0,0,0,0,0,1
2008-07-21 14:45:00+00:00,30,7,14,180.33053588867188,65.1808853149414,0,0,0,0,0,0,0,0,0,0,0,0,0,1,1,1,1,0,0,0,0,0,0,0,0
2008-07-21 14:45:00+00:00,30,7,14,332.9937438964844,328.7496337890625,0,0,0,0,0,0,0,0,0,0,0,0,0,0,0,0,1,0,0,0,0,0,0,0,0
2008-07-21 14:45:00+00:00,30,7,14,216.0415496826172,236.86798095703125,0,0,0,0,0,0,0,0,0,0,0,0,0,0,1,1,1,0,0,0,0,0,0,0,0
2008-07-21 15:00:00+00:00,30,7,15,177.9211883544922,104.24344635009766,0,0,0,0,0,0,0,0,0,0,0,0,1,1,1,1,1,0,0,0,0,0,0,0,0
2008-07-21 15:00:00+00:00,30,7,15,,339.1427917480469,0,0,0,0,0,0,0,0,0,0,0,0,0,0,0,0,0,0,0,0,0,0,0,0,0
2008-07-21 15:00:00+00:00,30,7,15,,,0,0,0,0,0,0,0,0,0,0,0,0,0,0,0,0,0,0,0,0,0,0,0,0,0
2008-07-21 15:00:00+00:00,30,7,15,265.4362487792969,404.44378662109375,0,0,0,0,0,0,0,0,0,0,0,0,0,0,0,1,1,0,0,0,0,0,0,0,0
2008-07-21 15:00:00+00:00,30,7,15,150.27261352539062,151.8831329345703,0,0,0,0,0,0,0,0,0,0,0,0,1,1,1,1,1,0,0,0,0,0,0,0,0
2008-07-21 15:00:00+00:00,30,7,15,440.0846252441406,462.96435546875,0,0,0,0,0,0,0,0,0,0,0,0,0,0,0,0,0,0,0,0,0,0,0,0,0
2008-07-21 15:00:00+00:00,30,7,15,445.5184326171875,439.1997375488281,0,0,0,0,0,0,0,0,0,0,0,0,0,0,0,0,0,0,0,0,0,0,0,0,0
2008-07-21 15:00:00+00:00,30,7,15,49.28976821899414,46.1209602355957,0,0,0,0,0,0,1,1,1,1,1,1,1,1,1,1,1,0,0,0,0,0,0,1,1
2008-07-21 15:00:00+00:00,30,7,15,86.62589263916016,96.06082153320312,0,0,0,0,0,0,0,0,0,1,1,1,1,1,1,1,1,0,0,0,0,0,0,0,0
2008-07-21 15:00:00+00:00,30,7,15,183.69996643066406,152.69525146484375,0,0,0,0,0,0,0,0,0,0,0,0,0,1,1,1,1,0,0,0,0,0,0,0,0
2008-07-21 15:00:00+00:00,30,7,15,220.16033935546875,50.06527328491211,0,0,0,0,0,0,0,0,0,0,0,0,0,0,1,1,1,0,0,0,0,0,0,0,1
2008-07-21 15:00:00+00:00,30,7,15,243.19058227539062,73.60481262207031,0,0,0,0,0,0,0,0,0,0,0,0,0,0,1,1,1,0,0,0,0,0,0,0,0
2008-07-21 15:00:00+00:00,30,7,15,46.90657424926758,15.723854064941406,0,0,0,0,0,0,1,1,1,1,1,1,1,1,1,1,1,0,0,1,1,1,1,1,1
2008-07-21 15:00:00+00:00,30,7,15,89.6838150024414,100.57146453857422,0,0,0,0,0,0,0,0,0,1,1,1,1,1,1,1,1,0,0,0,0,0,0,0,0
2008-07-21 15:00:00+00:00,30,7,15,158.89981079101562,99.3940658569336,0,0,0,0,0,0,0,0,0,0,0,0,1,1,1,1,1,0,0,0,0,0,0,0,0
2008-07-21 15:00:00+00:00,30,7,15,176.1269073486328,141.37037658691406,0,0,0,0,0,0,0,0,0,0,0,0,1,1,1,1,1,0,0,0,0,0,0,0,0
2008-07-21 15:00:00+00:00,30,7,15,79.19117736816406,52.835147857666016,0,0,0,0,0,0,0,0,1,1,1,1,1,1,1,1,1,0,0,0,0,0,0,0,1
2008-07-21 15:00:00+00:00,30,7,15,112.28099822998047,80.81645965576172,0,0,0,0,0,0,0,0,0,0,1,1,1,1,1,1,1,0,0,0,0,0,0,0,0
2008-07-21 15:15:00+00:00,30,7,15,43.92287826538086,65.23661041259766,0,0,0,0,0,0,1,1,1,1,1,1,1,1,1,1,1,0,0,0,0,0,0,0,0
2008-07-21 15:15:00+00:00,30,7,15,74.81498718261719,124.6053695678711,0,0,0,0,0,0,0,0,1,1,1,1,1,1,1,1,1,0,0,0,0,0,0,0,0
2008-07-21 15:15:00+00:00,30,7,15,70.37066650390625,56.854454040527344,0,0,0,0,0,0,0,0,1,1,1,1,1,1,1,1,1,0,0,0,0,0,0,0,1
2008-07-21 15:15:00+00:00,30,7,15,162.7154998779297,141.77557373046875,0,0,0,0,0,0,0,0,0,0,0,0,1,1,1,1,1,0,0,0,0,0,0,0,0
2008-07-21 15:15:00+00:00,30,7,15,123.716796875,99.5759048461914,0,0,0,0,0,0,0,0,0,0,0,1,1,1,1,1,1,0,0,0,0,0,0,0,0
2008-07-21 15:15:00+00:00,30,7,15,,,0,0,0,0,0,0,0,0,0,0,0,0,0,0,0,0,0,0,0,0,0,0,0,0,0
2008-07-21 15:15:00+00:00,30,7,15,,,0,0,0,0,0,0,0,0,0,0,0,0,0,0,0,0,0,0,0,0,0,0,0,0,0
2008-07-21 15:30:00+00:00,30,7,15,129.60484313964844,182.2465362548828,0,0,0,0,0,0,0,0,0,0,0,1,1,1,1,1,1,0,0,0,0,0,0,0,0
2008-07-21 15:30:00+00:00,30,7,15,121.80066680908203,211.10997009277344,0,0,0,0,0,0,0,0,0,0,0,1,1,1,1,1,1,0,0,0,0,0,0,0,0
2008-07-21 15:30:00+00:00,30,7,15,233.90623474121094,203.55274963378906,0,0,0,0,0,0,0,0,0,0,0,0,0,0,1,1,1,0,0,0,0,0,0,0,0
2008-07-21 15:30:00+00:00,30,7,15,230.40919494628906,204.3350067138672,0,0,0,0,0,0,0,0,0,0,0,0,0,0,1,1,1,0,0,0,0,0,0,0,0
2008-07-21 15:30:00+00:00,30,7,15,123.04549407958984,189.27224731445312,0,0,0,0,0,0,0,0,0,0,0,1,1,1,1,1,1,0,0,0,0,0,0,0,0
2008-07-21 15:30:00+00:00,30,7,15,259.04473876953125,153.18418884277344,0,0,0,0,0,0,0,0,0,0,0,0,0,0,0,1,1,0,0,0,0,0,0,0,0
2008-07-21 15:30:00+00:00,30,7,15,138.2360076904297,203.5471954345703,0,0,0,0,0,0,0,0,0,0,0,1,1,1,1,1,1,0,0,0,0,0,0,0,0
2008-07-21 15:30:00+00:00,30,7,15,114.42401885986328,87.87291717529297,0,0,0,0,0,0,0,0,0,0,1,1,1,1,1,1,1,0,0,0,0,0,0,0,0
2008-07-21 15:30:00+00:00,30,7,15,108.76695251464844,99.24874114990234,0,0,0,0,0,0,0,0,0,0,1,1,1,1,1,1,1,0,0,0,0,0,0,0,0
2008-07-21 15:30:00+00:00,30,7,15,251.24166870117188,225.71847534179688,0,0,0,0,0,0,0,0,0,0,0,0,0,0,0,1,1,0,0,0,0,0,0,0,0
2008-07-21 15:45:00+00:00,30,7,15,113.24205017089844,106.38166046142578,0,0,0,0,0,0,0,0,0,0,1,1,1,1,1,1,1,0,0,0,0,0,0,0,0
2008-07-21 15:45:00+00:00,30,7,15,543.8506469726562,,0,0,0,0,0,0,0,0,0,0,0,0,0,0,0,0,0,0,0,0,0,0,0,0,0
2008-07-21 15:45:00+00:00,30,7,15,28.629011154174805,21.692413330078125,0,0,0,0,1,1,1,1,1,1,1,1,1,1,1,1,1,0,0,0,1,1,1,1,1
2008-07-21 15:45:00+00:00,30,7,15,289.0011291503906,163.61734008789062,0,0,0,0,0,0,0,0,0,0,0,0,0,0,0,1,1,0,0,0,0,0,0,0,0
2008-07-21 15:45:00+00:00,30,7,15,59.62588119506836,3.2213852405548096,0,0,0,0,0,0,0,1,1,1,1,1,1,1,1,1,1,1,1,1,1,1,1,1,1
2008-07-21 15:45:00+00:00,30,7,15,,,0,0,0,0,0,0,0,0,0,0,0,0,0,0,0,0,0,0,0,0,0,0,0,0,0
2008-07-21 16:00:00+00:00,30,7,16,201.31651306152344,250.7751922607422,0,0,0,0,0,0,0,0,0,0,0,0,0,0,1,1,1,0,0,0,0,0,0,0,0
2008-07-21 16:00:00+00:00,30,7,16,61.25963592529297,0.0,0,0,0,0,0,0,0,0,1,1,1,1,1,1,1,1,1,1,1,1,1,1,1,1,1
2008-07-21 16:00:00+00:00,30,7,16,96.84395599365234,81.87191772460938,0,0,0,0,0,0,0,0,0,1,1,1,1,1,1,1,1,0,0,0,0,0,0,0,0
2008-07-21 16:00:00+00:00,30,7,16,,,0,0,0,0,0,0,0,0,0,0,0,0,0,0,0,0,0,0,0,0,0,0,0,0,0
2008-07-21 16:15:00+00:00,30,7,16,209.8114471435547,,0,0,0,0,0,0,0,0,0,0,0,0,0,0,1,1,1,0,0,0,0,0,0,0,0
2008-07-21 16:15:00+00:00,30,7,16,321.3829040527344,325.9237976074219,0,0,0,0,0,0,0,0,0,0,0,0,0,0,0,0,1,0,0,0,0,0,0,0,0
2008-07-21 16:15:00+00:00,30,7,16,95.98985290527344,180.34622192382812,0,0,0,0,0,0,0,0,0,1,1,1,1,1,1,1,1,0,0,0,0,0,0,0,0
2008-07-21 16:15:00+00:00,30,7,16,150.73065185546875,195.6466522216797,0,0,0,0,0,0,0,0,0,0,0,0,1,1,1,1,1,0,0,0,0,0,0,0,0
2008-07-21 16:15:00+00:00,30,7,16,143.11618041992188,143.5535125732422,0,0,0,0,0,0,0,0,0,0,0,1,1,1,1,1,1,0,0,0,0,0,0,0,0
2008-07-21 16:15:00+00:00,30,7,16,113.10234069824219,44.914878845214844,0,0,0,0,0,0,0,0,0,0,1,1,1,1,1,1,1,0,0,0,0,0,0,1,1
2008-07-21 16:15:00+00:00,30,7,16,74.20578002929688,82.3771743774414,0,0,0,0,0,0,0,0,1,1,1,1,1,1,1,1,1,0,0,0,0,0,0,0,0
2008-07-21 16:15:00+00:00,30,7,16,98.76904296875,77.6915054321289,0,0,0,0,0,0,0,0,0,1,1,1,1,1,1,1,1,0,0,0,0,0,0,0,0
2008-07-21 16:15:00+00:00,30,7,16,,,0,0,0,0,0,0,0,0,0,0,0,0,0,0,0,0,0,0,0,0,0,0,0,0,0
2008-07-21 16:30:00+00:00,30,7,16,187.93614196777344,,0,0,0,0,0,0,0,0,0,0,0,0,0,1,1,1,1,0,0,0,0,0,0,0,0
2008-07-21 16:30:00+00:00,30,7,16,,,0,0,0,0,0,0,0,0,0,0,0,0,0,0,0,0,0,0,0,0,0,0,0,0,0
2008-07-21 16:45:00+00:00,30,7,16,124.51969146728516,80.86090087890625,0,0,0,0,0,0,0,0,0,0,0,1,1,1,1,1,1,0,0,0,0,0,0,0,0
2008-07-21 16:45:00+00:00,30,7,16,401.1322021484375,413.8207702636719,0,0,0,0,0,0,0,0,0,0,0,0,0,0,0,0,0,0,0,0,0,0,0,0,0
2008-07-21 16:45:00+00:00,30,7,16,167.2440185546875,334.9674072265625,0,0,0,0,0,0,0,0,0,0,0,0,1,1,1,1,1,0,0,0,0,0,0,0,0
2008-07-21 16:45:00+00:00,30,7,16,351.9300537109375,380.8301086425781,0,0,0,0,0,0,0,0,0,0,0,0,0,0,0,0,0,0,0,0,0,0,0,0,0
2008-07-21 16:45:00+00:00,30,7,16,174.74411010742188,302.2178955078125,0,0,0,0,0,0,0,0,0,0,0,0,1,1,1,1,1,0,0,0,0,0,0,0,0
2008-07-21 16:45:00+00:00,30,7,16,,,0,0,0,0,0,0,0,0,0,0,0,0,0,0,0,0,0,0,0,0,0,0,0,0,0
2008-07-21 16:45:00+00:00,30,7,16,,,0,0,0,0,0,0,0,0,0,0,0,0,0,0,0,0,0,0,0,0,0,0,0,0,0
2008-07-21 17:00:00+00:00,30,7,17,,,0,0,0,0,0,0,0,0,0,0,0,0,0,0,0,0,0,0,0,0,0,0,0,0,0
2008-07-21 17:15:00+00:00,30,7,17,,,0,0,0,0,0,0,0,0,0,0,0,0,0,0,0,0,0,0,0,0,0,0,0,0,0
2008-07-21 17:15:00+00:00,30,7,17,340.3110656738281,63.83620834350586,0,0,0,0,0,0,0,0,0,0,0,0,0,0,0,0,1,0,0,0,0,0,0,0,0
2008-07-21 17:15:00+00:00,30,7,17,,,0,0,0,0,0,0,0,0,0,0,0,0,0,0,0,0,0,0,0,0,0,0,0,0,0
2008-07-21 17:15:00+00:00,30,7,17,92.37515258789062,88.30084991455078,0,0,0,0,0,0,0,0,0,1,1,1,1,1,1,1,1,0,0,0,0,0,0,0,0
2008-07-21 17:15:00+00:00,30,7,17,127.53243255615234,133.16583251953125,0,0,0,0,0,0,0,0,0,0,0,1,1,1,1,1,1,0,0,0,0,0,0,0,0
2008-07-21 17:15:00+00:00,30,7,17,147.16033935546875,153.52145385742188,0,0,0,0,0,0,0,0,0,0,0,1,1,1,1,1,1,0,0,0,0,0,0,0,0
2008-07-21 17:15:00+00:00,30,7,17,,,0,0,0,0,0,0,0,0,0,0,0,0,0,0,0,0,0,0,0,0,0,0,0,0,0
2008-07-21 17:30:00+00:00,30,7,17,,,0,0,0,0,0,0,0,0,0,0,0,0,0,0,0,0,0,0,0,0,0,0,0,0,0
2008-07-21 17:30:00+00:00,30,7,17,278.766357421875,295.1351623535156,0,0,0,0,0,0,0,0,0,0,0,0,0,0,0,1,1,0,0,0,0,0,0,0,0
2008-07-21 17:30:00+00:00,30,7,17,368.6693115234375,,0,0,0,0,0,0,0,0,0,0,0,0,0,0,0,0,0,0,0,0,0,0,0,0,0
2008-07-21 17:45:00+00:00,30,7,17,211.2166748046875,159.6889190673828,0,0,0,0,0,0,0,0,0,0,0,0,0,0,1,1,1,0,0,0,0,0,0,0,0
2008-07-21 17:45:00+00:00,30,7,17,119.4240951538086,68.78487396240234,0,0,0,0,0,0,0,0,0,0,1,1,1,1,1,1,1,0,0,0,0,0,0,0,0
2008-07-21 17:45:00+00:00,30,7,17,192.57308959960938,200.4254608154297,0,0,0,0,0,0,0,0,0,0,0,0,0,1,1,1,1,0,0,0,0,0,0,0,0
2008-07-21 17:45:00+00:00,30,7,17,,488.5085754394531,0,0,0,0,0,0,0,0,0,0,0,0,0,0,0,0,0,0,0,0,0,0,0,0,0
2008-07-21 17:45:00+00:00,30,7,17,173.59420776367188,142.86756896972656,0,0,0,0,0,0,0,0,0,0,0,0,1,1,1,1,1,0,0,0,0,0,0,0,0
2008-07-21 17:45:00+00:00,30,7,17,148.05517578125,332.9690246582031,0,0,0,0,0,0,0,0,0,0,0,1,1,1,1,1,1,0,0,0,0,0,0,0,0
2008-07-22 10:00:00+00:00,30,7,10,,,0,0,0,0,0,0,0,0,0,0,0,0,0,0,0,0,0,0,0,0,0,0,0,0,0
2008-07-22 10:00:00+00:00,30,7,10,,,0,0,0,0,0,0,0,0,0,0,0,0,0,0,0,0,0,0,0,0,0,0,0,0,0
2008-07-22 10:00:00+00:00,30,7,10,,,0,0,0,0,0,0,0,0,0,0,0,0,0,0,0,0,0,0,0,0,0,0,0,0,0
2008-07-22 10:00:00+00:00,30,7,10,,,0,0,0,0,0,0,0,0,0,0,0,0,0,0,0,0,0,0,0,0,0,0,0,0,0
2008-07-22 10:00:00+00:00,30,7,10,,,0,0,0,0,0,0,0,0,0,0,0,0,0,0,0,0,0,0,0,0,0,0,0,0,0
2008-07-22 10:15:00+00:00,30,7,10,,,0,0,0,0,0,0,0,0,0,0,0,0,0,0,0,0,0,0,0,0,0,0,0,0,0
2008-07-22 10:15:00+00:00,30,7,10,,,0,0,0,0,0,0,0,0,0,0,0,0,0,0,0,0,0,0,0,0,0,0,0,0,0
2008-07-22 10:15:00+00:00,30,7,10,,,0,0,0,0,0,0,0,0,0,0,0,0,0,0,0,0,0,0,0,0,0,0,0,0,0
2008-07-22 10:15:00+00:00,30,7,10,,,0,0,0,0,0,0,0,0,0,0,0,0,0,0,0,0,0,0,0,0,0,0,0,0,0
2008-07-22 10:15:00+00:00,30,7,10,,,0,0,0,0,0,0,0,0,0,0,0,0,0,0,0,0,0,0,0,0,0,0,0,0,0
2008-07-22 10:15:00+00:00,30,7,10,,,0,0,0,0,0,0,0,0,0,0,0,0,0,0,0,0,0,0,0,0,0,0,0,0,0
2008-07-22 10:15:00+00:00,30,7,10,,,0,0,0,0,0,0,0,0,0,0,0,0,0,0,0,0,0,0,0,0,0,0,0,0,0
2008-07-22 10:15:00+00:00,30,7,10,,,0,0,0,0,0,0,0,0,0,0,0,0,0,0,0,0,0,0,0,0,0,0,0,0,0
2008-07-22 10:15:00+00:00,30,7,10,,,0,0,0,0,0,0,0,0,0,0,0,0,0,0,0,0,0,0,0,0,0,0,0,0,0
2008-07-22 10:15:00+00:00,30,7,10,,,0,0,0,0,0,0,0,0,0,0,0,0,0,0,0,0,0,0,0,0,0,0,0,0,0
2008-07-22 10:30:00+00:00,30,7,10,,,0,0,0,0,0,0,0,0,0,0,0,0,0,0,0,0,0,0,0,0,0,0,0,0,0
2008-07-22 10:30:00+00:00,30,7,10,,,0,0,0,0,0,0,0,0,0,0,0,0,0,0,0,0,0,0,0,0,0,0,0,0,0
2008-07-22 10:30:00+00:00,30,7,10,,,0,0,0,0,0,0,0,0,0,0,0,0,0,0,0,0,0,0,0,0,0,0,0,0,0
2008-07-22 10:30:00+00:00,30,7,10,,,0,0,0,0,0,0,0,0,0,0,0,0,0,0,0,0,0,0,0,0,0,0,0,0,0
2008-07-22 10:30:00+00:00,30,7,10,,,0,0,0,0,0,0,0,0,0,0,0,0,0,0,0,0,0,0,0,0,0,0,0,0,0
2008-07-22 10:30:00+00:00,30,7,10,,,0,0,0,0,0,0,0,0,0,0,0,0,0,0,0,0,0,0,0,0,0,0,0,0,0
2008-07-22 10:30:00+00:00,30,7,10,249.49342346191406,,0,0,0,0,0,0,0,0,0,0,0,0,0,0,1,1,1,0,0,0,0,0,0,0,0
2008-07-22 10:30:00+00:00,30,7,10,,,0,0,0,0,0,0,0,0,0,0,0,0,0,0,0,0,0,0,0,0,0,0,0,0,0
2008-07-22 10:45:00+00:00,30,7,10,,,0,0,0,0,0,0,0,0,0,0,0,0,0,0,0,0,0,0,0,0,0,0,0,0,0
2008-07-22 10:45:00+00:00,30,7,10,,,0,0,0,0,0,0,0,0,0,0,0,0,0,0,0,0,0,0,0,0,0,0,0,0,0
2008-07-22 10:45:00+00:00,30,7,10,,,0,0,0,0,0,0,0,0,0,0,0,0,0,0,0,0,0,0,0,0,0,0,0,0,0
2008-07-22 10:45:00+00:00,30,7,10,,,0,0,0,0,0,0,0,0,0,0,0,0,0,0,0,0,0,0,0,0,0,0,0,0,0
2008-07-22 10:45:00+00:00,30,7,10,,,0,0,0,0,0,0,0,0,0,0,0,0,0,0,0,0,0,0,0,0,0,0,0,0,0
2008-07-22 10:45:00+00:00,30,7,10,,533.9735717773438,0,0,0,0,0,0,0,0,0,0,0,0,0,0,0,0,0,0,0,0,0,0,0,0,0
2008-07-22 10:45:00+00:00,30,7,10,,359.7830810546875,0,0,0,0,0,0,0,0,0,0,0,0,0,0,0,0,0,0,0,0,0,0,0,0,0
2008-07-22 10:45:00+00:00,30,7,10,,233.27259826660156,0,0,0,0,0,0,0,0,0,0,0,0,0,0,0,0,0,0,0,0,0,0,0,0,0
2008-07-22 10:45:00+00:00,30,7,10,,212.0403594970703,0,0,0,0,0,0,0,0,0,0,0,0,0,0,0,0,0,0,0,0,0,0,0,0,0
2008-07-22 10:45:00+00:00,30,7,10,,,0,0,0,0,0,0,0,0,0,0,0,0,0,0,0,0,0,0,0,0,0,0,0,0,0
2008-07-22 10:45:00+00:00,30,7,10,,,0,0,0,0,0,0,0,0,0,0,0,0,0,0,0,0,0,0,0,0,0,0,0,0,0
2008-07-22 10:45:00+00:00,30,7,10,,,0,0,0,0,0,0,0,0,0,0,0,0,0,0,0,0,0,0,0,0,0,0,0,0,0
2008-07-22 11:00:00+00:00,30,7,11,,,0,0,0,0,0,0,0,0,0,0,0,0,0,0,0,0,0,0,0,0,0,0,0,0,0
2008-07-22 11:00:00+00:00,30,7,11,,,0,0,0,0,0,0,0,0,0,0,0,0,0,0,0,0,0,0,0,0,0,0,0,0,0
2008-07-22 11:00:00+00:00,30,7,11,,374.66448974609375,0,0,0,0,0,0,0,0,0,0,0,0,0,0,0,0,0,0,0,0,0,0,0,0,0
2008-07-22 11:00:00+00:00,30,7,11,,453.01348876953125,0,0,0,0,0,0,0,0,0,0,0,0,0,0,0,0,0,0,0,0,0,0,0,0,0
2008-07-22 11:00:00+00:00,30,7,11,,,0,0,0,0,0,0,0,0,0,0,0,0,0,0,0,0,0,0,0,0,0,0,0,0,0
2008-07-22 11:00:00+00:00,30,7,11,,,0,0,0,0,0,0,0,0,0,0,0,0,0,0,0,0,0,0,0,0,0,0,0,0,0
2008-07-22 11:00:00+00:00,30,7,11,,446.0693054199219,0,0,0,0,0,0,0,0,0,0,0,0,0,0,0,0,0,0,0,0,0,0,0,0,0
2008-07-22 11:00:00+00:00,30,7,11,,,0,0,0,0,0,0,0,0,0,0,0,0,0,0,0,0,0,0,0,0,0,0,0,0,0
2008-07-22 11:15:00+00:00,30,7,11,,,0,0,0,0,0,0,0,0,0,0,0,0,0,0,0,0,0,0,0,0,0,0,0,0,0
2008-07-22 11:15:00+00:00,30,7,11,,,0,0,0,0,0,0,0,0,0,0,0,0,0,0,0,0,0,0,0,0,0,0,0,0,0
2008-07-22 11:15:00+00:00,30,7,11,,,0,0,0,0,0,0,0,0,0,0,0,0,0,0,0,0,0,0,0,0,0,0,0,0,0
2008-07-22 11:15:00+00:00,30,7,11,,514.5509033203125,0,0,0,0,0,0,0,0,0,0,0,0,0,0,0,0,0,0,0,0,0,0,0,0,0
2008-07-22 11:15:00+00:00,30,7,11,308.8982849121094,404.01409912109375,0,0,0,0,0,0,0,0,0,0,0,0,0,0,0,0,1,0,0,0,0,0,0,0,0
2008-07-22 11:15:00+00:00,30,7,11,,,0,0,0,0,0,0,0,0,0,0,0,0,0,0,0,0,0,0,0,0,0,0,0,0,0
2008-07-22 11:15:00+00:00,30,7,11,,247.3841094970703,0,0,0,0,0,0,0,0,0,0,0,0,0,0,0,0,0,0,0,0,0,0,0,0,0
2008-07-22 11:15:00+00:00,30,7,11,,,0,0,0,0,0,0,0,0,0,0,0,0,0,0,0,0,0,0,0,0,0,0,0,0,0
2008-07-22 11:15:00+00:00,30,7,11,,,0,0,0,0,0,0,0,0,0,0,0,0,0,0,0,0,0,0,0,0,0,0,0,0,0
2008-07-22 11:15:00+00:00,30,7,11,,324.7828063964844,0,0,0,0,0,0,0,0,0,0,0,0,0,0,0,0,0,0,0,0,0,0,0,0,0
2008-07-22 11:30:00+00:00,30,7,11,,,0,0,0,0,0,0,0,0,0,0,0,0,0,0,0,0,0,0,0,0,0,0,0,0,0
2008-07-22 11:30:00+00:00,30,7,11,,,0,0,0,0,0,0,0,0,0,0,0,0,0,0,0,0,0,0,0,0,0,0,0,0,0
2008-07-22 11:30:00+00:00,30,7,11,,,0,0,0,0,0,0,0,0,0,0,0,0,0,0,0,0,0,0,0,0,0,0,0,0,0
2008-07-22 11:30:00+00:00,30,7,11,,,0,0,0,0,0,0,0,0,0,0,0,0,0,0,0,0,0,0,0,0,0,0,0,0,0
2008-07-22 11:30:00+00:00,30,7,11,,,0,0,0,0,0,0,0,0,0,0,0,0,0,0,0,0,0,0,0,0,0,0,0,0,0
2008-07-22 11:30:00+00:00,30,7,11,,,0,0,0,0,0,0,0,0,0,0,0,0,0,0,0,0,0,0,0,0,0,0,0,0,0
2008-07-22 11:30:00+00:00,30,7,11,403.3377380371094,362.1510009765625,0,0,0,0,0,0,0,0,0,0,0,0,0,0,0,0,0,0,0,0,0,0,0,0,0
2008-07-22 11:30:00+00:00,30,7,11,,441.51611328125,0,0,0,0,0,0,0,0,0,0,0,0,0,0,0,0,0,0,0,0,0,0,0,0,0
2008-07-22 11:30:00+00:00,30,7,11,,,0,0,0,0,0,0,0,0,0,0,0,0,0,0,0,0,0,0,0,0,0,0,0,0,0
2008-07-22 11:30:00+00:00,30,7,11,,316.9843444824219,0,0,0,0,0,0,0,0,0,0,0,0,0,0,0,0,0,0,0,0,0,0,0,0,0
2008-07-22 11:30:00+00:00,30,7,11,,126.3441162109375,0,0,0,0,0,0,0,0,0,0,0,0,0,0,0,0,0,0,0,0,0,0,0,0,0
2008-07-22 11:30:00+00:00,30,7,11,,,0,0,0,0,0,0,0,0,0,0,0,0,0,0,0,0,0,0,0,0,0,0,0,0,0
2008-07-22 11:45:00+00:00,30,7,11,,,0,0,0,0,0,0,0,0,0,0,0,0,0,0,0,0,0,0,0,0,0,0,0,0,0
2008-07-22 11:45:00+00:00,30,7,11,,,0,0,0,0,0,0,0,0,0,0,0,0,0,0,0,0,0,0,0,0,0,0,0,0,0
2008-07-22 11:45:00+00:00,30,7,11,,,0,0,0,0,0,0,0,0,0,0,0,0,0,0,0,0,0,0,0,0,0,0,0,0,0
2008-07-22 11:45:00+00:00,30,7,11,,,0,0,0,0,0,0,0,0,0,0,0,0,0,0,0,0,0,0,0,0,0,0,0,0,0
2008-07-22 11:45:00+00:00,30,7,11,,,0,0,0,0,0,0,0,0,0,0,0,0,0,0,0,0,0,0,0,0,0,0,0,0,0
2008-07-22 11:45:00+00:00,30,7,11,397.6371765136719,390.7934265136719,0,0,0,0,0,0,0,0,0,0,0,0,0,0,0,0,0,0,0,0,0,0,0,0,0
2008-07-22 11:45:00+00:00,30,7,11,,377.059326171875,0,0,0,0,0,0,0,0,0,0,0,0,0,0,0,0,0,0,0,0,0,0,0,0,0
2008-07-22 11:45:00+00:00,30,7,11,,298.3553771972656,0,0,0,0,0,0,0,0,0,0,0,0,0,0,0,0,0,0,0,0,0,0,0,0,0
2008-07-22 11:45:00+00:00,30,7,11,,,0,0,0,0,0,0,0,0,0,0,0,0,0,0,0,0,0,0,0,0,0,0,0,0,0
2008-07-22 11:45:00+00:00,30,7,11,,449.7180480957031,0,0,0,0,0,0,0,0,0,0,0,0,0,0,0,0,0,0,0,0,0,0,0,0,0
2008-07-22 11:45:00+00:00,30,7,11,342.904296875,300.4478759765625,0,0,0,0,0,0,0,0,0,0,0,0,0,0,0,0,1,0,0,0,0,0,0,0,0
2008-07-22 11:45:00+00:00,30,7,11,,,0,0,0,0,0,0,0,0,0,0,0,0,0,0,0,0,0,0,0,0,0,0,0,0,0
2008-07-22 11:45:00+00:00,30,7,11,,348.4755554199219,0,0,0,0,0,0,0,0,0,0,0,0,0,0,0,0,0,0,0,0,0,0,0,0,0
2008-07-22 11:45:00+00:00,30,7,11,,401.06903076171875,0,0,0,0,0,0,0,0,0,0,0,0,0,0,0,0,0,0,0,0,0,0,0,0,0
2008-07-22 11:45:00+00:00,30,7,11,,,0,0,0,0,0,0,0,0,0,0,0,0,0,0,0,0,0,0,0,0,0,0,0,0,0
2008-07-22 12:00:00+00:00,30,7,12,,83.61400604248047,0,0,0,0,0,0,0,0,0,0,0,0,0,0,0,0,0,0,0,0,0,0,0,0,0
2008-07-22 12:00:00+00:00,30,7,12,,,0,0,0,0,0,0,0,0,0,0,0,0,0,0,0,0,0,0,0,0,0,0,0,0,0
2008-07-22 12:00:00+00:00,30,7,12,,,0,0,0,0,0,0,0,0,0,0,0,0,0,0,0,0,0,0,0,0,0,0,0,0,0
2008-07-22 12:00:00+00:00,30,7,12,,175.37646484375,0,0,0,0,0,0,0,0,0,0,0,0,0,0,0,0,0,0,0,0,0,0,0,0,0
2008-07-22 12:00:00+00:00,30,7,12,,464.26312255859375,0,0,0,0,0,0,0,0,0,0,0,0,0,0,0,0,0,0,0,0,0,0,0,0,0
2008-07-22 12:00:00+00:00,30,7,12,,,0,0,0,0,0,0,0,0,0,0,0,0,0,0,0,0,0,0,0,0,0,0,0,0,0
2008-07-22 12:00:00+00:00,30,7,12,400.49627685546875,372.9854431152344,0,0,0,0,0,0,0,0,0,0,0,0,0,0,0,0,0,0,0,0,0,0,0,0,0
2008-07-22 12:00:00+00:00,30,7,12,348.5812072753906,68.05734252929688,0,0,0,0,0,0,0,0,0,0,0,0,0,0,0,0,1,0,0,0,0,0,0,0,0
2008-07-22 12:00:00+00:00,30,7,12,325.14654541015625,296.71337890625,0,0,0,0,0,0,0,0,0,0,0,0,0,0,0,0,1,0,0,0,0,0,0,0,0
2008-07-22 12:00:00+00:00,30,7,12,469.6167297363281,405.5206298828125,0,0,0,0,0,0,0,0,0,0,0,0,0,0,0,0,0,0,0,0,0,0,0,0,0
2008-07-22 12:00:00+00:00,30,7,12,370.4534912109375,59.58183670043945,0,0,0,0,0,0,0,0,0,0,0,0,0,0,0,0,0,0,0,0,0,0,0,0,1
2008-07-22 12:00:00+00:00,30,7,12,303.33721923828125,292.8091735839844,0,0,0,0,0,0,0,0,0,0,0,0,0,0,0,0,1,0,0,0,0,0,0,0,0
2008-07-22 12:15:00+00:00,30,7,12,,,0,0,0,0,0,0,0,0,0,0,0,0,0,0,0,0,0,0,0,0,0,0,0,0,0
2008-07-22 12:15:00+00:00,30,7,12,,,0,0,0,0,0,0,0,0,0,0,0,0,0,0,0,0,0,0,0,0,0,0,0,0,0
2008-07-22 12:15:00+00:00,30,7,12,,141.11874389648438,0,0,0,0,0,0,0,0,0,0,0,0,0,0,0,0,0,0,0,0,0,0,0,0,0
2008-07-22 12:15:00+00:00,30,7,12,413.1430358886719,406.830078125,0,0,0,0,0,0,0,0,0,0,0,0,0,0,0,0,0,0,0,0,0,0,0,0,0
2008-07-22 12:15:00+00:00,30,7,12,313.4480895996094,287.2326965332031,0,0,0,0,0,0,0,0,0,0,0,0,0,0,0,0,1,0,0,0,0,0,0,0,0
2008-07-22 12:15:00+00:00,30,7,12,290.16455078125,283.1919250488281,0,0,0,0,0,0,0,0,0,0,0,0,0,0,0,1,1,0,0,0,0,0,0,0,0
2008-07-22 12:15:00+00:00,30,7,12,71.31835174560547,205.55763244628906,0,0,0,0,0,0,0,0,1,1,1,1,1,1,1,1,1,0,0,0,0,0,0,0,0
2008-07-22 12:15:00+00:00,30,7,12,136.44895935058594,279.448486328125,0,0,0,0,0,0,0,0,0,0,0,1,1,1,1,1,1,0,0,0,0,0,0,0,0
2008-07-22 12:15:00+00:00,30,7,12,,204.89366149902344,0,0,0,0,0,0,0,0,0,0,0,0,0,0,0,0,0,0,0,0,0,0,0,0,0
2008-07-22 12:15:00+00:00,30,7,12,,447.36517333984375,0,0,0,0,0,0,0,0,0,0,0,0,0,0,0,0,0,0,0,0,0,0,0,0,0
2008-07-22 12:15:00+00:00,30,7,12,440.68603515625,407.6508483886719,0,0,0,0,0,0,0,0,0,0,0,0,0,0,0,0,0,0,0,0,0,0,0,0,0
2008-07-22 12:15:00+00:00,30,7,12,343.6771240234375,342.0928649902344,0,0,0,0,0,0,0,0,0,0,0,0,0,0,0,0,1,0,0,0,0,0,0,0,0
2008-07-22 12:15:00+00:00,30,7,12,378.4106750488281,301.4854736328125,0,0,0,0,0,0,0,0,0,0,0,0,0,0,0,0,0,0,0,0,0,0,0,0,0
2008-07-22 12:15:00+00:00,30,7,12,81.08164978027344,22.651874542236328,0,0,0,0,0,0,0,0,0,1,1,1,1,1,1,1,1,0,0,0,1,1,1,1,1
2008-07-22 12:15:00+00:00,30,7,12,,,0,0,0,0,0,0,0,0,0,0,0,0,0,0,0,0,0,0,0,0,0,0,0,0,0
2008-07-22 12:15:00+00:00,30,7,12,280.6011962890625,287.65606689453125,0,0,0,0,0,0,0,0,0,0,0,0,0,0,0,1,1,0,0,0,0,0,0,0,0
2008-07-22 12:15:00+00:00,30,7,12,,,0,0,0,0,0,0,0,0,0,0,0,0,0,0,0,0,0,0,0,0,0,0,0,0,0
2008-07-22 12:30:00+00:00,30,7,12,,,0,0,0,0,0,0,0,0,0,0,0,0,0,0,0,0,0,0,0,0,0,0,0,0,0
2008-07-22 12:30:00+00:00,30,7,12,258.2394714355469,217.65093994140625,0,0,0,0,0,0,0,0,0,0,0,0,0,0,0,1,1,0,0,0,0,0,0,0,0
2008-07-22 12:30:00+00:00,30,7,12,277.48779296875,262.89495849609375,0,0,0,0,0,0,0,0,0,0,0,0,0,0,0,1,1,0,0,0,0,0,0,0,0
2008-07-22 12:30:00+00:00,30,7,12,138.15113830566406,102.65087127685547,0,0,0,0,0,0,0,0,0,0,0,1,1,1,1,1,1,0,0,0,0,0,0,0,0
2008-07-22 12:30:00+00:00,30,7,12,,,0,0,0,0,0,0,0,0,0,0,0,0,0,0,0,0,0,0,0,0,0,0,0,0,0
2008-07-22 12:30:00+00:00,30,7,12,136.8434600830078,77.19469451904297,0,0,0,0,0,0,0,0,0,0,0,1,1,1,1,1,1,0,0,0,0,0,0,0,0
2008-07-22 12:30:00+00:00,30,7,12,278.9244079589844,186.41041564941406,0,0,0,0,0,0,0,0,0,0,0,0,0,0,0,1,1,0,0,0,0,0,0,0,0
2008-07-22 12:30:00+00:00,30,7,12,84.7178726196289,45.67904281616211,0,0,0,0,0,0,0,0,0,1,1,1,1,1,1,1,1,0,0,0,0,0,0,1,1
2008-07-22 12:30:00+00:00,30,7,12,126.8957748413086,120.21591186523438,0,0,0,0,0,0,0,0,0,0,0,1,1,1,1,1,1,0,0,0,0,0,0,0,0
2008-07-22 12:30:00+00:00,30,7,12,,,0,0,0,0,0,0,0,0,0,0,0,0,0,0,0,0,0,0,0,0,0,0,0,0,0
2008-07-22 12:30:00+00:00,30,7,12,167.75428771972656,160.03616333007812,0,0,0,0,0,0,0,0,0,0,0,0,1,1,1,1,1,0,0,0,0,0,0,0,0
2008-07-22 12:30:00+00:00,30,7,12,,,0,0,0,0,0,0,0,0,0,0,0,0,0,0,0,0,0,0,0,0,0,0,0,0,0
2008-07-22 12:45:00+00:00,30,7,12,220.38294982910156,199.1642608642578,0,0,0,0,0,0,0,0,0,0,0,0,0,0,1,1,1,0,0,0,0,0,0,0,0
2008-07-22 12:45:00+00:00,30,7,12,,,0,0,0,0,0,0,0,0,0,0,0,0,0,0,0,0,0,0,0,0,0,0,0,0,0
2008-07-22 12:45:00+00:00,30,7,12,,539.9407348632812,0,0,0,0,0,0,0,0,0,0,0,0,0,0,0,0,0,0,0,0,0,0,0,0,0
2008-07-22 12:45:00+00:00,30,7,12,57.08163833618164,226.0240478515625,0,0,0,0,0,0,0,1,1,1,1,1,1,1,1,1,1,0,0,0,0,0,0,0,0
2008-07-22 12:45:00+00:00,30,7,12,398.2576904296875,363.7391052246094,0,0,0,0,0,0,0,0,0,0,0,0,0,0,0,0,0,0,0,0,0,0,0,0,0
2008-07-22 12:45:00+00:00,30,7,12,64.68984985351562,37.34864807128906,0,0,0,0,0,0,0,0,1,1,1,1,1,1,1,1,1,0,0,0,0,0,1,1,1
2008-07-22 12:45:00+00:00,30,7,12,125.36383056640625,93.97201538085938,0,0,0,0,0,0,0,0,0,0,0,1,1,1,1,1,1,0,0,0,0,0,0,0,0
2008-07-22 12:45:00+00:00,30,7,12,,,0,0,0,0,0,0,0,0,0,0,0,0,0,0,0,0,0,0,0,0,0,0,0,0,0
2008-07-22 12:45:00+00:00,30,7,12,415.36114501953125,299.8701171875,0,0,0,0,0,0,0,0,0,0,0,0,0,0,0,0,0,0,0,0,0,0,0,0,0
2008-07-22 12:45:00+00:00,30,7,12,,22.342374801635742,0,0,0,0,0,0,0,0,0,0,0,0,0,0,0,0,0,0,0,0,1,1,1,1,1
2008-07-22 12:45:00+00:00,30,7,12,,19.55697250366211,0,0,0,0,0,0,0,0,0,0,0,0,0,0,0,0,0,0,0,1,1,1,1,1,1
2008-07-22 12:45:00+00:00,30,7,12,,37.65437698364258,0,0,0,0,0,0,0,0,0,0,0,0,0,0,0,0,0,0,0,0,0,0,1,1,1
2008-07-22 12:45:00+00:00,30,7,12,,165.2313690185547,0,0,0,0,0,0,0,0,0,0,0,0,0,0,0,0,0,0,0,0,0,0,0,0,0
2008-07-22 12:45:00+00:00,30,7,12,360.20843505859375,348.82904052734375,0,0,0,0,0,0,0,0,0,0,0,0,0,0,0,0,0,0,0,0,0,0,0,0,0
2008-07-22 13:00:00+00:00,30,7,13,356.3698425292969,336.23504638671875,0,0,0,0,0,0,0,0,0,0,0,0,0,0,0,0,0,0,0,0,0,0,0,0,0
2008-07-22 13:00:00+00:00,30,7,13,,,0,0,0,0,0,0,0,0,0,0,0,0,0,0,0,0,0,0,0,0,0,0,0,0,0
2008-07-22 13:00:00+00:00,30,7,13,256.5540466308594,343.9494934082031,0,0,0,0,0,0,0,0,0,0,0,0,0,0,0,1,1,0,0,0,0,0,0,0,0
2008-07-22 13:00:00+00:00,30,7,13,224.26095581054688,149.81314086914062,0,0,0,0,0,0,0,0,0,0,0,0,0,0,1,1,1,0,0,0,0,0,0,0,0
2008-07-22 13:00:00+00:00,30,7,13,,,0,0,0,0,0,0,0,0,0,0,0,0,0,0,0,0,0,0,0,0,0,0,0,0,0
2008-07-22 13:00:00+00:00,30,7,13,421.3032531738281,335.5246887207031,0,0,0,0,0,0,0,0,0,0,0,0,0,0,0,0,0,0,0,0,0,0,0,0,0
2008-07-22 13:00:00+00:00,30,7,13,,297.3675537109375,0,0,0,0,0,0,0,0,0,0,0,0,0,0,0,0,0,0,0,0,0,0,0,0,0
2008-07-22 13:00:00+00:00,30,7,13,261.3690185546875,268.8078308105469,0,0,0,0,0,0,0,0,0,0,0,0,0,0,0,1,1,0,0,0,0,0,0,0,0
2008-07-22 13:00:00+00:00,30,7,13,,0.0,0,0,0,0,0,0,0,0,0,0,0,0,0,0,0,0,0,1,1,1,1,1,1,1,1
2008-07-22 13:15:00+00:00,30,7,13,287.9413757324219,241.0711212158203,0,0,0,0,0,0,0,0,0,0,0,0,0,0,0,1,1,0,0,0,0,0,0,0,0
2008-07-22 13:15:00+00:00,30,7,13,135.0529327392578,130.8168487548828,0,0,0,0,0,0,0,0,0,0,0,1,1,1,1,1,1,0,0,0,0,0,0,0,0
2008-07-22 13:15:00+00:00,30,7,13,70.94605255126953,305.0558776855469,0,0,0,0,0,0,0,0,1,1,1,1,1,1,1,1,1,0,0,0,0,0,0,0,0
2008-07-22 13:15:00+00:00,30,7,13,222.59486389160156,191.7775421142578,0,0,0,0,0,0,0,0,0,0,0,0,0,0,1,1,1,0,0,0,0,0,0,0,0
2008-07-22 13:15:00+00:00,30,7,13,,,0,0,0,0,0,0,0,0,0,0,0,0,0,0,0,0,0,0,0,0,0,0,0,0,0
2008-07-22 13:30:00+00:00,30,7,13,,338.2494201660156,0,0,0,0,0,0,0,0,0,0,0,0,0,0,0,0,0,0,0,0,0,0,0,0,0
2008-07-22 13:30:00+00:00,30,7,13,180.60354614257812,,0,0,0,0,0,0,0,0,0,0,0,0,0,1,1,1,1,0,0,0,0,0,0,0,0
2008-07-22 13:30:00+00:00,30,7,13,255.21249389648438,397.96856689453125,0,0,0,0,0,0,0,0,0,0,0,0,0,0,0,1,1,0,0,0,0,0,0,0,0
2008-07-22 13:30:00+00:00,30,7,13,,,0,0,0,0,0,0,0,0,0,0,0,0,0,0,0,0,0,0,0,0,0,0,0,0,0
2008-07-22 13:30:00+00:00,30,7,13,,,0,0,0,0,0,0,0,0,0,0,0,0,0,0,0,0,0,0,0,0,0,0,0,0,0
2008-07-22 13:30:00+00:00,30,7,13,167.6881561279297,160.7731170654297,0,0,0,0,0,0,0,0,0,0,0,0,1,1,1,1,1,0,0,0,0,0,0,0,0
2008-07-22 13:30:00+00:00,30,7,13,188.39529418945312,123.0854263305664,0,0,0,0,0,0,0,0,0,0,0,0,0,1,1,1,1,0,0,0,0,0,0,0,0
2008-07-22 13:30:00+00:00,30,7,13,333.12506103515625,407.5499267578125,0,0,0,0,0,0,0,0,0,0,0,0,0,0,0,0,1,0,0,0,0,0,0,0,0
2008-07-22 13:30:00+00:00,30,7,13,294.18017578125,6.2274885177612305,0,0,0,0,0,0,0,0,0,0,0,0,0,0,0,1,1,1,1,1,1,1,1,1,1
2008-07-22 13:30:00+00:00,30,7,13,,276.3882141113281,0,0,0,0,0,0,0,0,0,0,0,0,0,0,0,0,0,0,0,0,0,0,0,0,0
2008-07-22 13:30:00+00:00,30,7,13,453.8034362792969,428.943115234375,0,0,0,0,0,0,0,0,0,0,0,0,0,0,0,0,0,0,0,0,0,0,0,0,0
2008-07-22 13:30:00+00:00,30,7,13,165.41796875,198.67921447753906,0,0,0,0,0,0,0,0,0,0,0,0,1,1,1,1,1,0,0,0,0,0,0,0,0
2008-07-22 13:45:00+00:00,30,7,13,317.2225036621094,363.2068786621094,0,0,0,0,0,0,0,0,0,0,0,0,0,0,0,0,1,0,0,0,0,0,0,0,0
2008-07-22 13:45:00+00:00,30,7,13,112.39752197265625,297.46136474609375,0,0,0,0,0,0,0,0,0,0,1,1,1,1,1,1,1,0,0,0,0,0,0,0,0
2008-07-22 13:45:00+00:00,30,7,13,336.77642822265625,281.0609130859375,0,0,0,0,0,0,0,0,0,0,0,0,0,0,0,0,1,0,0,0,0,0,0,0,0
2008-07-22 13:45:00+00:00,30,7,13,,659.480224609375,0,0,0,0,0,0,0,0,0,0,0,0,0,0,0,0,0,0,0,0,0,0,0,0,0
2008-07-22 13:45:00+00:00,30,7,13,447.4359130859375,60.1553955078125,0,0,0,0,0,0,0,0,0,0,0,0,0,0,0,0,0,0,0,0,0,0,0,0,0
2008-07-22 13:45:00+00:00,30,7,13,309.3951721191406,299.9906921386719,0,0,0,0,0,0,0,0,0,0,0,0,0,0,0,0,1,0,0,0,0,0,0,0,0
2008-07-22 13:45:00+00:00,30,7,13,399.9242858886719,176.75482177734375,0,0,0,0,0,0,0,0,0,0,0,0,0,0,0,0,0,0,0,0,0,0,0,0,0
2008-07-22 13:45:00+00:00,30,7,13,331.26318359375,255.16656494140625,0,0,0,0,0,0,0,0,0,0,0,0,0,0,0,0,1,0,0,0,0,0,0,0,0
2008-07-22 13:45:00+00:00,30,7,13,264.8476867675781,233.46519470214844,0,0,0,0,0,0,0,0,0,0,0,0,0,0,0,1,1,0,0,0,0,0,0,0,0
2008-07-22 13:45:00+00:00,30,7,13,257.48919677734375,223.43304443359375,0,0,0,0,0,0,0,0,0,0,0,0,0,0,0,1,1,0,0,0,0,0,0,0,0
2008-07-22 13:45:00+00:00,30,7,13,50.626556396484375,54.49774932861328,0,0,0,0,0,0,0,1,1,1,1,1,1,1,1,1,1,0,0,0,0,0,0,0,1
2008-07-22 13:45:00+00:00,30,7,13,274.8694763183594,22.105249404907227,0,0,0,0,0,0,0,0,0,0,0,0,0,0,0,1,1,0,0,0,1,1,1,1,1
2008-07-22 14:00:00+00:00,30,7,14,426.5690612792969,434.16583251953125,0,0,0,0,0,0,0,0,0,0,0,0,0,0,0,0,0,0,0,0,0,0,0,0,0
2008-07-22 14:00:00+00:00,30,7,14,228.6501007080078,219.95654296875,0,0,0,0,0,0,0,0,0,0,0,0,0,0,1,1,1,0,0,0,0,0,0,0,0
2008-07-22 14:00:00+00:00,30,7,14,,180.01573181152344,0,0,0,0,0,0,0,0,0,0,0,0,0,0,0,0,0,0,0,0,0,0,0,0,0
2008-07-22 14:00:00+00:00,30,7,14,68.86455535888672,47.19029998779297,0,0,0,0,0,0,0,0,1,1,1,1,1,1,1,1,1,0,0,0,0,0,0,1,1
2008-07-22 14:00:00+00:00,30,7,14,289.8914489746094,263.4926452636719,0,0,0,0,0,0,0,0,0,0,0,0,0,0,0,1,1,0,0,0,0,0,0,0,0
2008-07-22 14:00:00+00:00,30,7,14,357.5321350097656,332.73779296875,0,0,0,0,0,0,0,0,0,0,0,0,0,0,0,0,0,0,0,0,0,0,0,0,0
2008-07-22 14:00:00+00:00,30,7,14,352.3104553222656,0.0,0,0,0,0,0,0,0,0,0,0,0,0,0,0,0,0,0,1,1,1,1,1,1,1,1
2008-07-22 14:00:00+00:00,30,7,14,102.939697265625,86.04452514648438,0,0,0,0,0,0,0,0,0,0,1,1,1,1,1,1,1,0,0,0,0,0,0,0,0
2008-07-22 14:00:00+00:00,30,7,14,233.48805236816406,214.3064422607422,0,0,0,0,0,0,0,0,0,0,0,0,0,0,1,1,1,0,0,0,0,0,0,0,0
2008-07-22 14:00:00+00:00,30,7,14,248.3424072265625,0.0,0,0,0,0,0,0,0,0,0,0,0,0,0,0,1,1,1,1,1,1,1,1,1,1,1
2008-07-22 14:00:00+00:00,30,7,14,427.52911376953125,391.3451232910156,0,0,0,0,0,0,0,0,0,0,0,0,0,0,0,0,0,0,0,0,0,0,0,0,0
2008-07-22 14:00:00+00:00,30,7,14,120.30004119873047,110.60546112060547,0,0,0,0,0,0,0,0,0,0,0,1,1,1,1,1,1,0,0,0,0,0,0,0,0
2008-07-22 14:00:00+00:00,30,7,14,102.28633880615234,55.718055725097656,0,0,0,0,0,0,0,0,0,0,1,1,1,1,1,1,1,0,0,0,0,0,0,0,1
2008-07-22 14:15:00+00:00,30,7,14,382.0014953613281,365.0135803222656,0,0,0,0,0,0,0,0,0,0,0,0,0,0,0,0,0,0,0,0,0,0,0,0,0
2008-07-22 14:15:00+00:00,30,7,14,203.2490692138672,212.58497619628906,0,0,0,0,0,0,0,0,0,0,0,0,0,0,1,1,1,0,0,0,0,0,0,0,0
2008-07-22 14:15:00+00:00,30,7,14,264.4027099609375,180.41314697265625,0,0,0,0,0,0,0,0,0,0,0,0,0,0,0,1,1,0,0,0,0,0,0,0,0
2008-07-22 14:15:00+00:00,30,7,14,55.74150848388672,68.65850830078125,0,0,0,0,0,0,0,1,1,1,1,1,1,1,1,1,1,0,0,0,0,0,0,0,0
2008-07-22 14:15:00+00:00,30,7,14,71.7042236328125,3.0633389949798584,0,0,0,0,0,0,0,0,1,1,1,1,1,1,1,1,1,1,1,1,1,1,1,1,1
2008-07-22 14:30:00+00:00,30,7,14,327.7500305175781,354.7127380371094,0,0,0,0,0,0,0,0,0,0,0,0,0,0,0,0,1,0,0,0,0,0,0,0,0
2008-07-22 14:30:00+00:00,30,7,14,474.2571105957031,,0,0,0,0,0,0,0,0,0,0,0,0,0,0,0,0,0,0,0,0,0,0,0,0,0
2008-07-22 14:30:00+00:00,30,7,14,271.877685546875,291.1026306152344,0,0,0,0,0,0,0,0,0,0,0,0,0,0,0,1,1,0,0,0,0,0,0,0,0
2008-07-22 14:30:00+00:00,30,7,14,,355.4030456542969,0,0,0,0,0,0,0,0,0,0,0,0,0,0,0,0,0,0,0,0,0,0,0,0,0
2008-07-22 14:30:00+00:00,30,7,14,338.767578125,324.5060729980469,0,0,0,0,0,0,0,0,0,0,0,0,0,0,0,0,1,0,0,0,0,0,0,0,0
2008-07-22 14:30:00+00:00,30,7,14,62.04938888549805,57.174041748046875,0,0,0,0,0,0,0,0,1,1,1,1,1,1,1,1,1,0,0,0,0,0,0,0,1
2008-07-22 14:30:00+00:00,30,7,14,371.5625305175781,221.0815887451172,0,0,0,0,0,0,0,0,0,0,0,0,0,0,0,0,0,0,0,0,0,0,0,0,0
2008-07-22 14:30:00+00:00,30,7,14,,,0,0,0,0,0,0,0,0,0,0,0,0,0,0,0,0,0,0,0,0,0,0,0,0,0
2008-07-22 14:45:00+00:00,30,7,14,348.147216796875,354.6946716308594,0,0,0,0,0,0,0,0,0,0,0,0,0,0,0,0,1,0,0,0,0,0,0,0,0
2008-07-22 14:45:00+00:00,30,7,14,,480.1175231933594,0,0,0,0,0,0,0,0,0,0,0,0,0,0,0,0,0,0,0,0,0,0,0,0,0
2008-07-22 14:45:00+00:00,30,7,14,229.3198699951172,250.91299438476562,0,0,0,0,0,0,0,0,0,0,0,0,0,0,1,1,1,0,0,0,0,0,0,0,0
2008-07-22 14:45:00+00:00,30,7,14,259.8530578613281,56.33340072631836,0,0,0,0,0,0,0,0,0,0,0,0,0,0,0,1,1,0,0,0,0,0,0,0,1
2008-07-22 14:45:00+00:00,30,7,14,225.38253784179688,263.01605224609375,0,0,0,0,0,0,0,0,0,0,0,0,0,0,1,1,1,0,0,0,0,0,0,0,0
2008-07-22 14:45:00+00:00,30,7,14,112.26420593261719,115.12692260742188,0,0,0,0,0,0,0,0,0,0,1,1,1,1,1,1,1,0,0,0,0,0,0,0,0
2008-07-22 14:45:00+00:00,30,7,14,284.22528076171875,289.1154479980469,0,0,0,0,0,0,0,0,0,0,0,0,0,0,0,1,1,0,0,0,0,0,0,0,0
2008-07-22 15:00:00+00:00,30,7,15,412.27325439453125,,0,0,0,0,0,0,0,0,0,0,0,0,0,0,0,0,0,0,0,0,0,0,0,0,0
2008-07-22 15:00:00+00:00,30,7,15,96.55821990966797,,0,0,0,0,0,0,0,0,0,1,1,1,1,1,1,1,1,0,0,0,0,0,0,0,0
2008-07-22 15:00:00+00:00,30,7,15,232.44374084472656,158.69679260253906,0,0,0,0,0,0,0,0,0,0,0,0,0,0,1,1,1,0,0,0,0,0,0,0,0
2008-07-22 15:00:00+00:00,30,7,15,357.9627380371094,,0,0,0,0,0,0,0,0,0,0,0,0,0,0,0,0,0,0,0,0,0,0,0,0,0
2008-07-22 15:00:00+00:00,30,7,15,117.48926544189453,118.09880828857422,0,0,0,0,0,0,0,0,0,0,1,1,1,1,1,1,1,0,0,0,0,0,0,0,0
2008-07-22 15:00:00+00:00,30,7,15,215.89366149902344,25.563148498535156,0,0,0,0,0,0,0,0,0,0,0,0,0,0,1,1,1,0,0,0,0,1,1,1,1
2008-07-22 15:00:00+00:00,30,7,15,329.3014831542969,254.68014526367188,0,0,0,0,0,0,0,0,0,0,0,0,0,0,0,0,1,0,0,0,0,0,0,0,0
2008-07-22 15:00:00+00:00,30,7,15,314.6459655761719,296.8558044433594,0,0,0,0,0,0,0,0,0,0,0,0,0,0,0,0,1,0,0,0,0,0,0,0,0
2008-07-22 15:00:00+00:00,30,7,15,186.81076049804688,202.4388427734375,0,0,0,0,0,0,0,0,0,0,0,0,0,1,1,1,1,0,0,0,0,0,0,0,0
2008-07-22 15:00:00+00:00,30,7,15,171.9313507080078,194.61639404296875,0,0,0,0,0,0,0,0,0,0,0,0,1,1,1,1,1,0,0,0,0,0,0,0,0
2008-07-22 15:00:00+00:00,30,7,15,465.64794921875,393.3157653808594,0,0,0,0,0,0,0,0,0,0,0,0,0,0,0,0,0,0,0,0,0,0,0,0,0
2008-07-22 15:00:00+00:00,30,7,15,72.5482177734375,57.99560546875,0,0,0,0,0,0,0,0,1,1,1,1,1,1,1,1,1,0,0,0,0,0,0,0,1
2008-07-22 15:00:00+00:00,30,7,15,104.28643798828125,88.84403228759766,0,0,0,0,0,0,0,0,0,0,1,1,1,1,1,1,1,0,0,0,0,0,0,0,0
2008-07-22 15:15:00+00:00,30,7,15,203.3902130126953,467.661376953125,0,0,0,0,0,0,0,0,0,0,0,0,0,0,1,1,1,0,0,0,0,0,0,0,0
2008-07-22 15:15:00+00:00,30,7,15,400.0321350097656,422.6045227050781,0,0,0,0,0,0,0,0,0,0,0,0,0,0,0,0,0,0,0,0,0,0,0,0,0
2008-07-22 15:15:00+00:00,30,7,15,126.68751525878906,129.20372009277344,0,0,0,0,0,0,0,0,0,0,0,1,1,1,1,1,1,0,0,0,0,0,0,0,0
2008-07-22 15:15:00+00:00,30,7,15,251.07666015625,324.7553405761719,0,0,0,0,0,0,0,0,0,0,0,0,0,0,0,1,1,0,0,0,0,0,0,0,0
2008-07-22 15:15:00+00:00,30,7,15,,,0,0,0,0,0,0,0,0,0,0,0,0,0,0,0,0,0,0,0,0,0,0,0,0,0
2008-07-22 15:30:00+00:00,30,7,15,,141.8109893798828,0,0,0,0,0,0,0,0,0,0,0,0,0,0,0,0,0,0,0,0,0,0,0,0,0
2008-07-22 15:30:00+00:00,30,7,15,275.0072937011719,423.16986083984375,0,0,0,0,0,0,0,0,0,0,0,0,0,0,0,1,1,0,0,0,0,0,0,0,0
2008-07-22 15:30:00+00:00,30,7,15,508.9295654296875,203.90841674804688,0,0,0,0,0,0,0,0,0,0,0,0,0,0,0,0,0,0,0,0,0,0,0,0,0
2008-07-22 15:30:00+00:00,30,7,15,,277.3027648925781,0,0,0,0,0,0,0,0,0,0,0,0,0,0,0,0,0,0,0,0,0,0,0,0,0
2008-07-22 15:30:00+00:00,30,7,15,130.5189208984375,104.52347564697266,0,0,0,0,0,0,0,0,0,0,0,1,1,1,1,1,1,0,0,0,0,0,0,0,0
2008-07-22 15:30:00+00:00,30,7,15,186.3009490966797,183.2216339111328,0,0,0,0,0,0,0,0,0,0,0,0,0,1,1,1,1,0,0,0,0,0,0,0,0
2008-07-22 15:30:00+00:00,30,7,15,100.77665710449219,59.660640716552734,0,0,0,0,0,0,0,0,0,0,1,1,1,1,1,1,1,0,0,0,0,0,0,0,1
2008-07-22 15:30:00+00:00,30,7,15,204.03396606445312,79.34898376464844,0,0,0,0,0,0,0,0,0,0,0,0,0,0,1,1,1,0,0,0,0,0,0,0,0
2008-07-22 15:30:00+00:00,30,7,15,325.5549621582031,299.6121826171875,0,0,0,0,0,0,0,0,0,0,0,0,0,0,0,0,1,0,0,0,0,0,0,0,0
2008-07-22 15:30:00+00:00,30,7,15,236.78665161132812,282.5607604980469,0,0,0,0,0,0,0,0,0,0,0,0,0,0,1,1,1,0,0,0,0,0,0,0,0
2008-07-22 15:30:00+00:00,30,7,15,,,0,0,0,0,0,0,0,0,0,0,0,0,0,0,0,0,0,0,0,0,0,0,0,0,0
2008-07-22 15:30:00+00:00,30,7,15,,,0,0,0,0,0,0,0,0,0,0,0,0,0,0,0,0,0,0,0,0,0,0,0,0,0
2008-07-22 15:30:00+00:00,30,7,15,,,0,0,0,0,0,0,0,0,0,0,0,0,0,0,0,0,0,0,0,0,0,0,0,0,0
2008-07-22 15:45:00+00:00,30,7,15,379.2233581542969,370.2099914550781,0,0,0,0,0,0,0,0,0,0,0,0,0,0,0,0,0,0,0,0,0,0,0,0,0
2008-07-22 15:45:00+00:00,30,7,15,172.26902770996094,137.6502227783203,0,0,0,0,0,0,0,0,0,0,0,0,1,1,1,1,1,0,0,0,0,0,0,0,0
2008-07-22 15:45:00+00:00,30,7,15,135.23843383789062,157.1497344970703,0,0,0,0,0,0,0,0,0,0,0,1,1,1,1,1,1,0,0,0,0,0,0,0,0
2008-07-22 15:45:00+00:00,30,7,15,226.16163635253906,202.27438354492188,0,0,0,0,0,0,0,0,0,0,0,0,0,0,1,1,1,0,0,0,0,0,0,0,0
2008-07-22 15:45:00+00:00,30,7,15,371.1399230957031,334.49615478515625,0,0,0,0,0,0,0,0,0,0,0,0,0,0,0,0,0,0,0,0,0,0,0,0,0
2008-07-22 15:45:00+00:00,30,7,15,65.00126647949219,,0,0,0,0,0,0,0,0,1,1,1,1,1,1,1,1,1,0,0,0,0,0,0,0,0
2008-07-22 15:45:00+00:00,30,7,15,92.5405044555664,93.76608276367188,0,0,0,0,0,0,0,0,0,1,1,1,1,1,1,1,1,0,0,0,0,0,0,0,0
2008-07-22 15:45:00+00:00,30,7,15,,,0,0,0,0,0,0,0,0,0,0,0,0,0,0,0,0,0,0,0,0,0,0,0,0,0
2008-07-22 16:00:00+00:00,30,7,16,130.42874145507812,121.02442932128906,0,0,0,0,0,0,0,0,0,0,0,1,1,1,1,1,1,0,0,0,0,0,0,0,0
2008-07-22 16:00:00+00:00,30,7,16,302.6695251464844,8.620038986206055,0,0,0,0,0,0,0,0,0,0,0,0,0,0,0,0,1,1,1,1,1,1,1,1,1
2008-07-22 16:00:00+00:00,30,7,16,289.6297607421875,115.36775970458984,0,0,0,0,0,0,0,0,0,0,0,0,0,0,0,1,1,0,0,0,0,0,0,0,0
2008-07-22 16:00:00+00:00,30,7,16,113.59996032714844,13.887619018554688,0,0,0,0,0,0,0,0,0,0,1,1,1,1,1,1,1,0,1,1,1,1,1,1,1
2008-07-22 16:00:00+00:00,30,7,16,353.1739807128906,393.8359069824219,0,0,0,0,0,0,0,0,0,0,0,0,0,0,0,0,0,0,0,0,0,0,0,0,0
2008-07-22 16:15:00+00:00,30,7,16,,,0,0,0,0,0,0,0,0,0,0,0,0,0,0,0,0,0,0,0,0,0,0,0,0,0
2008-07-22 16:15:00+00:00,30,7,16,152.26759338378906,128.36941528320312,0,0,0,0,0,0,0,0,0,0,0,0,1,1,1,1,1,0,0,0,0,0,0,0,0
2008-07-22 16:15:00+00:00,30,7,16,139.72213745117188,30.661727905273438,0,0,0,0,0,0,0,0,0,0,0,1,1,1,1,1,1,0,0,0,0,0,1,1,1
2008-07-22 16:15:00+00:00,30,7,16,320.9102783203125,298.451416015625,0,0,0,0,0,0,0,0,0,0,0,0,0,0,0,0,1,0,0,0,0,0,0,0,0
2008-07-22 16:15:00+00:00,30,7,16,,40.10400390625,0,0,0,0,0,0,0,0,0,0,0,0,0,0,0,0,0,0,0,0,0,0,0,1,1
2008-07-22 16:30:00+00:00,30,7,16,268.7897644042969,193.3050994873047,0,0,0,0,0,0,0,0,0,0,0,0,0,0,0,1,1,0,0,0,0,0,0,0,0
2008-07-22 16:30:00+00:00,30,7,16,108.21819305419922,121.97327423095703,0,0,0,0,0,0,0,0,0,0,1,1,1,1,1,1,1,0,0,0,0,0,0,0,0
2008-07-22 16:30:00+00:00,30,7,16,79.42535400390625,45.23101043701172,0,0,0,0,0,0,0,0,1,1,1,1,1,1,1,1,1,0,0,0,0,0,0,1,1
2008-07-22 16:30:00+00:00,30,7,16,145.93760681152344,4.412546157836914,0,0,0,0,0,0,0,0,0,0,0,1,1,1,1,1,1,1,1,1,1,1,1,1,1
2008-07-22 16:30:00+00:00,30,7,16,102.31949615478516,17.209930419921875,0,0,0,0,0,0,0,0,0,0,1,1,1,1,1,1,1,0,0,1,1,1,1,1,1
2008-07-22 16:30:00+00:00,30,7,16,,78.6040267944336,0,0,0,0,0,0,0,0,0,0,0,0,0,0,0,0,0,0,0,0,0,0,0,0,0
2008-07-22 16:30:00+00:00,30,7,16,,86.76605987548828,0,0,0,0,0,0,0,0,0,0,0,0,0,0,0,0,0,0,0,0,0,0,0,0,0
2008-07-22 16:45:00+00:00,30,7,16,,,0,0,0,0,0,0,0,0,0,0,0,0,0,0,0,0,0,0,0,0,0,0,0,0,0
2008-07-22 16:45:00+00:00,30,7,16,157.13681030273438,155.78726196289062,0,0,0,0,0,0,0,0,0,0,0,0,1,1,1,1,1,0,0,0,0,0,0,0,0
2008-07-22 16:45:00+00:00,30,7,16,82.92643737792969,76.8316421508789,0,0,0,0,0,0,0,0,0,1,1,1,1,1,1,1,1,0,0,0,0,0,0,0,0
2008-07-22 16:45:00+00:00,30,7,16,,229.04965209960938,0,0,0,0,0,0,0,0,0,0,0,0,0,0,0,0,0,0,0,0,0,0,0,0,0
2008-07-22 16:45:00+00:00,30,7,16,,365.482666015625,0,0,0,0,0,0,0,0,0,0,0,0,0,0,0,0,0,0,0,0,0,0,0,0,0
2008-07-22 16:45:00+00:00,30,7,16,,407.4544677734375,0,0,0,0,0,0,0,0,0,0,0,0,0,0,0,0,0,0,0,0,0,0,0,0,0
2008-07-22 17:00:00+00:00,30,7,17,280.5542297363281,269.80743408203125,0,0,0,0,0,0,0,0,0,0,0,0,0,0,0,1,1,0,0,0,0,0,0,0,0
2008-07-22 17:00:00+00:00,30,7,17,100.41205596923828,87.60607147216797,0,0,0,0,0,0,0,0,0,0,1,1,1,1,1,1,1,0,0,0,0,0,0,0,0
2008-07-22 17:00:00+00:00,30,7,17,106.58993530273438,283.318603515625,0,0,0,0,0,0,0,0,0,0,1,1,1,1,1,1,1,0,0,0,0,0,0,0,0
2008-07-22 17:00:00+00:00,30,7,17,160.45704650878906,158.1132049560547,0,0,0,0,0,0,0,0,0,0,0,0,1,1,1,1,1,0,0,0,0,0,0,0,0
2008-07-22 17:00:00+00:00,30,7,17,192.72084045410156,157.41587829589844,0,0,0,0,0,0,0,0,0,0,0,0,0,1,1,1,1,0,0,0,0,0,0,0,0
2008-07-22 17:00:00+00:00,30,7,17,54.421043395996094,36.39326095581055,0,0,0,0,0,0,0,1,1,1,1,1,1,1,1,1,1,0,0,0,0,0,1,1,1
2008-07-22 17:00:00+00:00,30,7,17,370.6753234863281,,0,0,0,0,0,0,0,0,0,0,0,0,0,0,0,0,0,0,0,0,0,0,0,0,0
2008-07-22 17:00:00+00:00,30,7,17,,,0,0,0,0,0,0,0,0,0,0,0,0,0,0,0,0,0,0,0,0,0,0,0,0,0
2008-07-22 17:00:00+00:00,30,7,17,245.6399383544922,245.20806884765625,0,0,0,0,0,0,0,0,0,0,0,0,0,0,1,1,1,0,0,0,0,0,0,0,0
2008-07-22 17:00:00+00:00,30,7,17,,,0,0,0,0,0,0,0,0,0,0,0,0,0,0,0,0,0,0,0,0,0,0,0,0,0
2008-07-22 17:00:00+00:00,30,7,17,,0.0,0,0,0,0,0,0,0,0,0,0,0,0,0,0,0,0,0,1,1,1,1,1,1,1,1
2008-07-22 17:15:00+00:00,30,7,17,,,0,0,0,0,0,0,0,0,0,0,0,0,0,0,0,0,0,0,0,0,0,0,0,0,0
2008-07-22 17:15:00+00:00,30,7,17,140.42153930664062,188.86058044433594,0,0,0,0,0,0,0,0,0,0,0,1,1,1,1,1,1,0,0,0,0,0,0,0,0
2008-07-22 17:15:00+00:00,30,7,17,,,0,0,0,0,0,0,0,0,0,0,0,0,0,0,0,0,0,0,0,0,0,0,0,0,0
2008-07-22 17:15:00+00:00,30,7,17,278.483642578125,316.84954833984375,0,0,0,0,0,0,0,0,0,0,0,0,0,0,0,1,1,0,0,0,0,0,0,0,0
2008-07-22 17:15:00+00:00,30,7,17,240.73974609375,237.44676208496094,0,0,0,0,0,0,0,0,0,0,0,0,0,0,1,1,1,0,0,0,0,0,0,0,0
2008-07-22 17:15:00+00:00,30,7,17,64.83124542236328,12.221700668334961,0,0,0,0,0,0,0,0,1,1,1,1,1,1,1,1,1,0,1,1,1,1,1,1,1
2008-07-22 17:30:00+00:00,30,7,17,181.01109313964844,308.48046875,0,0,0,0,0,0,0,0,0,0,0,0,0,1,1,1,1,0,0,0,0,0,0,0,0
2008-07-22 17:30:00+00:00,30,7,17,120.68274688720703,113.11393737792969,0,0,0,0,0,0,0,0,0,0,0,1,1,1,1,1,1,0,0,0,0,0,0,0,0
2008-07-22 17:30:00+00:00,30,7,17,99.76187133789062,90.9622802734375,0,0,0,0,0,0,0,0,0,1,1,1,1,1,1,1,1,0,0,0,0,0,0,0,0
2008-07-22 17:30:00+00:00,30,7,17,39.22487258911133,9.6110200881958,0,0,0,0,0,1,1,1,1,1,1,1,1,1,1,1,1,1,1,1,1,1,1,1,1
2008-07-22 17:30:00+00:00,30,7,17,344.68328857421875,375.2705383300781,0,0,0,0,0,0,0,0,0,0,0,0,0,0,0,0,1,0,0,0,0,0,0,0,0
2008-07-22 17:30:00+00:00,30,7,17,340.9767150878906,352.5574645996094,0,0,0,0,0,0,0,0,0,0,0,0,0,0,0,0,1,0,0,0,0,0,0,0,0
2008-07-22 17:30:00+00:00,30,7,17,,,0,0,0,0,0,0,0,0,0,0,0,0,0,0,0,0,0,0,0,0,0,0,0,0,0
2008-07-22 17:30:00+00:00,30,7,17,88.16737365722656,57.53734588623047,0,0,0,0,0,0,0,0,0,1,1,1,1,1,1,1,1,0,0,0,0,0,0,0,1
2008-07-22 17:45:00+00:00,30,7,17,87.15658569335938,,0,0,0,0,0,0,0,0,0,1,1,1,1,1,1,1,1,0,0,0,0,0,0,0,0
2008-07-22 17:45:00+00:00,30,7,17,193.8656768798828,201.46310424804688,0,0,0,0,0,0,0,0,0,0,0,0,0,1,1,1,1,0,0,0,0,0,0,0,0
2008-07-23 10:00:00+00:00,30,7,10,,,0,0,0,0,0,0,0,0,0,0,0,0,0,0,0,0,0,0,0,0,0,0,0,0,0
2008-07-23 10:00:00+00:00,30,7,10,,,0,0,0,0,0,0,0,0,0,0,0,0,0,0,0,0,0,0,0,0,0,0,0,0,0
2008-07-23 10:00:00+00:00,30,7,10,,,0,0,0,0,0,0,0,0,0,0,0,0,0,0,0,0,0,0,0,0,0,0,0,0,0
2008-07-23 10:00:00+00:00,30,7,10,,,0,0,0,0,0,0,0,0,0,0,0,0,0,0,0,0,0,0,0,0,0,0,0,0,0
2008-07-23 10:00:00+00:00,30,7,10,,,0,0,0,0,0,0,0,0,0,0,0,0,0,0,0,0,0,0,0,0,0,0,0,0,0
2008-07-23 10:00:00+00:00,30,7,10,,,0,0,0,0,0,0,0,0,0,0,0,0,0,0,0,0,0,0,0,0,0,0,0,0,0
2008-07-23 10:00:00+00:00,30,7,10,,318.78399658203125,0,0,0,0,0,0,0,0,0,0,0,0,0,0,0,0,0,0,0,0,0,0,0,0,0
2008-07-23 10:00:00+00:00,30,7,10,,357.2823791503906,0,0,0,0,0,0,0,0,0,0,0,0,0,0,0,0,0,0,0,0,0,0,0,0,0
2008-07-23 10:15:00+00:00,30,7,10,260.1136169433594,215.2007293701172,0,0,0,0,0,0,0,0,0,0,0,0,0,0,0,1,1,0,0,0,0,0,0,0,0
2008-07-23 10:15:00+00:00,30,7,10,,,0,0,0,0,0,0,0,0,0,0,0,0,0,0,0,0,0,0,0,0,0,0,0,0,0
2008-07-23 10:15:00+00:00,30,7,10,,416.598876953125,0,0,0,0,0,0,0,0,0,0,0,0,0,0,0,0,0,0,0,0,0,0,0,0,0
2008-07-23 10:15:00+00:00,30,7,10,,232.6968994140625,0,0,0,0,0,0,0,0,0,0,0,0,0,0,0,0,0,0,0,0,0,0,0,0,0
2008-07-23 10:15:00+00:00,30,7,10,,,0,0,0,0,0,0,0,0,0,0,0,0,0,0,0,0,0,0,0,0,0,0,0,0,0
2008-07-23 10:15:00+00:00,30,7,10,,,0,0,0,0,0,0,0,0,0,0,0,0,0,0,0,0,0,0,0,0,0,0,0,0,0
2008-07-23 10:15:00+00:00,30,7,10,,,0,0,0,0,0,0,0,0,0,0,0,0,0,0,0,0,0,0,0,0,0,0,0,0,0
2008-07-23 10:15:00+00:00,30,7,10,,,0,0,0,0,0,0,0,0,0,0,0,0,0,0,0,0,0,0,0,0,0,0,0,0,0
2008-07-23 10:15:00+00:00,30,7,10,,,0,0,0,0,0,0,0,0,0,0,0,0,0,0,0,0,0,0,0,0,0,0,0,0,0
2008-07-23 10:15:00+00:00,30,7,10,207.8913116455078,221.24635314941406,0,0,0,0,0,0,0,0,0,0,0,0,0,0,1,1,1,0,0,0,0,0,0,0,0
2008-07-23 10:15:00+00:00,30,7,10,,,0,0,0,0,0,0,0,0,0,0,0,0,0,0,0,0,0,0,0,0,0,0,0,0,0
2008-07-23 10:30:00+00:00,30,7,10,,210.0845947265625,0,0,0,0,0,0,0,0,0,0,0,0,0,0,0,0,0,0,0,0,0,0,0,0,0
2008-07-23 10:30:00+00:00,30,7,10,,,0,0,0,0,0,0,0,0,0,0,0,0,0,0,0,0,0,0,0,0,0,0,0,0,0
2008-07-23 10:30:00+00:00,30,7,10,206.96395874023438,217.5313262939453,0,0,0,0,0,0,0,0,0,0,0,0,0,0,1,1,1,0,0,0,0,0,0,0,0
2008-07-23 10:30:00+00:00,30,7,10,,,0,0,0,0,0,0,0,0,0,0,0,0,0,0,0,0,0,0,0,0,0,0,0,0,0
2008-07-23 10:30:00+00:00,30,7,10,430.9255676269531,439.7974548339844,0,0,0,0,0,0,0,0,0,0,0,0,0,0,0,0,0,0,0,0,0,0,0,0,0
2008-07-23 10:30:00+00:00,30,7,10,461.27569580078125,464.06732177734375,0,0,0,0,0,0,0,0,0,0,0,0,0,0,0,0,0,0,0,0,0,0,0,0,0
2008-07-23 10:30:00+00:00,30,7,10,,,0,0,0,0,0,0,0,0,0,0,0,0,0,0,0,0,0,0,0,0,0,0,0,0,0
2008-07-23 10:30:00+00:00,30,7,10,,,0,0,0,0,0,0,0,0,0,0,0,0,0,0,0,0,0,0,0,0,0,0,0,0,0
2008-07-23 10:45:00+00:00,30,7,10,,513.2647705078125,0,0,0,0,0,0,0,0,0,0,0,0,0,0,0,0,0,0,0,0,0,0,0,0,0
2008-07-23 10:45:00+00:00,30,7,10,,308.1748046875,0,0,0,0,0,0,0,0,0,0,0,0,0,0,0,0,0,0,0,0,0,0,0,0,0
2008-07-23 10:45:00+00:00,30,7,10,259.7276611328125,174.35452270507812,0,0,0,0,0,0,0,0,0,0,0,0,0,0,0,1,1,0,0,0,0,0,0,0,0
2008-07-23 10:45:00+00:00,30,7,10,,,0,0,0,0,0,0,0,0,0,0,0,0,0,0,0,0,0,0,0,0,0,0,0,0,0
2008-07-23 10:45:00+00:00,30,7,10,,,0,0,0,0,0,0,0,0,0,0,0,0,0,0,0,0,0,0,0,0,0,0,0,0,0
2008-07-23 10:45:00+00:00,30,7,10,,,0,0,0,0,0,0,0,0,0,0,0,0,0,0,0,0,0,0,0,0,0,0,0,0,0
2008-07-23 10:45:00+00:00,30,7,10,,101.93669128417969,0,0,0,0,0,0,0,0,0,0,0,0,0,0,0,0,0,0,0,0,0,0,0,0,0
2008-07-23 10:45:00+00:00,30,7,10,,,0,0,0,0,0,0,0,0,0,0,0,0,0,0,0,0,0,0,0,0,0,0,0,0,0
2008-07-23 10:45:00+00:00,30,7,10,,,0,0,0,0,0,0,0,0,0,0,0,0,0,0,0,0,0,0,0,0,0,0,0,0,0
2008-07-23 10:45:00+00:00,30,7,10,276.08355712890625,70.19522094726562,0,0,0,0,0,0,0,0,0,0,0,0,0,0,0,1,1,0,0,0,0,0,0,0,0
2008-07-23 10:45:00+00:00,30,7,10,,,0,0,0,0,0,0,0,0,0,0,0,0,0,0,0,0,0,0,0,0,0,0,0,0,0
2008-07-23 11:00:00+00:00,30,7,11,392.905029296875,367.5391540527344,0,0,0,0,0,0,0,0,0,0,0,0,0,0,0,0,0,0,0,0,0,0,0,0,0
2008-07-23 11:00:00+00:00,30,7,11,257.3221130371094,253.49285888671875,0,0,0,0,0,0,0,0,0,0,0,0,0,0,0,1,1,0,0,0,0,0,0,0,0
2008-07-23 11:00:00+00:00,30,7,11,,,0,0,0,0,0,0,0,0,0,0,0,0,0,0,0,0,0,0,0,0,0,0,0,0,0
2008-07-23 11:00:00+00:00,30,7,11,302.74627685546875,205.30116271972656,0,0,0,0,0,0,0,0,0,0,0,0,0,0,0,0,1,0,0,0,0,0,0,0,0
2008-07-23 11:00:00+00:00,30,7,11,,,0,0,0,0,0,0,0,0,0,0,0,0,0,0,0,0,0,0,0,0,0,0,0,0,0
2008-07-23 11:00:00+00:00,30,7,11,,359.84503173828125,0,0,0,0,0,0,0,0,0,0,0,0,0,0,0,0,0,0,0,0,0,0,0,0,0
2008-07-23 11:00:00+00:00,30,7,11,139.0384063720703,141.17083740234375,0,0,0,0,0,0,0,0,0,0,0,1,1,1,1,1,1,0,0,0,0,0,0,0,0
2008-07-23 11:00:00+00:00,30,7,11,,,0,0,0,0,0,0,0,0,0,0,0,0,0,0,0,0,0,0,0,0,0,0,0,0,0
2008-07-23 11:00:00+00:00,30,7,11,,180.57015991210938,0,0,0,0,0,0,0,0,0,0,0,0,0,0,0,0,0,0,0,0,0,0,0,0,0
2008-07-23 11:00:00+00:00,30,7,11,355.8798522949219,246.22959899902344,0,0,0,0,0,0,0,0,0,0,0,0,0,0,0,0,0,0,0,0,0,0,0,0,0
2008-07-23 11:00:00+00:00,30,7,11,,,0,0,0,0,0,0,0,0,0,0,0,0,0,0,0,0,0,0,0,0,0,0,0,0,0
2008-07-23 11:00:00+00:00,30,7,11,,,0,0,0,0,0,0,0,0,0,0,0,0,0,0,0,0,0,0,0,0,0,0,0,0,0
2008-07-23 11:15:00+00:00,30,7,11,401.1357116699219,391.23052978515625,0,0,0,0,0,0,0,0,0,0,0,0,0,0,0,0,0,0,0,0,0,0,0,0,0
2008-07-23 11:15:00+00:00,30,7,11,191.49217224121094,158.8209686279297,0,0,0,0,0,0,0,0,0,0,0,0,0,1,1,1,1,0,0,0,0,0,0,0,0
2008-07-23 11:15:00+00:00,30,7,11,178.64517211914062,193.5012664794922,0,0,0,0,0,0,0,0,0,0,0,0,1,1,1,1,1,0,0,0,0,0,0,0,0
2008-07-23 11:15:00+00:00,30,7,11,329.7840881347656,325.0084228515625,0,0,0,0,0,0,0,0,0,0,0,0,0,0,0,0,1,0,0,0,0,0,0,0,0
2008-07-23 11:15:00+00:00,30,7,11,353.32061767578125,346.7803955078125,0,0,0,0,0,0,0,0,0,0,0,0,0,0,0,0,0,0,0,0,0,0,0,0,0
2008-07-23 11:15:00+00:00,30,7,11,,357.60430908203125,0,0,0,0,0,0,0,0,0,0,0,0,0,0,0,0,0,0,0,0,0,0,0,0,0
2008-07-23 11:15:00+00:00,30,7,11,,500.5553894042969,0,0,0,0,0,0,0,0,0,0,0,0,0,0,0,0,0,0,0,0,0,0,0,0,0
2008-07-23 11:15:00+00:00,30,7,11,,209.61773681640625,0,0,0,0,0,0,0,0,0,0,0,0,0,0,0,0,0,0,0,0,0,0,0,0,0
2008-07-23 11:15:00+00:00,30,7,11,332.2013244628906,122.88573455810547,0,0,0,0,0,0,0,0,0,0,0,0,0,0,0,0,1,0,0,0,0,0,0,0,0
2008-07-23 11:15:00+00:00,30,7,11,,,0,0,0,0,0,0,0,0,0,0,0,0,0,0,0,0,0,0,0,0,0,0,0,0,0
2008-07-23 11:15:00+00:00,30,7,11,,260.2668762207031,0,0,0,0,0,0,0,0,0,0,0,0,0,0,0,0,0,0,0,0,0,0,0,0,0
2008-07-23 11:30:00+00:00,30,7,11,94.93472290039062,86.01361846923828,0,0,0,0,0,0,0,0,0,1,1,1,1,1,1,1,1,0,0,0,0,0,0,0,0
2008-07-23 11:30:00+00:00,30,7,11,82.10577392578125,67.48137664794922,0,0,0,0,0,0,0,0,0,1,1,1,1,1,1,1,1,0,0,0,0,0,0,0,0
2008-07-23 11:30:00+00:00,30,7,11,285.2236328125,284.59375,0,0,0,0,0,0,0,0,0,0,0,0,0,0,0,1,1,0,0,0,0,0,0,0,0
2008-07-23 11:30:00+00:00,30,7,11,241.41143798828125,300.6508483886719,0,0,0,0,0,0,0,0,0,0,0,0,0,0,1,1,1,0,0,0,0,0,0,0,0
2008-07-23 11:30:00+00:00,30,7,11,308.3875732421875,262.75640869140625,0,0,0,0,0,0,0,0,0,0,0,0,0,0,0,0,1,0,0,0,0,0,0,0,0
2008-07-23 11:30:00+00:00,30,7,11,,,0,0,0,0,0,0,0,0,0,0,0,0,0,0,0,0,0,0,0,0,0,0,0,0,0
2008-07-23 11:30:00+00:00,30,7,11,,,0,0,0,0,0,0,0,0,0,0,0,0,0,0,0,0,0,0,0,0,0,0,0,0,0
2008-07-23 11:30:00+00:00,30,7,11,,,0,0,0,0,0,0,0,0,0,0,0,0,0,0,0,0,0,0,0,0,0,0,0,0,0
2008-07-23 11:30:00+00:00,30,7,11,,,0,0,0,0,0,0,0,0,0,0,0,0,0,0,0,0,0,0,0,0,0,0,0,0,0
2008-07-23 11:30:00+00:00,30,7,11,200.9481201171875,205.66720581054688,0,0,0,0,0,0,0,0,0,0,0,0,0,0,1,1,1,0,0,0,0,0,0,0,0
2008-07-23 11:30:00+00:00,30,7,11,68.94367218017578,0.0,0,0,0,0,0,0,0,0,1,1,1,1,1,1,1,1,1,1,1,1,1,1,1,1,1
2008-07-23 11:30:00+00:00,30,7,11,,,0,0,0,0,0,0,0,0,0,0,0,0,0,0,0,0,0,0,0,0,0,0,0,0,0
2008-07-23 11:30:00+00:00,30,7,11,,,0,0,0,0,0,0,0,0,0,0,0,0,0,0,0,0,0,0,0,0,0,0,0,0,0
2008-07-23 11:45:00+00:00,30,7,11,279.2052917480469,271.8957214355469,0,0,0,0,0,0,0,0,0,0,0,0,0,0,0,1,1,0,0,0,0,0,0,0,0
2008-07-23 11:45:00+00:00,30,7,11,309.71258544921875,313.9335021972656,0,0,0,0,0,0,0,0,0,0,0,0,0,0,0,0,1,0,0,0,0,0,0,0,0
2008-07-23 11:45:00+00:00,30,7,11,337.8429870605469,302.9143371582031,0,0,0,0,0,0,0,0,0,0,0,0,0,0,0,0,1,0,0,0,0,0,0,0,0
2008-07-23 11:45:00+00:00,30,7,11,,142.9411163330078,0,0,0,0,0,0,0,0,0,0,0,0,0,0,0,0,0,0,0,0,0,0,0,0,0
2008-07-23 11:45:00+00:00,30,7,11,,12.112475395202637,0,0,0,0,0,0,0,0,0,0,0,0,0,0,0,0,0,0,1,1,1,1,1,1,1
2008-07-23 11:45:00+00:00,30,7,11,,,0,0,0,0,0,0,0,0,0,0,0,0,0,0,0,0,0,0,0,0,0,0,0,0,0
2008-07-23 11:45:00+00:00,30,7,11,,,0,0,0,0,0,0,0,0,0,0,0,0,0,0,0,0,0,0,0,0,0,0,0,0,0
2008-07-23 11:45:00+00:00,30,7,11,373.94940185546875,265.4153137207031,0,0,0,0,0,0,0,0,0,0,0,0,0,0,0,0,0,0,0,0,0,0,0,0,0
2008-07-23 11:45:00+00:00,30,7,11,,,0,0,0,0,0,0,0,0,0,0,0,0,0,0,0,0,0,0,0,0,0,0,0,0,0
2008-07-23 11:45:00+00:00,30,7,11,,,0,0,0,0,0,0,0,0,0,0,0,0,0,0,0,0,0,0,0,0,0,0,0,0,0
2008-07-23 11:45:00+00:00,30,7,11,,,0,0,0,0,0,0,0,0,0,0,0,0,0,0,0,0,0,0,0,0,0,0,0,0,0
2008-07-23 11:45:00+00:00,30,7,11,,,0,0,0,0,0,0,0,0,0,0,0,0,0,0,0,0,0,0,0,0,0,0,0,0,0
2008-07-23 11:45:00+00:00,30,7,11,,,0,0,0,0,0,0,0,0,0,0,0,0,0,0,0,0,0,0,0,0,0,0,0,0,0
2008-07-23 11:45:00+00:00,30,7,11,,,0,0,0,0,0,0,0,0,0,0,0,0,0,0,0,0,0,0,0,0,0,0,0,0,0
2008-07-23 11:45:00+00:00,30,7,11,,,0,0,0,0,0,0,0,0,0,0,0,0,0,0,0,0,0,0,0,0,0,0,0,0,0
2008-07-23 12:00:00+00:00,30,7,12,212.15679931640625,227.40708923339844,0,0,0,0,0,0,0,0,0,0,0,0,0,0,1,1,1,0,0,0,0,0,0,0,0
2008-07-23 12:00:00+00:00,30,7,12,,,0,0,0,0,0,0,0,0,0,0,0,0,0,0,0,0,0,0,0,0,0,0,0,0,0
2008-07-23 12:00:00+00:00,30,7,12,,,0,0,0,0,0,0,0,0,0,0,0,0,0,0,0,0,0,0,0,0,0,0,0,0,0
2008-07-23 12:00:00+00:00,30,7,12,122.31570434570312,125.36780548095703,0,0,0,0,0,0,0,0,0,0,0,1,1,1,1,1,1,0,0,0,0,0,0,0,0
2008-07-23 12:00:00+00:00,30,7,12,,,0,0,0,0,0,0,0,0,0,0,0,0,0,0,0,0,0,0,0,0,0,0,0,0,0
2008-07-23 12:00:00+00:00,30,7,12,,,0,0,0,0,0,0,0,0,0,0,0,0,0,0,0,0,0,0,0,0,0,0,0,0,0
2008-07-23 12:00:00+00:00,30,7,12,133.52964782714844,140.84864807128906,0,0,0,0,0,0,0,0,0,0,0,1,1,1,1,1,1,0,0,0,0,0,0,0,0
2008-07-23 12:00:00+00:00,30,7,12,196.19268798828125,208.9561309814453,0,0,0,0,0,0,0,0,0,0,0,0,0,1,1,1,1,0,0,0,0,0,0,0,0
2008-07-23 12:00:00+00:00,30,7,12,261.21820068359375,248.33958435058594,0,0,0,0,0,0,0,0,0,0,0,0,0,0,0,1,1,0,0,0,0,0,0,0,0
2008-07-23 12:00:00+00:00,30,7,12,307.2201232910156,296.6548767089844,0,0,0,0,0,0,0,0,0,0,0,0,0,0,0,0,1,0,0,0,0,0,0,0,0
2008-07-23 12:00:00+00:00,30,7,12,289.67352294921875,276.9224853515625,0,0,0,0,0,0,0,0,0,0,0,0,0,0,0,1,1,0,0,0,0,0,0,0,0
2008-07-23 12:00:00+00:00,30,7,12,252.66189575195312,239.18836975097656,0,0,0,0,0,0,0,0,0,0,0,0,0,0,0,1,1,0,0,0,0,0,0,0,0
2008-07-23 12:00:00+00:00,30,7,12,,,0,0,0,0,0,0,0,0,0,0,0,0,0,0,0,0,0,0,0,0,0,0,0,0,0
2008-07-23 12:00:00+00:00,30,7,12,,,0,0,0,0,0,0,0,0,0,0,0,0,0,0,0,0,0,0,0,0,0,0,0,0,0
2008-07-23 12:15:00+00:00,30,7,12,197.86280822753906,219.3275909423828,0,0,0,0,0,0,0,0,0,0,0,0,0,1,1,1,1,0,0,0,0,0,0,0,0
2008-07-23 12:15:00+00:00,30,7,12,163.39210510253906,183.16139221191406,0,0,0,0,0,0,0,0,0,0,0,0,1,1,1,1,1,0,0,0,0,0,0,0,0
2008-07-23 12:15:00+00:00,30,7,12,271.15277099609375,173.18809509277344,0,0,0,0,0,0,0,0,0,0,0,0,0,0,0,1,1,0,0,0,0,0,0,0,0
2008-07-23 12:15:00+00:00,30,7,12,208.1536865234375,130.69773864746094,0,0,0,0,0,0,0,0,0,0,0,0,0,0,1,1,1,0,0,0,0,0,0,0,0
2008-07-23 12:15:00+00:00,30,7,12,223.63967895507812,122.58544158935547,0,0,0,0,0,0,0,0,0,0,0,0,0,0,1,1,1,0,0,0,0,0,0,0,0
2008-07-23 12:15:00+00:00,30,7,12,,,0,0,0,0,0,0,0,0,0,0,0,0,0,0,0,0,0,0,0,0,0,0,0,0,0
2008-07-23 12:15:00+00:00,30,7,12,187.25479125976562,21.420116424560547,0,0,0,0,0,0,0,0,0,0,0,0,0,1,1,1,1,0,0,0,1,1,1,1,1
2008-07-23 12:15:00+00:00,30,7,12,229.51268005371094,150.31863403320312,0,0,0,0,0,0,0,0,0,0,0,0,0,0,1,1,1,0,0,0,0,0,0,0,0
2008-07-23 12:15:00+00:00,30,7,12,435.31231689453125,523.2189331054688,0,0,0,0,0,0,0,0,0,0,0,0,0,0,0,0,0,0,0,0,0,0,0,0,0
2008-07-23 12:15:00+00:00,30,7,12,,,0,0,0,0,0,0,0,0,0,0,0,0,0,0,0,0,0,0,0,0,0,0,0,0,0
2008-07-23 12:15:00+00:00,30,7,12,240.98809814453125,262.1108703613281,0,0,0,0,0,0,0,0,0,0,0,0,0,0,1,1,1,0,0,0,0,0,0,0,0
2008-07-23 12:15:00+00:00,30,7,12,,,0,0,0,0,0,0,0,0,0,0,0,0,0,0,0,0,0,0,0,0,0,0,0,0,0
2008-07-23 12:15:00+00:00,30,7,12,168.69888305664062,176.5861358642578,0,0,0,0,0,0,0,0,0,0,0,0,1,1,1,1,1,0,0,0,0,0,0,0,0
2008-07-23 12:15:00+00:00,30,7,12,246.18435668945312,241.6326904296875,0,0,0,0,0,0,0,0,0,0,0,0,0,0,1,1,1,0,0,0,0,0,0,0,0
2008-07-23 12:15:00+00:00,30,7,12,290.1014099121094,290.1014099121094,0,0,0,0,0,0,0,0,0,0,0,0,0,0,0,1,1,0,0,0,0,0,0,0,0
2008-07-23 12:15:00+00:00,30,7,12,282.7121887207031,295.0242614746094,0,0,0,0,0,0,0,0,0,0,0,0,0,0,0,1,1,0,0,0,0,0,0,0,0
2008-07-23 12:15:00+00:00,30,7,12,344.350341796875,339.80267333984375,0,0,0,0,0,0,0,0,0,0,0,0,0,0,0,0,1,0,0,0,0,0,0,0,0
2008-07-23 12:15:00+00:00,30,7,12,,91.04988098144531,0,0,0,0,0,0,0,0,0,0,0,0,0,0,0,0,0,0,0,0,0,0,0,0,0
2008-07-23 12:30:00+00:00,30,7,12,282.0992736816406,88.49525451660156,0,0,0,0,0,0,0,0,0,0,0,0,0,0,0,1,1,0,0,0,0,0,0,0,0
2008-07-23 12:30:00+00:00,30,7,12,95.98096466064453,86.70626831054688,0,0,0,0,0,0,0,0,0,1,1,1,1,1,1,1,1,0,0,0,0,0,0,0,0
2008-07-23 12:30:00+00:00,30,7,12,290.9842224121094,288.1595153808594,0,0,0,0,0,0,0,0,0,0,0,0,0,0,0,1,1,0,0,0,0,0,0,0,0
2008-07-23 12:30:00+00:00,30,7,12,,36.17278289794922,0,0,0,0,0,0,0,0,0,0,0,0,0,0,0,0,0,0,0,0,0,0,1,1,1
2008-07-23 12:30:00+00:00,30,7,12,,,0,0,0,0,0,0,0,0,0,0,0,0,0,0,0,0,0,0,0,0,0,0,0,0,0
2008-07-23 12:30:00+00:00,30,7,12,,,0,0,0,0,0,0,0,0,0,0,0,0,0,0,0,0,0,0,0,0,0,0,0,0,0
2008-07-23 12:30:00+00:00,30,7,12,155.8331756591797,201.24417114257812,0,0,0,0,0,0,0,0,0,0,0,0,1,1,1,1,1,0,0,0,0,0,0,0,0
2008-07-23 12:30:00+00:00,30,7,12,106.46920013427734,9.596174240112305,0,0,0,0,0,0,0,0,0,0,1,1,1,1,1,1,1,1,1,1,1,1,1,1,1
2008-07-23 12:30:00+00:00,30,7,12,,,0,0,0,0,0,0,0,0,0,0,0,0,0,0,0,0,0,0,0,0,0,0,0,0,0
2008-07-23 12:30:00+00:00,30,7,12,,154.32212829589844,0,0,0,0,0,0,0,0,0,0,0,0,0,0,0,0,0,0,0,0,0,0,0,0,0
2008-07-23 12:30:00+00:00,30,7,12,346.1734313964844,355.74127197265625,0,0,0,0,0,0,0,0,0,0,0,0,0,0,0,0,1,0,0,0,0,0,0,0,0
2008-07-23 12:45:00+00:00,30,7,12,197.2407989501953,53.400054931640625,0,0,0,0,0,0,0,0,0,0,0,0,0,1,1,1,1,0,0,0,0,0,0,0,1
2008-07-23 12:45:00+00:00,30,7,12,264.1421203613281,263.4506530761719,0,0,0,0,0,0,0,0,0,0,0,0,0,0,0,1,1,0,0,0,0,0,0,0,0
2008-07-23 12:45:00+00:00,30,7,12,,97.02570343017578,0,0,0,0,0,0,0,0,0,0,0,0,0,0,0,0,0,0,0,0,0,0,0,0,0
2008-07-23 12:45:00+00:00,30,7,12,50.325950622558594,83.57176971435547,0,0,0,0,0,0,0,1,1,1,1,1,1,1,1,1,1,0,0,0,0,0,0,0,0
2008-07-23 12:45:00+00:00,30,7,12,271.475830078125,182.76406860351562,0,0,0,0,0,0,0,0,0,0,0,0,0,0,0,1,1,0,0,0,0,0,0,0,0
2008-07-23 12:45:00+00:00,30,7,12,242.59222412109375,148.48281860351562,0,0,0,0,0,0,0,0,0,0,0,0,0,0,1,1,1,0,0,0,0,0,0,0,0
2008-07-23 12:45:00+00:00,30,7,12,360.4032897949219,308.6463928222656,0,0,0,0,0,0,0,0,0,0,0,0,0,0,0,0,0,0,0,0,0,0,0,0,0
2008-07-23 12:45:00+00:00,30,7,12,,,0,0,0,0,0,0,0,0,0,0,0,0,0,0,0,0,0,0,0,0,0,0,0,0,0
2008-07-23 12:45:00+00:00,30,7,12,133.42935180664062,94.45042419433594,0,0,0,0,0,0,0,0,0,0,0,1,1,1,1,1,1,0,0,0,0,0,0,0,0
2008-07-23 12:45:00+00:00,30,7,12,260.30517578125,83.28742218017578,0,0,0,0,0,0,0,0,0,0,0,0,0,0,0,1,1,0,0,0,0,0,0,0,0
2008-07-23 12:45:00+00:00,30,7,12,169.95774841308594,190.8299560546875,0,0,0,0,0,0,0,0,0,0,0,0,1,1,1,1,1,0,0,0,0,0,0,0,0
2008-07-23 12:45:00+00:00,30,7,12,333.790771484375,135.296630859375,0,0,0,0,0,0,0,0,0,0,0,0,0,0,0,0,1,0,0,0,0,0,0,0,0
2008-07-23 13:00:00+00:00,30,7,13,204.30685424804688,113.3853530883789,0,0,0,0,0,0,0,0,0,0,0,0,0,0,1,1,1,0,0,0,0,0,0,0,0
2008-07-23 13:00:00+00:00,30,7,13,132.17703247070312,156.91241455078125,0,0,0,0,0,0,0,0,0,0,0,1,1,1,1,1,1,0,0,0,0,0,0,0,0
2008-07-23 13:00:00+00:00,30,7,13,,,0,0,0,0,0,0,0,0,0,0,0,0,0,0,0,0,0,0,0,0,0,0,0,0,0
2008-07-23 13:00:00+00:00,30,7,13,368.47869873046875,251.5850372314453,0,0,0,0,0,0,0,0,0,0,0,0,0,0,0,0,0,0,0,0,0,0,0,0,0
2008-07-23 13:00:00+00:00,30,7,13,,306.0229187011719,0,0,0,0,0,0,0,0,0,0,0,0,0,0,0,0,0,0,0,0,0,0,0,0,0
2008-07-23 13:00:00+00:00,30,7,13,455.8867492675781,,0,0,0,0,0,0,0,0,0,0,0,0,0,0,0,0,0,0,0,0,0,0,0,0,0
2008-07-23 13:00:00+00:00,30,7,13,246.3106689453125,272.4705810546875,0,0,0,0,0,0,0,0,0,0,0,0,0,0,1,1,1,0,0,0,0,0,0,0,0
2008-07-23 13:00:00+00:00,30,7,13,,333.1851806640625,0,0,0,0,0,0,0,0,0,0,0,0,0,0,0,0,0,0,0,0,0,0,0,0,0
2008-07-23 13:00:00+00:00,30,7,13,150.9461212158203,123.57133483886719,0,0,0,0,0,0,0,0,0,0,0,0,1,1,1,1,1,0,0,0,0,0,0,0,0
2008-07-23 13:00:00+00:00,30,7,13,110.03022766113281,121.3968276977539,0,0,0,0,0,0,0,0,0,0,1,1,1,1,1,1,1,0,0,0,0,0,0,0,0
2008-07-23 13:00:00+00:00,30,7,13,156.74842834472656,133.19583129882812,0,0,0,0,0,0,0,0,0,0,0,0,1,1,1,1,1,0,0,0,0,0,0,0,0
2008-07-23 13:00:00+00:00,30,7,13,95.76426696777344,100.26553344726562,0,0,0,0,0,0,0,0,0,1,1,1,1,1,1,1,1,0,0,0,0,0,0,0,0
2008-07-23 13:00:00+00:00,30,7,13,206.18057250976562,194.2982635498047,0,0,0,0,0,0,0,0,0,0,0,0,0,0,1,1,1,0,0,0,0,0,0,0,0
2008-07-23 13:15:00+00:00,30,7,13,108.60228729248047,34.18901443481445,0,0,0,0,0,0,0,0,0,0,1,1,1,1,1,1,1,0,0,0,0,0,1,1,1
2008-07-23 13:15:00+00:00,30,7,13,72.06173706054688,62.71830368041992,0,0,0,0,0,0,0,0,1,1,1,1,1,1,1,1,1,0,0,0,0,0,0,0,0
2008-07-23 13:15:00+00:00,30,7,13,,,0,0,0,0,0,0,0,0,0,0,0,0,0,0,0,0,0,0,0,0,0,0,0,0,0
2008-07-23 13:15:00+00:00,30,7,13,233.80079650878906,231.80783081054688,0,0,0,0,0,0,0,0,0,0,0,0,0,0,1,1,1,0,0,0,0,0,0,0,0
2008-07-23 13:15:00+00:00,30,7,13,154.84979248046875,181.02198791503906,0,0,0,0,0,0,0,0,0,0,0,0,1,1,1,1,1,0,0,0,0,0,0,0,0
2008-07-23 13:15:00+00:00,30,7,13,145.202392578125,148.97430419921875,0,0,0,0,0,0,0,0,0,0,0,1,1,1,1,1,1,0,0,0,0,0,0,0,0
2008-07-23 13:15:00+00:00,30,7,13,363.9871826171875,327.5802917480469,0,0,0,0,0,0,0,0,0,0,0,0,0,0,0,0,0,0,0,0,0,0,0,0,0
2008-07-23 13:15:00+00:00,30,7,13,177.607177734375,93.02772521972656,0,0,0,0,0,0,0,0,0,0,0,0,1,1,1,1,1,0,0,0,0,0,0,0,0
2008-07-23 13:15:00+00:00,30,7,13,89.9721450805664,111.91844940185547,0,0,0,0,0,0,0,0,0,1,1,1,1,1,1,1,1,0,0,0,0,0,0,0,0
2008-07-23 13:15:00+00:00,30,7,13,122.2304916381836,145.13018798828125,0,0,0,0,0,0,0,0,0,0,0,1,1,1,1,1,1,0,0,0,0,0,0,0,0
2008-07-23 13:15:00+00:00,30,7,13,103.78457641601562,98.2799301147461,0,0,0,0,0,0,0,0,0,0,1,1,1,1,1,1,1,0,0,0,0,0,0,0,0
2008-07-23 13:15:00+00:00,30,7,13,297.3844299316406,280.0030822753906,0,0,0,0,0,0,0,0,0,0,0,0,0,0,0,1,1,0,0,0,0,0,0,0,0
2008-07-23 13:15:00+00:00,30,7,13,99.83210754394531,96.96311950683594,0,0,0,0,0,0,0,0,0,1,1,1,1,1,1,1,1,0,0,0,0,0,0,0,0
2008-07-23 13:30:00+00:00,30,7,13,130.1496124267578,90.70890045166016,0,0,0,0,0,0,0,0,0,0,0,1,1,1,1,1,1,0,0,0,0,0,0,0,0
2008-07-23 13:30:00+00:00,30,7,13,,,0,0,0,0,0,0,0,0,0,0,0,0,0,0,0,0,0,0,0,0,0,0,0,0,0
2008-07-23 13:30:00+00:00,30,7,13,69.6587142944336,96.05046081542969,0,0,0,0,0,0,0,0,1,1,1,1,1,1,1,1,1,0,0,0,0,0,0,0,0
2008-07-23 13:30:00+00:00,30,7,13,88.31464385986328,112.25008392333984,0,0,0,0,0,0,0,0,0,1,1,1,1,1,1,1,1,0,0,0,0,0,0,0,0
2008-07-23 13:30:00+00:00,30,7,13,240.1243896484375,185.71156311035156,0,0,0,0,0,0,0,0,0,0,0,0,0,0,1,1,1,0,0,0,0,0,0,0,0
2008-07-23 13:30:00+00:00,30,7,13,,97.84738159179688,0,0,0,0,0,0,0,0,0,0,0,0,0,0,0,0,0,0,0,0,0,0,0,0,0
2008-07-23 13:30:00+00:00,30,7,13,,108.06590270996094,0,0,0,0,0,0,0,0,0,0,0,0,0,0,0,0,0,0,0,0,0,0,0,0,0
2008-07-23 13:30:00+00:00,30,7,13,112.83404541015625,138.337158203125,0,0,0,0,0,0,0,0,0,0,1,1,1,1,1,1,1,0,0,0,0,0,0,0,0
2008-07-23 13:30:00+00:00,30,7,13,157.47943115234375,19.169235229492188,0,0,0,0,0,0,0,0,0,0,0,0,1,1,1,1,1,0,0,1,1,1,1,1,1
2008-07-23 13:30:00+00:00,30,7,13,234.2423858642578,244.75387573242188,0,0,0,0,0,0,0,0,0,0,0,0,0,0,1,1,1,0,0,0,0,0,0,0,0
2008-07-23 13:30:00+00:00,30,7,13,,,0,0,0,0,0,0,0,0,0,0,0,0,0,0,0,0,0,0,0,0,0,0,0,0,0
2008-07-23 13:30:00+00:00,30,7,13,,,0,0,0,0,0,0,0,0,0,0,0,0,0,0,0,0,0,0,0,0,0,0,0,0,0
2008-07-23 13:30:00+00:00,30,7,13,150.30812072753906,154.27532958984375,0,0,0,0,0,0,0,0,0,0,0,0,1,1,1,1,1,0,0,0,0,0,0,0,0
2008-07-23 13:30:00+00:00,30,7,13,125.59697723388672,140.1922607421875,0,0,0,0,0,0,0,0,0,0,0,1,1,1,1,1,1,0,0,0,0,0,0,0,0
2008-07-23 13:30:00+00:00,30,7,13,,,0,0,0,0,0,0,0,0,0,0,0,0,0,0,0,0,0,0,0,0,0,0,0,0,0
2008-07-23 13:30:00+00:00,30,7,13,,,0,0,0,0,0,0,0,0,0,0,0,0,0,0,0,0,0,0,0,0,0,0,0,0,0
2008-07-23 13:45:00+00:00,30,7,13,305.10821533203125,286.2511291503906,0,0,0,0,0,0,0,0,0,0,0,0,0,0,0,0,1,0,0,0,0,0,0,0,0
2008-07-23 13:45:00+00:00,30,7,13,231.63043212890625,244.735595703125,0,0,0,0,0,0,0,0,0,0,0,0,0,0,1,1,1,0,0,0,0,0,0,0,0
2008-07-23 13:45:00+00:00,30,7,13,291.3850402832031,309.7498779296875,0,0,0,0,0,0,0,0,0,0,0,0,0,0,0,1,1,0,0,0,0,0,0,0,0
2008-07-23 13:45:00+00:00,30,7,13,404.2384948730469,437.3607482910156,0,0,0,0,0,0,0,0,0,0,0,0,0,0,0,0,0,0,0,0,0,0,0,0,0
2008-07-23 13:45:00+00:00,30,7,13,66.42542266845703,30.90474510192871,0,0,0,0,0,0,0,0,1,1,1,1,1,1,1,1,1,0,0,0,0,0,1,1,1
2008-07-23 13:45:00+00:00,30,7,13,154.69517517089844,150.38230895996094,0,0,0,0,0,0,0,0,0,0,0,0,1,1,1,1,1,0,0,0,0,0,0,0,0
2008-07-23 13:45:00+00:00,30,7,13,,8.664609909057617,0,0,0,0,0,0,0,0,0,0,0,0,0,0,0,0,0,1,1,1,1,1,1,1,1
2008-07-23 13:45:00+00:00,30,7,13,181.5555877685547,177.0099334716797,0,0,0,0,0,0,0,0,0,0,0,0,0,1,1,1,1,0,0,0,0,0,0,0,0
2008-07-23 13:45:00+00:00,30,7,13,217.22259521484375,212.73406982421875,0,0,0,0,0,0,0,0,0,0,0,0,0,0,1,1,1,0,0,0,0,0,0,0,0
2008-07-23 13:45:00+00:00,30,7,13,152.2755584716797,138.7938232421875,0,0,0,0,0,0,0,0,0,0,0,0,1,1,1,1,1,0,0,0,0,0,0,0,0
2008-07-23 14:00:00+00:00,30,7,14,85.85893249511719,65.31302642822266,0,0,0,0,0,0,0,0,0,1,1,1,1,1,1,1,1,0,0,0,0,0,0,0,0
2008-07-23 14:00:00+00:00,30,7,14,,279.6651916503906,0,0,0,0,0,0,0,0,0,0,0,0,0,0,0,0,0,0,0,0,0,0,0,0,0
2008-07-23 14:00:00+00:00,30,7,14,160.49447631835938,150.54391479492188,0,0,0,0,0,0,0,0,0,0,0,0,1,1,1,1,1,0,0,0,0,0,0,0,0
2008-07-23 14:00:00+00:00,30,7,14,267.28289794921875,274.8935546875,0,0,0,0,0,0,0,0,0,0,0,0,0,0,0,1,1,0,0,0,0,0,0,0,0
2008-07-23 14:00:00+00:00,30,7,14,339.91778564453125,153.33523559570312,0,0,0,0,0,0,0,0,0,0,0,0,0,0,0,0,1,0,0,0,0,0,0,0,0
2008-07-23 14:00:00+00:00,30,7,14,240.08311462402344,227.19744873046875,0,0,0,0,0,0,0,0,0,0,0,0,0,0,1,1,1,0,0,0,0,0,0,0,0
2008-07-23 14:00:00+00:00,30,7,14,279.0949401855469,211.33460998535156,0,0,0,0,0,0,0,0,0,0,0,0,0,0,0,1,1,0,0,0,0,0,0,0,0
2008-07-23 14:00:00+00:00,30,7,14,175.1414337158203,150.8929443359375,0,0,0,0,0,0,0,0,0,0,0,0,1,1,1,1,1,0,0,0,0,0,0,0,0
2008-07-23 14:00:00+00:00,30,7,14,154.0858154296875,95.44892120361328,0,0,0,0,0,0,0,0,0,0,0,0,1,1,1,1,1,0,0,0,0,0,0,0,0
2008-07-23 14:00:00+00:00,30,7,14,86.06805419921875,55.95606231689453,0,0,0,0,0,0,0,0,0,1,1,1,1,1,1,1,1,0,0,0,0,0,0,0,1
2008-07-23 14:15:00+00:00,30,7,14,74.53266906738281,65.48912811279297,0,0,0,0,0,0,0,0,1,1,1,1,1,1,1,1,1,0,0,0,0,0,0,0,0
2008-07-23 14:15:00+00:00,30,7,14,,275.340576171875,0,0,0,0,0,0,0,0,0,0,0,0,0,0,0,0,0,0,0,0,0,0,0,0,0
2008-07-23 14:15:00+00:00,30,7,14,254.09278869628906,0.0,0,0,0,0,0,0,0,0,0,0,0,0,0,0,0,1,1,1,1,1,1,1,1,1,1
2008-07-23 14:15:00+00:00,30,7,14,,307.547607421875,0,0,0,0,0,0,0,0,0,0,0,0,0,0,0,0,0,0,0,0,0,0,0,0,0
2008-07-23 14:15:00+00:00,30,7,14,360.3413391113281,355.82275390625,0,0,0,0,0,0,0,0,0,0,0,0,0,0,0,0,0,0,0,0,0,0,0,0,0
2008-07-23 14:15:00+00:00,30,7,14,104.48417663574219,0.0,0,0,0,0,0,0,0,0,0,0,1,1,1,1,1,1,1,1,1,1,1,1,1,1,1
2008-07-23 14:15:00+00:00,30,7,14,162.91091918945312,51.60587692260742,0,0,0,0,0,0,0,0,0,0,0,0,1,1,1,1,1,0,0,0,0,0,0,0,1
2008-07-23 14:15:00+00:00,30,7,14,113.16778564453125,151.59278869628906,0,0,0,0,0,0,0,0,0,0,1,1,1,1,1,1,1,0,0,0,0,0,0,0,0
2008-07-23 14:15:00+00:00,30,7,14,78.98350524902344,4.466536521911621,0,0,0,0,0,0,0,0,1,1,1,1,1,1,1,1,1,1,1,1,1,1,1,1,1
2008-07-23 14:15:00+00:00,30,7,14,91.02593231201172,39.56116485595703,0,0,0,0,0,0,0,0,0,1,1,1,1,1,1,1,1,0,0,0,0,0,1,1,1
2008-07-23 14:15:00+00:00,30,7,14,313.0043640136719,315.463623046875,0,0,0,0,0,0,0,0,0,0,0,0,0,0,0,0,1,0,0,0,0,0,0,0,0
2008-07-23 14:15:00+00:00,30,7,14,151.12757873535156,48.92431640625,0,0,0,0,0,0,0,0,0,0,0,0,1,1,1,1,1,0,0,0,0,0,0,1,1
2008-07-23 14:15:00+00:00,30,7,14,,,0,0,0,0,0,0,0,0,0,0,0,0,0,0,0,0,0,0,0,0,0,0,0,0,0
2008-07-23 14:30:00+00:00,30,7,14,356.7140808105469,367.5362243652344,0,0,0,0,0,0,0,0,0,0,0,0,0,0,0,0,0,0,0,0,0,0,0,0,0
2008-07-23 14:30:00+00:00,30,7,14,144.99366760253906,158.61126708984375,0,0,0,0,0,0,0,0,0,0,0,1,1,1,1,1,1,0,0,0,0,0,0,0,0
2008-07-23 14:30:00+00:00,30,7,14,245.29156494140625,242.6929931640625,0,0,0,0,0,0,0,0,0,0,0,0,0,0,1,1,1,0,0,0,0,0,0,0,0
2008-07-23 14:30:00+00:00,30,7,14,358.2626953125,351.0816955566406,0,0,0,0,0,0,0,0,0,0,0,0,0,0,0,0,0,0,0,0,0,0,0,0,0
2008-07-23 14:30:00+00:00,30,7,14,,,0,0,0,0,0,0,0,0,0,0,0,0,0,0,0,0,0,0,0,0,0,0,0,0,0
2008-07-23 14:30:00+00:00,30,7,14,,,0,0,0,0,0,0,0,0,0,0,0,0,0,0,0,0,0,0,0,0,0,0,0,0,0
2008-07-23 14:30:00+00:00,30,7,14,198.0751953125,258.8153991699219,0,0,0,0,0,0,0,0,0,0,0,0,0,1,1,1,1,0,0,0,0,0,0,0,0
2008-07-23 14:30:00+00:00,30,7,14,477.5869140625,295.0694274902344,0,0,0,0,0,0,0,0,0,0,0,0,0,0,0,0,0,0,0,0,0,0,0,0,0
2008-07-23 14:30:00+00:00,30,7,14,,,0,0,0,0,0,0,0,0,0,0,0,0,0,0,0,0,0,0,0,0,0,0,0,0,0
2008-07-23 14:30:00+00:00,30,7,14,368.7587585449219,300.8927001953125,0,0,0,0,0,0,0,0,0,0,0,0,0,0,0,0,0,0,0,0,0,0,0,0,0
2008-07-23 14:30:00+00:00,30,7,14,337.0890808105469,148.73513793945312,0,0,0,0,0,0,0,0,0,0,0,0,0,0,0,0,1,0,0,0,0,0,0,0,0
2008-07-23 14:30:00+00:00,30,7,14,,294.4731750488281,0,0,0,0,0,0,0,0,0,0,0,0,0,0,0,0,0,0,0,0,0,0,0,0,0
2008-07-23 14:45:00+00:00,30,7,14,115.45452880859375,120.55477142333984,0,0,0,0,0,0,0,0,0,0,1,1,1,1,1,1,1,0,0,0,0,0,0,0,0
2008-07-23 14:45:00+00:00,30,7,14,115.43904113769531,71.86872100830078,0,0,0,0,0,0,0,0,0,0,1,1,1,1,1,1,1,0,0,0,0,0,0,0,0
2008-07-23 14:45:00+00:00,30,7,14,153.1316375732422,148.8821258544922,0,0,0,0,0,0,0,0,0,0,0,0,1,1,1,1,1,0,0,0,0,0,0,0,0
2008-07-23 14:45:00+00:00,30,7,14,,,0,0,0,0,0,0,0,0,0,0,0,0,0,0,0,0,0,0,0,0,0,0,0,0,0
2008-07-23 14:45:00+00:00,30,7,14,153.7129364013672,161.2369842529297,0,0,0,0,0,0,0,0,0,0,0,0,1,1,1,1,1,0,0,0,0,0,0,0,0
2008-07-23 14:45:00+00:00,30,7,14,,,0,0,0,0,0,0,0,0,0,0,0,0,0,0,0,0,0,0,0,0,0,0,0,0,0
2008-07-23 14:45:00+00:00,30,7,14,353.7640075683594,,0,0,0,0,0,0,0,0,0,0,0,0,0,0,0,0,0,0,0,0,0,0,0,0,0
2008-07-23 14:45:00+00:00,30,7,14,322.5539855957031,,0,0,0,0,0,0,0,0,0,0,0,0,0,0,0,0,1,0,0,0,0,0,0,0,0
2008-07-23 14:45:00+00:00,30,7,14,,,0,0,0,0,0,0,0,0,0,0,0,0,0,0,0,0,0,0,0,0,0,0,0,0,0
2008-07-23 14:45:00+00:00,30,7,14,242.32073974609375,326.0211486816406,0,0,0,0,0,0,0,0,0,0,0,0,0,0,1,1,1,0,0,0,0,0,0,0,0
2008-07-23 14:45:00+00:00,30,7,14,236.61436462402344,10.911238670349121,0,0,0,0,0,0,0,0,0,0,0,0,0,0,1,1,1,0,1,1,1,1,1,1,1
2008-07-23 14:45:00+00:00,30,7,14,374.86932373046875,365.8826599121094,0,0,0,0,0,0,0,0,0,0,0,0,0,0,0,0,0,0,0,0,0,0,0,0,0
2008-07-23 14:45:00+00:00,30,7,14,345.26629638671875,218.029541015625,0,0,0,0,0,0,0,0,0,0,0,0,0,0,0,0,1,0,0,0,0,0,0,0,0
2008-07-23 14:45:00+00:00,30,7,14,240.49752807617188,169.42352294921875,0,0,0,0,0,0,0,0,0,0,0,0,0,0,1,1,1,0,0,0,0,0,0,0,0
2008-07-23 14:45:00+00:00,30,7,14,105.1340560913086,65.67143249511719,0,0,0,0,0,0,0,0,0,0,1,1,1,1,1,1,1,0,0,0,0,0,0,0,0
2008-07-23 14:45:00+00:00,30,7,14,507.801513671875,561.6553344726562,0,0,0,0,0,0,0,0,0,0,0,0,0,0,0,0,0,0,0,0,0,0,0,0,0
2008-07-23 14:45:00+00:00,30,7,14,239.21273803710938,253.10809326171875,0,0,0,0,0,0,0,0,0,0,0,0,0,0,1,1,1,0,0,0,0,0,0,0,0
2008-07-23 15:00:00+00:00,30,7,15,306.66204833984375,176.01605224609375,0,0,0,0,0,0,0,0,0,0,0,0,0,0,0,0,1,0,0,0,0,0,0,0,0
2008-07-23 15:00:00+00:00,30,7,15,297.5140380859375,6.7235894203186035,0,0,0,0,0,0,0,0,0,0,0,0,0,0,0,1,1,1,1,1,1,1,1,1,1
2008-07-23 15:00:00+00:00,30,7,15,343.8768310546875,307.13580322265625,0,0,0,0,0,0,0,0,0,0,0,0,0,0,0,0,1,0,0,0,0,0,0,0,0
2008-07-23 15:00:00+00:00,30,7,15,334.78912353515625,387.05474853515625,0,0,0,0,0,0,0,0,0,0,0,0,0,0,0,0,1,0,0,0,0,0,0,0,0
2008-07-23 15:00:00+00:00,30,7,15,276.0434875488281,262.8805847167969,0,0,0,0,0,0,0,0,0,0,0,0,0,0,0,1,1,0,0,0,0,0,0,0,0
2008-07-23 15:00:00+00:00,30,7,15,140.4204864501953,114.60832214355469,0,0,0,0,0,0,0,0,0,0,0,1,1,1,1,1,1,0,0,0,0,0,0,0,0
2008-07-23 15:00:00+00:00,30,7,15,,,0,0,0,0,0,0,0,0,0,0,0,0,0,0,0,0,0,0,0,0,0,0,0,0,0
2008-07-23 15:00:00+00:00,30,7,15,338.19488525390625,349.0532531738281,0,0,0,0,0,0,0,0,0,0,0,0,0,0,0,0,1,0,0,0,0,0,0,0,0
2008-07-23 15:00:00+00:00,30,7,15,374.20196533203125,292.8236083984375,0,0,0,0,0,0,0,0,0,0,0,0,0,0,0,0,0,0,0,0,0,0,0,0,0
2008-07-23 15:00:00+00:00,30,7,15,441.7667541503906,489.1762390136719,0,0,0,0,0,0,0,0,0,0,0,0,0,0,0,0,0,0,0,0,0,0,0,0,0
2008-07-23 15:00:00+00:00,30,7,15,235.97732543945312,256.7610168457031,0,0,0,0,0,0,0,0,0,0,0,0,0,0,1,1,1,0,0,0,0,0,0,0,0
2008-07-23 15:00:00+00:00,30,7,15,169.3501434326172,171.5172576904297,0,0,0,0,0,0,0,0,0,0,0,0,1,1,1,1,1,0,0,0,0,0,0,0,0
2008-07-23 15:00:00+00:00,30,7,15,234.47488403320312,266.1575927734375,0,0,0,0,0,0,0,0,0,0,0,0,0,0,1,1,1,0,0,0,0,0,0,0,0
2008-07-23 15:00:00+00:00,30,7,15,193.94085693359375,219.80780029296875,0,0,0,0,0,0,0,0,0,0,0,0,0,1,1,1,1,0,0,0,0,0,0,0,0
2008-07-23 15:15:00+00:00,30,7,15,80.37840270996094,70.44218444824219,0,0,0,0,0,0,0,0,0,1,1,1,1,1,1,1,1,0,0,0,0,0,0,0,0
2008-07-23 15:15:00+00:00,30,7,15,131.98947143554688,60.802486419677734,0,0,0,0,0,0,0,0,0,0,0,1,1,1,1,1,1,0,0,0,0,0,0,0,0
2008-07-23 15:15:00+00:00,30,7,15,188.9862518310547,194.2098388671875,0,0,0,0,0,0,0,0,0,0,0,0,0,1,1,1,1,0,0,0,0,0,0,0,0
2008-07-23 15:15:00+00:00,30,7,15,97.69808959960938,97.8045883178711,0,0,0,0,0,0,0,0,0,1,1,1,1,1,1,1,1,0,0,0,0,0,0,0,0
2008-07-23 15:15:00+00:00,30,7,15,71.34882354736328,124.95397186279297,0,0,0,0,0,0,0,0,1,1,1,1,1,1,1,1,1,0,0,0,0,0,0,0,0
2008-07-23 15:15:00+00:00,30,7,15,276.6629638671875,195.00669860839844,0,0,0,0,0,0,0,0,0,0,0,0,0,0,0,1,1,0,0,0,0,0,0,0,0
2008-07-23 15:15:00+00:00,30,7,15,,,0,0,0,0,0,0,0,0,0,0,0,0,0,0,0,0,0,0,0,0,0,0,0,0,0
2008-07-23 15:15:00+00:00,30,7,15,,,0,0,0,0,0,0,0,0,0,0,0,0,0,0,0,0,0,0,0,0,0,0,0,0,0
2008-07-23 15:15:00+00:00,30,7,15,387.7972717285156,,0,0,0,0,0,0,0,0,0,0,0,0,0,0,0,0,0,0,0,0,0,0,0,0,0
2008-07-23 15:15:00+00:00,30,7,15,,,0,0,0,0,0,0,0,0,0,0,0,0,0,0,0,0,0,0,0,0,0,0,0,0,0
2008-07-23 15:30:00+00:00,30,7,15,114.54539489746094,121.40022277832031,0,0,0,0,0,0,0,0,0,0,1,1,1,1,1,1,1,0,0,0,0,0,0,0,0
2008-07-23 15:30:00+00:00,30,7,15,110.1069564819336,108.7077865600586,0,0,0,0,0,0,0,0,0,0,1,1,1,1,1,1,1,0,0,0,0,0,0,0,0
2008-07-23 15:30:00+00:00,30,7,15,217.59397888183594,229.96435546875,0,0,0,0,0,0,0,0,0,0,0,0,0,0,1,1,1,0,0,0,0,0,0,0,0
2008-07-23 15:30:00+00:00,30,7,15,240.33477783203125,258.37823486328125,0,0,0,0,0,0,0,0,0,0,0,0,0,0,1,1,1,0,0,0,0,0,0,0,0
2008-07-23 15:30:00+00:00,30,7,15,154.89230346679688,3.1890172958374023,0,0,0,0,0,0,0,0,0,0,0,0,1,1,1,1,1,1,1,1,1,1,1,1,1
2008-07-23 15:30:00+00:00,30,7,15,469.1524963378906,323.9143981933594,0,0,0,0,0,0,0,0,0,0,0,0,0,0,0,0,0,0,0,0,0,0,0,0,0
2008-07-23 15:30:00+00:00,30,7,15,77.48045349121094,7.814152717590332,0,0,0,0,0,0,0,0,1,1,1,1,1,1,1,1,1,1,1,1,1,1,1,1,1
2008-07-23 15:30:00+00:00,30,7,15,161.0309295654297,167.0148162841797,0,0,0,0,0,0,0,0,0,0,0,0,1,1,1,1,1,0,0,0,0,0,0,0,0
2008-07-23 15:30:00+00:00,30,7,15,,,0,0,0,0,0,0,0,0,0,0,0,0,0,0,0,0,0,0,0,0,0,0,0,0,0
2008-07-23 15:30:00+00:00,30,7,15,59.89313507080078,53.53557586669922,0,0,0,0,0,0,0,1,1,1,1,1,1,1,1,1,1,0,0,0,0,0,0,0,1
2008-07-23 15:30:00+00:00,30,7,15,280.2119445800781,176.47084045410156,0,0,0,0,0,0,0,0,0,0,0,0,0,0,0,1,1,0,0,0,0,0,0,0,0
2008-07-23 15:30:00+00:00,30,7,15,,,0,0,0,0,0,0,0,0,0,0,0,0,0,0,0,0,0,0,0,0,0,0,0,0,0
2008-07-23 15:45:00+00:00,30,7,15,120.6288833618164,0.0,0,0,0,0,0,0,0,0,0,0,0,1,1,1,1,1,1,1,1,1,1,1,1,1,1
2008-07-23 15:45:00+00:00,30,7,15,377.5026550292969,475.63427734375,0,0,0,0,0,0,0,0,0,0,0,0,0,0,0,0,0,0,0,0,0,0,0,0,0
2008-07-23 15:45:00+00:00,30,7,15,102.21223449707031,300.4471740722656,0,0,0,0,0,0,0,0,0,0,1,1,1,1,1,1,1,0,0,0,0,0,0,0,0
2008-07-23 15:45:00+00:00,30,7,15,81.62809753417969,228.4914093017578,0,0,0,0,0,0,0,0,0,1,1,1,1,1,1,1,1,0,0,0,0,0,0,0,0
2008-07-23 15:45:00+00:00,30,7,15,102.99544525146484,94.8179702758789,0,0,0,0,0,0,0,0,0,0,1,1,1,1,1,1,1,0,0,0,0,0,0,0,0
2008-07-23 15:45:00+00:00,30,7,15,68.75536346435547,134.10894775390625,0,0,0,0,0,0,0,0,1,1,1,1,1,1,1,1,1,0,0,0,0,0,0,0,0
2008-07-23 15:45:00+00:00,30,7,15,,,0,0,0,0,0,0,0,0,0,0,0,0,0,0,0,0,0,0,0,0,0,0,0,0,0
2008-07-23 15:45:00+00:00,30,7,15,134.53018188476562,162.04962158203125,0,0,0,0,0,0,0,0,0,0,0,1,1,1,1,1,1,0,0,0,0,0,0,0,0
2008-07-23 15:45:00+00:00,30,7,15,255.56430053710938,269.25384521484375,0,0,0,0,0,0,0,0,0,0,0,0,0,0,0,1,1,0,0,0,0,0,0,0,0
2008-07-23 15:45:00+00:00,30,7,15,226.15147399902344,243.6608123779297,0,0,0,0,0,0,0,0,0,0,0,0,0,0,1,1,1,0,0,0,0,0,0,0,0
2008-07-23 15:45:00+00:00,30,7,15,358.9661865234375,203.07708740234375,0,0,0,0,0,0,0,0,0,0,0,0,0,0,0,0,0,0,0,0,0,0,0,0,0
2008-07-23 15:45:00+00:00,30,7,15,,197.11448669433594,0,0,0,0,0,0,0,0,0,0,0,0,0,0,0,0,0,0,0,0,0,0,0,0,0
2008-07-23 15:45:00+00:00,30,7,15,,8.972408294677734,0,0,0,0,0,0,0,0,0,0,0,0,0,0,0,0,0,1,1,1,1,1,1,1,1
2008-07-23 15:45:00+00:00,30,7,15,161.35653686523438,155.44561767578125,0,0,0,0,0,0,0,0,0,0,0,0,1,1,1,1,1,0,0,0,0,0,0,0,0
2008-07-23 15:45:00+00:00,30,7,15,280.4331359863281,288.16522216796875,0,0,0,0,0,0,0,0,0,0,0,0,0,0,0,1,1,0,0,0,0,0,0,0,0
2008-07-23 15:45:00+00:00,30,7,15,247.0874786376953,254.6925811767578,0,0,0,0,0,0,0,0,0,0,0,0,0,0,1,1,1,0,0,0,0,0,0,0,0
2008-07-23 15:45:00+00:00,30,7,15,150.0979766845703,154.12265014648438,0,0,0,0,0,0,0,0,0,0,0,0,1,1,1,1,1,0,0,0,0,0,0,0,0
2008-07-23 15:45:00+00:00,30,7,15,72.9627685546875,46.29916000366211,0,0,0,0,0,0,0,0,1,1,1,1,1,1,1,1,1,0,0,0,0,0,0,1,1
2008-07-23 16:00:00+00:00,30,7,16,181.6160125732422,215.30657958984375,0,0,0,0,0,0,0,0,0,0,0,0,0,1,1,1,1,0,0,0,0,0,0,0,0
2008-07-23 16:00:00+00:00,30,7,16,124.00231170654297,79.93374633789062,0,0,0,0,0,0,0,0,0,0,0,1,1,1,1,1,1,0,0,0,0,0,0,0,0
2008-07-23 16:00:00+00:00,30,7,16,333.4127502441406,283.0641784667969,0,0,0,0,0,0,0,0,0,0,0,0,0,0,0,0,1,0,0,0,0,0,0,0,0
2008-07-23 16:00:00+00:00,30,7,16,218.18597412109375,192.0713653564453,0,0,0,0,0,0,0,0,0,0,0,0,0,0,1,1,1,0,0,0,0,0,0,0,0
2008-07-23 16:00:00+00:00,30,7,16,441.7936706542969,99.10910034179688,0,0,0,0,0,0,0,0,0,0,0,0,0,0,0,0,0,0,0,0,0,0,0,0,0
2008-07-23 16:00:00+00:00,30,7,16,101.48429107666016,93.48859405517578,0,0,0,0,0,0,0,0,0,0,1,1,1,1,1,1,1,0,0,0,0,0,0,0,0
2008-07-23 16:00:00+00:00,30,7,16,295.3890075683594,262.8508605957031,0,0,0,0,0,0,0,0,0,0,0,0,0,0,0,1,1,0,0,0,0,0,0,0,0
2008-07-23 16:00:00+00:00,30,7,16,114.70552825927734,67.44585418701172,0,0,0,0,0,0,0,0,0,0,1,1,1,1,1,1,1,0,0,0,0,0,0,0,0
2008-07-23 16:15:00+00:00,30,7,16,242.44329833984375,242.4650115966797,0,0,0,0,0,0,0,0,0,0,0,0,0,0,1,1,1,0,0,0,0,0,0,0,0
2008-07-23 16:15:00+00:00,30,7,16,420.1723327636719,357.6347961425781,0,0,0,0,0,0,0,0,0,0,0,0,0,0,0,0,0,0,0,0,0,0,0,0,0
2008-07-23 16:15:00+00:00,30,7,16,,,0,0,0,0,0,0,0,0,0,0,0,0,0,0,0,0,0,0,0,0,0,0,0,0,0
2008-07-23 16:15:00+00:00,30,7,16,329.2754211425781,350.716796875,0,0,0,0,0,0,0,0,0,0,0,0,0,0,0,0,1,0,0,0,0,0,0,0,0
2008-07-23 16:15:00+00:00,30,7,16,217.3599395751953,91.29676818847656,0,0,0,0,0,0,0,0,0,0,0,0,0,0,1,1,1,0,0,0,0,0,0,0,0
2008-07-23 16:15:00+00:00,30,7,16,341.7417297363281,360.3245544433594,0,0,0,0,0,0,0,0,0,0,0,0,0,0,0,0,1,0,0,0,0,0,0,0,0
2008-07-23 16:15:00+00:00,30,7,16,46.142921447753906,55.0877571105957,0,0,0,0,0,0,1,1,1,1,1,1,1,1,1,1,1,0,0,0,0,0,0,0,1
2008-07-23 16:15:00+00:00,30,7,16,348.9755554199219,325.3776550292969,0,0,0,0,0,0,0,0,0,0,0,0,0,0,0,0,1,0,0,0,0,0,0,0,0
2008-07-23 16:15:00+00:00,30,7,16,,,0,0,0,0,0,0,0,0,0,0,0,0,0,0,0,0,0,0,0,0,0,0,0,0,0
2008-07-23 16:30:00+00:00,30,7,16,,,0,0,0,0,0,0,0,0,0,0,0,0,0,0,0,0,0,0,0,0,0,0,0,0,0
2008-07-23 16:30:00+00:00,30,7,16,153.39224243164062,137.56698608398438,0,0,0,0,0,0,0,0,0,0,0,0,1,1,1,1,1,0,0,0,0,0,0,0,0
2008-07-23 16:30:00+00:00,30,7,16,267.7437744140625,336.8293762207031,0,0,0,0,0,0,0,0,0,0,0,0,0,0,0,1,1,0,0,0,0,0,0,0,0
2008-07-23 16:30:00+00:00,30,7,16,122.46534729003906,120.99581146240234,0,0,0,0,0,0,0,0,0,0,0,1,1,1,1,1,1,0,0,0,0,0,0,0,0
2008-07-23 16:30:00+00:00,30,7,16,,,0,0,0,0,0,0,0,0,0,0,0,0,0,0,0,0,0,0,0,0,0,0,0,0,0
2008-07-23 16:30:00+00:00,30,7,16,,,0,0,0,0,0,0,0,0,0,0,0,0,0,0,0,0,0,0,0,0,0,0,0,0,0
2008-07-23 16:30:00+00:00,30,7,16,82.17475891113281,38.56788635253906,0,0,0,0,0,0,0,0,0,1,1,1,1,1,1,1,1,0,0,0,0,0,1,1,1
2008-07-23 16:30:00+00:00,30,7,16,279.2253112792969,251.86512756347656,0,0,0,0,0,0,0,0,0,0,0,0,0,0,0,1,1,0,0,0,0,0,0,0,0
2008-07-23 16:45:00+00:00,30,7,16,197.4379119873047,188.3349609375,0,0,0,0,0,0,0,0,0,0,0,0,0,1,1,1,1,0,0,0,0,0,0,0,0
2008-07-23 16:45:00+00:00,30,7,16,,,0,0,0,0,0,0,0,0,0,0,0,0,0,0,0,0,0,0,0,0,0,0,0,0,0
2008-07-23 16:45:00+00:00,30,7,16,409.40264892578125,425.34844970703125,0,0,0,0,0,0,0,0,0,0,0,0,0,0,0,0,0,0,0,0,0,0,0,0,0
2008-07-23 16:45:00+00:00,30,7,16,132.42527770996094,108.18266296386719,0,0,0,0,0,0,0,0,0,0,0,1,1,1,1,1,1,0,0,0,0,0,0,0,0
2008-07-23 16:45:00+00:00,30,7,16,,317.40924072265625,0,0,0,0,0,0,0,0,0,0,0,0,0,0,0,0,0,0,0,0,0,0,0,0,0
2008-07-23 16:45:00+00:00,30,7,16,,,0,0,0,0,0,0,0,0,0,0,0,0,0,0,0,0,0,0,0,0,0,0,0,0,0
2008-07-23 16:45:00+00:00,30,7,16,459.38787841796875,481.9919128417969,0,0,0,0,0,0,0,0,0,0,0,0,0,0,0,0,0,0,0,0,0,0,0,0,0
2008-07-23 16:45:00+00:00,30,7,16,,309.62249755859375,0,0,0,0,0,0,0,0,0,0,0,0,0,0,0,0,0,0,0,0,0,0,0,0,0
2008-07-23 17:00:00+00:00,30,7,17,50.47831344604492,47.57880783081055,0,0,0,0,0,0,0,1,1,1,1,1,1,1,1,1,1,0,0,0,0,0,0,1,1
2008-07-23 17:00:00+00:00,30,7,17,82.2044677734375,62.888427734375,0,0,0,0,0,0,0,0,0,1,1,1,1,1,1,1,1,0,0,0,0,0,0,0,0
2008-07-23 17:00:00+00:00,30,7,17,43.605499267578125,24.397945404052734,0,0,0,0,0,0,1,1,1,1,1,1,1,1,1,1,1,0,0,0,1,1,1,1,1
2008-07-23 17:00:00+00:00,30,7,17,199.9748992919922,251.927978515625,0,0,0,0,0,0,0,0,0,0,0,0,0,1,1,1,1,0,0,0,0,0,0,0,0
2008-07-23 17:00:00+00:00,30,7,17,140.83700561523438,77.0151596069336,0,0,0,0,0,0,0,0,0,0,0,1,1,1,1,1,1,0,0,0,0,0,0,0,0
2008-07-23 17:00:00+00:00,30,7,17,109.53729248046875,101.03621673583984,0,0,0,0,0,0,0,0,0,0,1,1,1,1,1,1,1,0,0,0,0,0,0,0,0
2008-07-23 17:00:00+00:00,30,7,17,107.41016387939453,0.0,0,0,0,0,0,0,0,0,0,0,1,1,1,1,1,1,1,1,1,1,1,1,1,1,1
2008-07-23 17:00:00+00:00,30,7,17,,,0,0,0,0,0,0,0,0,0,0,0,0,0,0,0,0,0,0,0,0,0,0,0,0,0
2008-07-23 17:00:00+00:00,30,7,17,,,0,0,0,0,0,0,0,0,0,0,0,0,0,0,0,0,0,0,0,0,0,0,0,0,0
2008-07-23 17:15:00+00:00,30,7,17,110.15541076660156,151.2726593017578,0,0,0,0,0,0,0,0,0,0,1,1,1,1,1,1,1,0,0,0,0,0,0,0,0
2008-07-23 17:15:00+00:00,30,7,17,329.8962097167969,90.8223648071289,0,0,0,0,0,0,0,0,0,0,0,0,0,0,0,0,1,0,0,0,0,0,0,0,0
2008-07-23 17:15:00+00:00,30,7,17,367.88421630859375,150.52670288085938,0,0,0,0,0,0,0,0,0,0,0,0,0,0,0,0,0,0,0,0,0,0,0,0,0
2008-07-23 17:15:00+00:00,30,7,17,82.56893157958984,58.150184631347656,0,0,0,0,0,0,0,0,0,1,1,1,1,1,1,1,1,0,0,0,0,0,0,0,1
2008-07-23 17:15:00+00:00,30,7,17,64.21658325195312,337.8232727050781,0,0,0,0,0,0,0,0,1,1,1,1,1,1,1,1,1,0,0,0,0,0,0,0,0
2008-07-23 17:30:00+00:00,30,7,17,166.3614501953125,180.5903778076172,0,0,0,0,0,0,0,0,0,0,0,0,1,1,1,1,1,0,0,0,0,0,0,0,0
2008-07-23 17:30:00+00:00,30,7,17,177.14596557617188,156.72286987304688,0,0,0,0,0,0,0,0,0,0,0,0,1,1,1,1,1,0,0,0,0,0,0,0,0
2008-07-23 17:30:00+00:00,30,7,17,180.3706512451172,178.27633666992188,0,0,0,0,0,0,0,0,0,0,0,0,0,1,1,1,1,0,0,0,0,0,0,0,0
2008-07-23 17:30:00+00:00,30,7,17,282.49078369140625,271.8914794921875,0,0,0,0,0,0,0,0,0,0,0,0,0,0,0,1,1,0,0,0,0,0,0,0,0
2008-07-23 17:30:00+00:00,30,7,17,69.30948638916016,79.91815185546875,0,0,0,0,0,0,0,0,1,1,1,1,1,1,1,1,1,0,0,0,0,0,0,0,0
2008-07-23 17:30:00+00:00,30,7,17,167.19580078125,156.07864379882812,0,0,0,0,0,0,0,0,0,0,0,0,1,1,1,1,1,0,0,0,0,0,0,0,0
2008-07-23 17:30:00+00:00,30,7,17,128.9442138671875,163.08493041992188,0,0,0,0,0,0,0,0,0,0,0,1,1,1,1,1,1,0,0,0,0,0,0,0,0
2008-07-23 17:30:00+00:00,30,7,17,375.22503662109375,314.3901672363281,0,0,0,0,0,0,0,0,0,0,0,0,0,0,0,0,0,0,0,0,0,0,0,0,0
2008-07-23 17:30:00+00:00,30,7,17,343.7298278808594,295.3443908691406,0,0,0,0,0,0,0,0,0,0,0,0,0,0,0,0,1,0,0,0,0,0,0,0,0
2008-07-23 17:30:00+00:00,30,7,17,141.67184448242188,141.44674682617188,0,0,0,0,0,0,0,0,0,0,0,1,1,1,1,1,1,0,0,0,0,0,0,0,0
2008-07-23 17:30:00+00:00,30,7,17,152.95684814453125,316.38604736328125,0,0,0,0,0,0,0,0,0,0,0,0,1,1,1,1,1,0,0,0,0,0,0,0,0
2008-07-23 17:30:00+00:00,30,7,17,53.23851013183594,45.10022735595703,0,0,0,0,0,0,0,1,1,1,1,1,1,1,1,1,1,0,0,0,0,0,0,1,1
2008-07-23 17:30:00+00:00,30,7,17,348.0453186035156,204.75791931152344,0,0,0,0,0,0,0,0,0,0,0,0,0,0,0,0,1,0,0,0,0,0,0,0,0
2008-07-23 17:30:00+00:00,30,7,17,128.17958068847656,105.15509796142578,0,0,0,0,0,0,0,0,0,0,0,1,1,1,1,1,1,0,0,0,0,0,0,0,0
2008-07-23 17:30:00+00:00,30,7,17,291.8815002441406,205.732666015625,0,0,0,0,0,0,0,0,0,0,0,0,0,0,0,1,1,0,0,0,0,0,0,0,0
2008-07-23 17:45:00+00:00,30,7,17,222.90179443359375,210.2779998779297,0,0,0,0,0,0,0,0,0,0,0,0,0,0,1,1,1,0,0,0,0,0,0,0,0
2008-07-23 17:45:00+00:00,30,7,17,322.150390625,311.11248779296875,0,0,0,0,0,0,0,0,0,0,0,0,0,0,0,0,1,0,0,0,0,0,0,0,0
2008-07-23 17:45:00+00:00,30,7,17,340.2647705078125,318.36822509765625,0,0,0,0,0,0,0,0,0,0,0,0,0,0,0,0,1,0,0,0,0,0,0,0,0
2008-07-23 17:45:00+00:00,30,7,17,95.56275177001953,115.18327331542969,0,0,0,0,0,0,0,0,0,1,1,1,1,1,1,1,1,0,0,0,0,0,0,0,0
2008-07-23 17:45:00+00:00,30,7,17,,,0,0,0,0,0,0,0,0,0,0,0,0,0,0,0,0,0,0,0,0,0,0,0,0,0
2008-07-23 17:45:00+00:00,30,7,17,89.46503448486328,253.27871704101562,0,0,0,0,0,0,0,0,0,1,1,1,1,1,1,1,1,0,0,0,0,0,0,0,0
2008-07-23 17:45:00+00:00,30,7,17,,,0,0,0,0,0,0,0,0,0,0,0,0,0,0,0,0,0,0,0,0,0,0,0,0,0
2008-07-24 10:00:00+00:00,30,7,10,,,0,0,0,0,0,0,0,0,0,0,0,0,0,0,0,0,0,0,0,0,0,0,0,0,0
2008-07-24 10:00:00+00:00,30,7,10,,,0,0,0,0,0,0,0,0,0,0,0,0,0,0,0,0,0,0,0,0,0,0,0,0,0
2008-07-24 10:00:00+00:00,30,7,10,,,0,0,0,0,0,0,0,0,0,0,0,0,0,0,0,0,0,0,0,0,0,0,0,0,0
2008-07-24 10:00:00+00:00,30,7,10,,,0,0,0,0,0,0,0,0,0,0,0,0,0,0,0,0,0,0,0,0,0,0,0,0,0
2008-07-24 10:00:00+00:00,30,7,10,,104.4223861694336,0,0,0,0,0,0,0,0,0,0,0,0,0,0,0,0,0,0,0,0,0,0,0,0,0
2008-07-24 10:00:00+00:00,30,7,10,,,0,0,0,0,0,0,0,0,0,0,0,0,0,0,0,0,0,0,0,0,0,0,0,0,0
2008-07-24 10:15:00+00:00,30,7,10,,172.412353515625,0,0,0,0,0,0,0,0,0,0,0,0,0,0,0,0,0,0,0,0,0,0,0,0,0
2008-07-24 10:15:00+00:00,30,7,10,,,0,0,0,0,0,0,0,0,0,0,0,0,0,0,0,0,0,0,0,0,0,0,0,0,0
2008-07-24 10:15:00+00:00,30,7,10,,199.0542449951172,0,0,0,0,0,0,0,0,0,0,0,0,0,0,0,0,0,0,0,0,0,0,0,0,0
2008-07-24 10:15:00+00:00,30,7,10,,,0,0,0,0,0,0,0,0,0,0,0,0,0,0,0,0,0,0,0,0,0,0,0,0,0
2008-07-24 10:15:00+00:00,30,7,10,,298.36199951171875,0,0,0,0,0,0,0,0,0,0,0,0,0,0,0,0,0,0,0,0,0,0,0,0,0
2008-07-24 10:15:00+00:00,30,7,10,,325.3395690917969,0,0,0,0,0,0,0,0,0,0,0,0,0,0,0,0,0,0,0,0,0,0,0,0,0
2008-07-24 10:30:00+00:00,30,7,10,,,0,0,0,0,0,0,0,0,0,0,0,0,0,0,0,0,0,0,0,0,0,0,0,0,0
2008-07-24 10:30:00+00:00,30,7,10,,,0,0,0,0,0,0,0,0,0,0,0,0,0,0,0,0,0,0,0,0,0,0,0,0,0
2008-07-24 10:30:00+00:00,30,7,10,,,0,0,0,0,0,0,0,0,0,0,0,0,0,0,0,0,0,0,0,0,0,0,0,0,0
2008-07-24 10:30:00+00:00,30,7,10,84.81904602050781,50.29759979248047,0,0,0,0,0,0,0,0,0,1,1,1,1,1,1,1,1,0,0,0,0,0,0,0,1
2008-07-24 10:30:00+00:00,30,7,10,321.8355712890625,315.0398254394531,0,0,0,0,0,0,0,0,0,0,0,0,0,0,0,0,1,0,0,0,0,0,0,0,0
2008-07-24 10:30:00+00:00,30,7,10,333.5556945800781,,0,0,0,0,0,0,0,0,0,0,0,0,0,0,0,0,1,0,0,0,0,0,0,0,0
2008-07-24 10:30:00+00:00,30,7,10,355.9838562011719,55.87173080444336,0,0,0,0,0,0,0,0,0,0,0,0,0,0,0,0,0,0,0,0,0,0,0,0,1
2008-07-24 10:30:00+00:00,30,7,10,400.09014892578125,138.43971252441406,0,0,0,0,0,0,0,0,0,0,0,0,0,0,0,0,0,0,0,0,0,0,0,0,0
2008-07-24 10:45:00+00:00,30,7,10,,,0,0,0,0,0,0,0,0,0,0,0,0,0,0,0,0,0,0,0,0,0,0,0,0,0
2008-07-24 10:45:00+00:00,30,7,10,,,0,0,0,0,0,0,0,0,0,0,0,0,0,0,0,0,0,0,0,0,0,0,0,0,0
2008-07-24 10:45:00+00:00,30,7,10,497.96478271484375,393.9621276855469,0,0,0,0,0,0,0,0,0,0,0,0,0,0,0,0,0,0,0,0,0,0,0,0,0
2008-07-24 10:45:00+00:00,30,7,10,,,0,0,0,0,0,0,0,0,0,0,0,0,0,0,0,0,0,0,0,0,0,0,0,0,0
2008-07-24 10:45:00+00:00,30,7,10,298.25372314453125,264.46435546875,0,0,0,0,0,0,0,0,0,0,0,0,0,0,0,1,1,0,0,0,0,0,0,0,0
2008-07-24 10:45:00+00:00,30,7,10,168.96044921875,38.6248664855957,0,0,0,0,0,0,0,0,0,0,0,0,1,1,1,1,1,0,0,0,0,0,1,1,1
2008-07-24 10:45:00+00:00,30,7,10,236.67593383789062,193.38905334472656,0,0,0,0,0,0,0,0,0,0,0,0,0,0,1,1,1,0,0,0,0,0,0,0,0
2008-07-24 10:45:00+00:00,30,7,10,145.4485321044922,157.10154724121094,0,0,0,0,0,0,0,0,0,0,0,1,1,1,1,1,1,0,0,0,0,0,0,0,0
2008-07-24 10:45:00+00:00,30,7,10,,313.9836120605469,0,0,0,0,0,0,0,0,0,0,0,0,0,0,0,0,0,0,0,0,0,0,0,0,0
2008-07-24 10:45:00+00:00,30,7,10,,369.48541259765625,0,0,0,0,0,0,0,0,0,0,0,0,0,0,0,0,0,0,0,0,0,0,0,0,0
2008-07-24 11:00:00+00:00,30,7,11,,,0,0,0,0,0,0,0,0,0,0,0,0,0,0,0,0,0,0,0,0,0,0,0,0,0
2008-07-24 11:00:00+00:00,30,7,11,,,0,0,0,0,0,0,0,0,0,0,0,0,0,0,0,0,0,0,0,0,0,0,0,0,0
2008-07-24 11:00:00+00:00,30,7,11,,,0,0,0,0,0,0,0,0,0,0,0,0,0,0,0,0,0,0,0,0,0,0,0,0,0
2008-07-24 11:00:00+00:00,30,7,11,,,0,0,0,0,0,0,0,0,0,0,0,0,0,0,0,0,0,0,0,0,0,0,0,0,0
2008-07-24 11:00:00+00:00,30,7,11,52.07270431518555,77.64997863769531,0,0,0,0,0,0,0,1,1,1,1,1,1,1,1,1,1,0,0,0,0,0,0,0,0
2008-07-24 11:00:00+00:00,30,7,11,,508.8542785644531,0,0,0,0,0,0,0,0,0,0,0,0,0,0,0,0,0,0,0,0,0,0,0,0,0
2008-07-24 11:00:00+00:00,30,7,11,313.7290954589844,149.0618133544922,0,0,0,0,0,0,0,0,0,0,0,0,0,0,0,0,1,0,0,0,0,0,0,0,0
2008-07-24 11:00:00+00:00,30,7,11,375.5943298339844,319.13983154296875,0,0,0,0,0,0,0,0,0,0,0,0,0,0,0,0,0,0,0,0,0,0,0,0,0
2008-07-24 11:00:00+00:00,30,7,11,105.91751861572266,111.8982925415039,0,0,0,0,0,0,0,0,0,0,1,1,1,1,1,1,1,0,0,0,0,0,0,0,0
2008-07-24 11:15:00+00:00,30,7,11,,,0,0,0,0,0,0,0,0,0,0,0,0,0,0,0,0,0,0,0,0,0,0,0,0,0
2008-07-24 11:15:00+00:00,30,7,11,,,0,0,0,0,0,0,0,0,0,0,0,0,0,0,0,0,0,0,0,0,0,0,0,0,0
2008-07-24 11:15:00+00:00,30,7,11,,,0,0,0,0,0,0,0,0,0,0,0,0,0,0,0,0,0,0,0,0,0,0,0,0,0
2008-07-24 11:15:00+00:00,30,7,11,,,0,0,0,0,0,0,0,0,0,0,0,0,0,0,0,0,0,0,0,0,0,0,0,0,0
2008-07-24 11:15:00+00:00,30,7,11,,,0,0,0,0,0,0,0,0,0,0,0,0,0,0,0,0,0,0,0,0,0,0,0,0,0
2008-07-24 11:15:00+00:00,30,7,11,157.3465118408203,149.2133026123047,0,0,0,0,0,0,0,0,0,0,0,0,1,1,1,1,1,0,0,0,0,0,0,0,0
2008-07-24 11:15:00+00:00,30,7,11,153.76815795898438,71.48677062988281,0,0,0,0,0,0,0,0,0,0,0,0,1,1,1,1,1,0,0,0,0,0,0,0,0
2008-07-24 11:15:00+00:00,30,7,11,369.8419494628906,311.79095458984375,0,0,0,0,0,0,0,0,0,0,0,0,0,0,0,0,0,0,0,0,0,0,0,0,0
2008-07-24 11:15:00+00:00,30,7,11,,,0,0,0,0,0,0,0,0,0,0,0,0,0,0,0,0,0,0,0,0,0,0,0,0,0
2008-07-24 11:15:00+00:00,30,7,11,,,0,0,0,0,0,0,0,0,0,0,0,0,0,0,0,0,0,0,0,0,0,0,0,0,0
2008-07-24 11:15:00+00:00,30,7,11,,,0,0,0,0,0,0,0,0,0,0,0,0,0,0,0,0,0,0,0,0,0,0,0,0,0
2008-07-24 11:15:00+00:00,30,7,11,118.33287048339844,118.26996612548828,0,0,0,0,0,0,0,0,0,0,1,1,1,1,1,1,1,0,0,0,0,0,0,0,0
2008-07-24 11:15:00+00:00,30,7,11,310.4793701171875,190.34266662597656,0,0,0,0,0,0,0,0,0,0,0,0,0,0,0,0,1,0,0,0,0,0,0,0,0
2008-07-24 11:15:00+00:00,30,7,11,88.96308135986328,59.85410690307617,0,0,0,0,0,0,0,0,0,1,1,1,1,1,1,1,1,0,0,0,0,0,0,0,1
2008-07-24 11:15:00+00:00,30,7,11,89.43362426757812,83.0137710571289,0,0,0,0,0,0,0,0,0,1,1,1,1,1,1,1,1,0,0,0,0,0,0,0,0
2008-07-24 11:15:00+00:00,30,7,11,123.48904418945312,68.48197174072266,0,0,0,0,0,0,0,0,0,0,0,1,1,1,1,1,1,0,0,0,0,0,0,0,0
2008-07-24 11:15:00+00:00,30,7,11,,556.9982299804688,0,0,0,0,0,0,0,0,0,0,0,0,0,0,0,0,0,0,0,0,0,0,0,0,0
2008-07-24 11:30:00+00:00,30,7,11,,,0,0,0,0,0,0,0,0,0,0,0,0,0,0,0,0,0,0,0,0,0,0,0,0,0
2008-07-24 11:30:00+00:00,30,7,11,,,0,0,0,0,0,0,0,0,0,0,0,0,0,0,0,0,0,0,0,0,0,0,0,0,0
2008-07-24 11:30:00+00:00,30,7,11,193.7130126953125,81.30962371826172,0,0,0,0,0,0,0,0,0,0,0,0,0,1,1,1,1,0,0,0,0,0,0,0,0
2008-07-24 11:30:00+00:00,30,7,11,193.06497192382812,95.49016571044922,0,0,0,0,0,0,0,0,0,0,0,0,0,1,1,1,1,0,0,0,0,0,0,0,0
2008-07-24 11:30:00+00:00,30,7,11,42.18412399291992,56.792320251464844,0,0,0,0,0,0,1,1,1,1,1,1,1,1,1,1,1,0,0,0,0,0,0,0,1
2008-07-24 11:30:00+00:00,30,7,11,,,0,0,0,0,0,0,0,0,0,0,0,0,0,0,0,0,0,0,0,0,0,0,0,0,0
2008-07-24 11:45:00+00:00,30,7,11,,,0,0,0,0,0,0,0,0,0,0,0,0,0,0,0,0,0,0,0,0,0,0,0,0,0
2008-07-24 11:45:00+00:00,30,7,11,,,0,0,0,0,0,0,0,0,0,0,0,0,0,0,0,0,0,0,0,0,0,0,0,0,0
2008-07-24 11:45:00+00:00,30,7,11,522.74267578125,512.75830078125,0,0,0,0,0,0,0,0,0,0,0,0,0,0,0,0,0,0,0,0,0,0,0,0,0
2008-07-24 11:45:00+00:00,30,7,11,556.1278076171875,,0,0,0,0,0,0,0,0,0,0,0,0,0,0,0,0,0,0,0,0,0,0,0,0,0
2008-07-24 11:45:00+00:00,30,7,11,263.3969421386719,207.5577850341797,0,0,0,0,0,0,0,0,0,0,0,0,0,0,0,1,1,0,0,0,0,0,0,0,0
2008-07-24 11:45:00+00:00,30,7,11,249.38414001464844,207.58297729492188,0,0,0,0,0,0,0,0,0,0,0,0,0,0,1,1,1,0,0,0,0,0,0,0,0
2008-07-24 11:45:00+00:00,30,7,11,58.63613510131836,51.05215072631836,0,0,0,0,0,0,0,1,1,1,1,1,1,1,1,1,1,0,0,0,0,0,0,0,1
2008-07-24 11:45:00+00:00,30,7,11,123.10968780517578,96.63803100585938,0,0,0,0,0,0,0,0,0,0,0,1,1,1,1,1,1,0,0,0,0,0,0,0,0
2008-07-24 11:45:00+00:00,30,7,11,,166.29324340820312,0,0,0,0,0,0,0,0,0,0,0,0,0,0,0,0,0,0,0,0,0,0,0,0,0
2008-07-24 11:45:00+00:00,30,7,11,292.96240234375,79.90888977050781,0,0,0,0,0,0,0,0,0,0,0,0,0,0,0,1,1,0,0,0,0,0,0,0,0
2008-07-24 11:45:00+00:00,30,7,11,,,0,0,0,0,0,0,0,0,0,0,0,0,0,0,0,0,0,0,0,0,0,0,0,0,0
2008-07-24 11:45:00+00:00,30,7,11,,,0,0,0,0,0,0,0,0,0,0,0,0,0,0,0,0,0,0,0,0,0,0,0,0,0
2008-07-24 11:45:00+00:00,30,7,11,106.67211151123047,92.63008117675781,0,0,0,0,0,0,0,0,0,0,1,1,1,1,1,1,1,0,0,0,0,0,0,0,0
2008-07-24 11:45:00+00:00,30,7,11,107.22206115722656,109.47225189208984,0,0,0,0,0,0,0,0,0,0,1,1,1,1,1,1,1,0,0,0,0,0,0,0,0
2008-07-24 11:45:00+00:00,30,7,11,157.80389404296875,148.5587921142578,0,0,0,0,0,0,0,0,0,0,0,0,1,1,1,1,1,0,0,0,0,0,0,0,0
2008-07-24 11:45:00+00:00,30,7,11,223.9018096923828,7.193336009979248,0,0,0,0,0,0,0,0,0,0,0,0,0,0,1,1,1,1,1,1,1,1,1,1,1
2008-07-24 12:00:00+00:00,30,7,12,,,0,0,0,0,0,0,0,0,0,0,0,0,0,0,0,0,0,0,0,0,0,0,0,0,0
2008-07-24 12:00:00+00:00,30,7,12,,,0,0,0,0,0,0,0,0,0,0,0,0,0,0,0,0,0,0,0,0,0,0,0,0,0
2008-07-24 12:00:00+00:00,30,7,12,457.99432373046875,374.78436279296875,0,0,0,0,0,0,0,0,0,0,0,0,0,0,0,0,0,0,0,0,0,0,0,0,0
2008-07-24 12:00:00+00:00,30,7,12,214.36207580566406,150.17738342285156,0,0,0,0,0,0,0,0,0,0,0,0,0,0,1,1,1,0,0,0,0,0,0,0,0
2008-07-24 12:00:00+00:00,30,7,12,,137.8822784423828,0,0,0,0,0,0,0,0,0,0,0,0,0,0,0,0,0,0,0,0,0,0,0,0,0
2008-07-24 12:00:00+00:00,30,7,12,,,0,0,0,0,0,0,0,0,0,0,0,0,0,0,0,0,0,0,0,0,0,0,0,0,0
2008-07-24 12:00:00+00:00,30,7,12,,,0,0,0,0,0,0,0,0,0,0,0,0,0,0,0,0,0,0,0,0,0,0,0,0,0
2008-07-24 12:00:00+00:00,30,7,12,,363.3354187011719,0,0,0,0,0,0,0,0,0,0,0,0,0,0,0,0,0,0,0,0,0,0,0,0,0
2008-07-24 12:00:00+00:00,30,7,12,,42.10150909423828,0,0,0,0,0,0,0,0,0,0,0,0,0,0,0,0,0,0,0,0,0,0,0,1,1
2008-07-24 12:00:00+00:00,30,7,12,,,0,0,0,0,0,0,0,0,0,0,0,0,0,0,0,0,0,0,0,0,0,0,0,0,0
2008-07-24 12:00:00+00:00,30,7,12,10.204041481018066,0.0,0,1,1,1,1,1,1,1,1,1,1,1,1,1,1,1,1,1,1,1,1,1,1,1,1
2008-07-24 12:00:00+00:00,30,7,12,,,0,0,0,0,0,0,0,0,0,0,0,0,0,0,0,0,0,0,0,0,0,0,0,0,0
2008-07-24 12:15:00+00:00,30,7,12,,273.883056640625,0,0,0,0,0,0,0,0,0,0,0,0,0,0,0,0,0,0,0,0,0,0,0,0,0
2008-07-24 12:15:00+00:00,30,7,12,,259.08233642578125,0,0,0,0,0,0,0,0,0,0,0,0,0,0,0,0,0,0,0,0,0,0,0,0,0
2008-07-24 12:15:00+00:00,30,7,12,,0.0,0,0,0,0,0,0,0,0,0,0,0,0,0,0,0,0,0,1,1,1,1,1,1,1,1
2008-07-24 12:15:00+00:00,30,7,12,,150.7980499267578,0,0,0,0,0,0,0,0,0,0,0,0,0,0,0,0,0,0,0,0,0,0,0,0,0
2008-07-24 12:15:00+00:00,30,7,12,,,0,0,0,0,0,0,0,0,0,0,0,0,0,0,0,0,0,0,0,0,0,0,0,0,0
2008-07-24 12:15:00+00:00,30,7,12,,,0,0,0,0,0,0,0,0,0,0,0,0,0,0,0,0,0,0,0,0,0,0,0,0,0
2008-07-24 12:15:00+00:00,30,7,12,486.0428161621094,,0,0,0,0,0,0,0,0,0,0,0,0,0,0,0,0,0,0,0,0,0,0,0,0,0
2008-07-24 12:15:00+00:00,30,7,12,309.95941162109375,359.90435791015625,0,0,0,0,0,0,0,0,0,0,0,0,0,0,0,0,1,0,0,0,0,0,0,0,0
2008-07-24 12:15:00+00:00,30,7,12,115.32147979736328,108.69173431396484,0,0,0,0,0,0,0,0,0,0,1,1,1,1,1,1,1,0,0,0,0,0,0,0,0
2008-07-24 12:15:00+00:00,30,7,12,101.79335021972656,149.12045288085938,0,0,0,0,0,0,0,0,0,0,1,1,1,1,1,1,1,0,0,0,0,0,0,0,0
2008-07-24 12:15:00+00:00,30,7,12,320.583740234375,10.112052917480469,0,0,0,0,0,0,0,0,0,0,0,0,0,0,0,0,1,0,1,1,1,1,1,1,1
2008-07-24 12:15:00+00:00,30,7,12,294.3307800292969,10.974202156066895,0,0,0,0,0,0,0,0,0,0,0,0,0,0,0,1,1,0,1,1,1,1,1,1,1
2008-07-24 12:15:00+00:00,30,7,12,,,0,0,0,0,0,0,0,0,0,0,0,0,0,0,0,0,0,0,0,0,0,0,0,0,0
2008-07-24 12:15:00+00:00,30,7,12,131.5156707763672,144.8517608642578,0,0,0,0,0,0,0,0,0,0,0,1,1,1,1,1,1,0,0,0,0,0,0,0,0
2008-07-24 12:15:00+00:00,30,7,12,131.41497802734375,143.84030151367188,0,0,0,0,0,0,0,0,0,0,0,1,1,1,1,1,1,0,0,0,0,0,0,0,0
2008-07-24 12:15:00+00:00,30,7,12,263.033447265625,227.35995483398438,0,0,0,0,0,0,0,0,0,0,0,0,0,0,0,1,1,0,0,0,0,0,0,0,0
2008-07-24 12:15:00+00:00,30,7,12,234.85653686523438,200.6773681640625,0,0,0,0,0,0,0,0,0,0,0,0,0,0,1,1,1,0,0,0,0,0,0,0,0
2008-07-24 12:30:00+00:00,30,7,12,,,0,0,0,0,0,0,0,0,0,0,0,0,0,0,0,0,0,0,0,0,0,0,0,0,0
2008-07-24 12:30:00+00:00,30,7,12,,,0,0,0,0,0,0,0,0,0,0,0,0,0,0,0,0,0,0,0,0,0,0,0,0,0
2008-07-24 12:30:00+00:00,30,7,12,,,0,0,0,0,0,0,0,0,0,0,0,0,0,0,0,0,0,0,0,0,0,0,0,0,0
2008-07-24 12:30:00+00:00,30,7,12,,,0,0,0,0,0,0,0,0,0,0,0,0,0,0,0,0,0,0,0,0,0,0,0,0,0
2008-07-24 12:30:00+00:00,30,7,12,,212.3240966796875,0,0,0,0,0,0,0,0,0,0,0,0,0,0,0,0,0,0,0,0,0,0,0,0,0
2008-07-24 12:30:00+00:00,30,7,12,,318.6944885253906,0,0,0,0,0,0,0,0,0,0,0,0,0,0,0,0,0,0,0,0,0,0,0,0,0
2008-07-24 12:30:00+00:00,30,7,12,,262.1939697265625,0,0,0,0,0,0,0,0,0,0,0,0,0,0,0,0,0,0,0,0,0,0,0,0,0
2008-07-24 12:30:00+00:00,30,7,12,,278.8384704589844,0,0,0,0,0,0,0,0,0,0,0,0,0,0,0,0,0,0,0,0,0,0,0,0,0
2008-07-24 12:30:00+00:00,30,7,12,,276.5237121582031,0,0,0,0,0,0,0,0,0,0,0,0,0,0,0,0,0,0,0,0,0,0,0,0,0
2008-07-24 12:30:00+00:00,30,7,12,,247.49090576171875,0,0,0,0,0,0,0,0,0,0,0,0,0,0,0,0,0,0,0,0,0,0,0,0,0
2008-07-24 12:30:00+00:00,30,7,12,,224.93667602539062,0,0,0,0,0,0,0,0,0,0,0,0,0,0,0,0,0,0,0,0,0,0,0,0,0
2008-07-24 12:30:00+00:00,30,7,12,326.314453125,259.9784240722656,0,0,0,0,0,0,0,0,0,0,0,0,0,0,0,0,1,0,0,0,0,0,0,0,0
2008-07-24 12:30:00+00:00,30,7,12,339.4510803222656,243.0004425048828,0,0,0,0,0,0,0,0,0,0,0,0,0,0,0,0,1,0,0,0,0,0,0,0,0
2008-07-24 12:30:00+00:00,30,7,12,83.72441864013672,99.99112701416016,0,0,0,0,0,0,0,0,0,1,1,1,1,1,1,1,1,0,0,0,0,0,0,0,0
2008-07-24 12:30:00+00:00,30,7,12,44.08665466308594,28.1591739654541,0,0,0,0,0,0,1,1,1,1,1,1,1,1,1,1,1,0,0,0,0,1,1,1,1
2008-07-24 12:30:00+00:00,30,7,12,175.34303283691406,173.7506103515625,0,0,0,0,0,0,0,0,0,0,0,0,1,1,1,1,1,0,0,0,0,0,0,0,0
2008-07-24 12:30:00+00:00,30,7,12,,,0,0,0,0,0,0,0,0,0,0,0,0,0,0,0,0,0,0,0,0,0,0,0,0,0
2008-07-24 12:30:00+00:00,30,7,12,152.29100036621094,148.496826171875,0,0,0,0,0,0,0,0,0,0,0,0,1,1,1,1,1,0,0,0,0,0,0,0,0
2008-07-24 12:30:00+00:00,30,7,12,,,0,0,0,0,0,0,0,0,0,0,0,0,0,0,0,0,0,0,0,0,0,0,0,0,0
2008-07-24 12:30:00+00:00,30,7,12,,,0,0,0,0,0,0,0,0,0,0,0,0,0,0,0,0,0,0,0,0,0,0,0,0,0
2008-07-24 12:30:00+00:00,30,7,12,,,0,0,0,0,0,0,0,0,0,0,0,0,0,0,0,0,0,0,0,0,0,0,0,0,0
2008-07-24 12:30:00+00:00,30,7,12,,,0,0,0,0,0,0,0,0,0,0,0,0,0,0,0,0,0,0,0,0,0,0,0,0,0
2008-07-24 12:30:00+00:00,30,7,12,505.1663513183594,49.525054931640625,0,0,0,0,0,0,0,0,0,0,0,0,0,0,0,0,0,0,0,0,0,0,0,1,1
2008-07-24 12:30:00+00:00,30,7,12,272.4654846191406,241.19879150390625,0,0,0,0,0,0,0,0,0,0,0,0,0,0,0,1,1,0,0,0,0,0,0,0,0
2008-07-24 12:30:00+00:00,30,7,12,177.55711364746094,146.28594970703125,0,0,0,0,0,0,0,0,0,0,0,0,1,1,1,1,1,0,0,0,0,0,0,0,0
2008-07-24 12:30:00+00:00,30,7,12,,,0,0,0,0,0,0,0,0,0,0,0,0,0,0,0,0,0,0,0,0,0,0,0,0,0
2008-07-24 12:45:00+00:00,30,7,12,115.6029052734375,105.97663116455078,0,0,0,0,0,0,0,0,0,0,1,1,1,1,1,1,1,0,0,0,0,0,0,0,0
2008-07-24 12:45:00+00:00,30,7,12,,246.0996551513672,0,0,0,0,0,0,0,0,0,0,0,0,0,0,0,0,0,0,0,0,0,0,0,0,0
2008-07-24 12:45:00+00:00,30,7,12,,259.36334228515625,0,0,0,0,0,0,0,0,0,0,0,0,0,0,0,0,0,0,0,0,0,0,0,0,0
2008-07-24 12:45:00+00:00,30,7,12,,,0,0,0,0,0,0,0,0,0,0,0,0,0,0,0,0,0,0,0,0,0,0,0,0,0
2008-07-24 12:45:00+00:00,30,7,12,119.64446258544922,160.90003967285156,0,0,0,0,0,0,0,0,0,0,1,1,1,1,1,1,1,0,0,0,0,0,0,0,0
2008-07-24 12:45:00+00:00,30,7,12,318.4151611328125,305.527587890625,0,0,0,0,0,0,0,0,0,0,0,0,0,0,0,0,1,0,0,0,0,0,0,0,0
2008-07-24 12:45:00+00:00,30,7,12,138.04275512695312,137.1691131591797,0,0,0,0,0,0,0,0,0,0,0,1,1,1,1,1,1,0,0,0,0,0,0,0,0
2008-07-24 12:45:00+00:00,30,7,12,,59.47048568725586,0,0,0,0,0,0,0,0,0,0,0,0,0,0,0,0,0,0,0,0,0,0,0,0,1
2008-07-24 12:45:00+00:00,30,7,12,432.49169921875,,0,0,0,0,0,0,0,0,0,0,0,0,0,0,0,0,0,0,0,0,0,0,0,0,0
2008-07-24 12:45:00+00:00,30,7,12,48.24583435058594,0.0,0,0,0,0,0,0,1,1,1,1,1,1,1,1,1,1,1,1,1,1,1,1,1,1,1
2008-07-24 12:45:00+00:00,30,7,12,158.92861938476562,8.639034271240234,0,0,0,0,0,0,0,0,0,0,0,0,1,1,1,1,1,1,1,1,1,1,1,1,1
2008-07-24 12:45:00+00:00,30,7,12,117.3759994506836,110.65269470214844,0,0,0,0,0,0,0,0,0,0,1,1,1,1,1,1,1,0,0,0,0,0,0,0,0
2008-07-24 12:45:00+00:00,30,7,12,224.2254180908203,43.96858215332031,0,0,0,0,0,0,0,0,0,0,0,0,0,0,1,1,1,0,0,0,0,0,0,1,1
2008-07-24 12:45:00+00:00,30,7,12,232.1112060546875,28.77924919128418,0,0,0,0,0,0,0,0,0,0,0,0,0,0,1,1,1,0,0,0,0,1,1,1,1
2008-07-24 12:45:00+00:00,30,7,12,228.52786254882812,79.9398193359375,0,0,0,0,0,0,0,0,0,0,0,0,0,0,1,1,1,0,0,0,0,0,0,0,0
2008-07-24 12:45:00+00:00,30,7,12,272.1082763671875,30.22283363342285,0,0,0,0,0,0,0,0,0,0,0,0,0,0,0,1,1,0,0,0,0,0,1,1,1
2008-07-24 12:45:00+00:00,30,7,12,,8.66848087310791,0,0,0,0,0,0,0,0,0,0,0,0,0,0,0,0,0,1,1,1,1,1,1,1,1
2008-07-24 13:00:00+00:00,30,7,13,80.43366241455078,92.5870132446289,0,0,0,0,0,0,0,0,0,1,1,1,1,1,1,1,1,0,0,0,0,0,0,0,0
2008-07-24 13:00:00+00:00,30,7,13,394.3829345703125,393.6562805175781,0,0,0,0,0,0,0,0,0,0,0,0,0,0,0,0,0,0,0,0,0,0,0,0,0
2008-07-24 13:00:00+00:00,30,7,13,,,0,0,0,0,0,0,0,0,0,0,0,0,0,0,0,0,0,0,0,0,0,0,0,0,0
2008-07-24 13:00:00+00:00,30,7,13,,,0,0,0,0,0,0,0,0,0,0,0,0,0,0,0,0,0,0,0,0,0,0,0,0,0
2008-07-24 13:00:00+00:00,30,7,13,226.66244506835938,206.27713012695312,0,0,0,0,0,0,0,0,0,0,0,0,0,0,1,1,1,0,0,0,0,0,0,0,0
2008-07-24 13:00:00+00:00,30,7,13,,,0,0,0,0,0,0,0,0,0,0,0,0,0,0,0,0,0,0,0,0,0,0,0,0,0
2008-07-24 13:00:00+00:00,30,7,13,322.5535888671875,310.4104919433594,0,0,0,0,0,0,0,0,0,0,0,0,0,0,0,0,1,0,0,0,0,0,0,0,0
2008-07-24 13:00:00+00:00,30,7,13,,,0,0,0,0,0,0,0,0,0,0,0,0,0,0,0,0,0,0,0,0,0,0,0,0,0
2008-07-24 13:00:00+00:00,30,7,13,,81.41226196289062,0,0,0,0,0,0,0,0,0,0,0,0,0,0,0,0,0,0,0,0,0,0,0,0,0
2008-07-24 13:00:00+00:00,30,7,13,167.06517028808594,164.50254821777344,0,0,0,0,0,0,0,0,0,0,0,0,1,1,1,1,1,0,0,0,0,0,0,0,0
2008-07-24 13:00:00+00:00,30,7,13,111.06104278564453,109.87393951416016,0,0,0,0,0,0,0,0,0,0,1,1,1,1,1,1,1,0,0,0,0,0,0,0,0
2008-07-24 13:00:00+00:00,30,7,13,97.13429260253906,105.67640686035156,0,0,0,0,0,0,0,0,0,1,1,1,1,1,1,1,1,0,0,0,0,0,0,0,0
2008-07-24 13:00:00+00:00,30,7,13,,6.947568416595459,0,0,0,0,0,0,0,0,0,0,0,0,0,0,0,0,0,1,1,1,1,1,1,1,1
2008-07-24 13:00:00+00:00,30,7,13,161.75933837890625,153.636474609375,0,0,0,0,0,0,0,0,0,0,0,0,1,1,1,1,1,0,0,0,0,0,0,0,0
2008-07-24 13:00:00+00:00,30,7,13,284.4808654785156,243.69212341308594,0,0,0,0,0,0,0,0,0,0,0,0,0,0,0,1,1,0,0,0,0,0,0,0,0
2008-07-24 13:00:00+00:00,30,7,13,256.76861572265625,158.65884399414062,0,0,0,0,0,0,0,0,0,0,0,0,0,0,0,1,1,0,0,0,0,0,0,0,0
2008-07-24 13:00:00+00:00,30,7,13,342.6308898925781,125.86791229248047,0,0,0,0,0,0,0,0,0,0,0,0,0,0,0,0,1,0,0,0,0,0,0,0,0
2008-07-24 13:00:00+00:00,30,7,13,385.06103515625,192.0569610595703,0,0,0,0,0,0,0,0,0,0,0,0,0,0,0,0,0,0,0,0,0,0,0,0,0
2008-07-24 13:00:00+00:00,30,7,13,378.11346435546875,166.1171417236328,0,0,0,0,0,0,0,0,0,0,0,0,0,0,0,0,0,0,0,0,0,0,0,0,0
2008-07-24 13:00:00+00:00,30,7,13,,298.099365234375,0,0,0,0,0,0,0,0,0,0,0,0,0,0,0,0,0,0,0,0,0,0,0,0,0
2008-07-24 13:00:00+00:00,30,7,13,,42.665042877197266,0,0,0,0,0,0,0,0,0,0,0,0,0,0,0,0,0,0,0,0,0,0,0,1,1
2008-07-24 13:00:00+00:00,30,7,13,,320.3189392089844,0,0,0,0,0,0,0,0,0,0,0,0,0,0,0,0,0,0,0,0,0,0,0,0,0
2008-07-24 13:15:00+00:00,30,7,13,,320.7103576660156,0,0,0,0,0,0,0,0,0,0,0,0,0,0,0,0,0,0,0,0,0,0,0,0,0
2008-07-24 13:15:00+00:00,30,7,13,316.2896728515625,229.1336212158203,0,0,0,0,0,0,0,0,0,0,0,0,0,0,0,0,1,0,0,0,0,0,0,0,0
2008-07-24 13:15:00+00:00,30,7,13,272.69091796875,0.0,0,0,0,0,0,0,0,0,0,0,0,0,0,0,0,1,1,1,1,1,1,1,1,1,1
2008-07-24 13:15:00+00:00,30,7,13,161.6686553955078,272.8459777832031,0,0,0,0,0,0,0,0,0,0,0,0,1,1,1,1,1,0,0,0,0,0,0,0,0
2008-07-24 13:15:00+00:00,30,7,13,200.65199279785156,311.91070556640625,0,0,0,0,0,0,0,0,0,0,0,0,0,0,1,1,1,0,0,0,0,0,0,0,0
2008-07-24 13:15:00+00:00,30,7,13,,,0,0,0,0,0,0,0,0,0,0,0,0,0,0,0,0,0,0,0,0,0,0,0,0,0
2008-07-24 13:15:00+00:00,30,7,13,435.5909729003906,417.8001708984375,0,0,0,0,0,0,0,0,0,0,0,0,0,0,0,0,0,0,0,0,0,0,0,0,0
2008-07-24 13:15:00+00:00,30,7,13,417.6611633300781,428.0190734863281,0,0,0,0,0,0,0,0,0,0,0,0,0,0,0,0,0,0,0,0,0,0,0,0,0
2008-07-24 13:15:00+00:00,30,7,13,,,0,0,0,0,0,0,0,0,0,0,0,0,0,0,0,0,0,0,0,0,0,0,0,0,0
2008-07-24 13:15:00+00:00,30,7,13,148.0447235107422,141.06712341308594,0,0,0,0,0,0,0,0,0,0,0,1,1,1,1,1,1,0,0,0,0,0,0,0,0
2008-07-24 13:15:00+00:00,30,7,13,259.3680725097656,268.0138244628906,0,0,0,0,0,0,0,0,0,0,0,0,0,0,0,1,1,0,0,0,0,0,0,0,0
2008-07-24 13:15:00+00:00,30,7,13,198.2061767578125,11.546186447143555,0,0,0,0,0,0,0,0,0,0,0,0,0,1,1,1,1,0,1,1,1,1,1,1,1
2008-07-24 13:15:00+00:00,30,7,13,67.55207824707031,84.31903076171875,0,0,0,0,0,0,0,0,1,1,1,1,1,1,1,1,1,0,0,0,0,0,0,0,0
2008-07-24 13:30:00+00:00,30,7,13,,405.1932067871094,0,0,0,0,0,0,0,0,0,0,0,0,0,0,0,0,0,0,0,0,0,0,0,0,0
2008-07-24 13:30:00+00:00,30,7,13,,,0,0,0,0,0,0,0,0,0,0,0,0,0,0,0,0,0,0,0,0,0,0,0,0,0
2008-07-24 13:30:00+00:00,30,7,13,242.9113311767578,256.73187255859375,0,0,0,0,0,0,0,0,0,0,0,0,0,0,1,1,1,0,0,0,0,0,0,0,0
2008-07-24 13:30:00+00:00,30,7,13,97.67859649658203,188.21707153320312,0,0,0,0,0,0,0,0,0,1,1,1,1,1,1,1,1,0,0,0,0,0,0,0,0
2008-07-24 13:30:00+00:00,30,7,13,,373.88629150390625,0,0,0,0,0,0,0,0,0,0,0,0,0,0,0,0,0,0,0,0,0,0,0,0,0
2008-07-24 13:30:00+00:00,30,7,13,260.42987060546875,245.47402954101562,0,0,0,0,0,0,0,0,0,0,0,0,0,0,0,1,1,0,0,0,0,0,0,0,0
2008-07-24 13:30:00+00:00,30,7,13,267.6246643066406,284.05462646484375,0,0,0,0,0,0,0,0,0,0,0,0,0,0,0,1,1,0,0,0,0,0,0,0,0
2008-07-24 13:30:00+00:00,30,7,13,372.0664978027344,380.9391174316406,0,0,0,0,0,0,0,0,0,0,0,0,0,0,0,0,0,0,0,0,0,0,0,0,0
2008-07-24 13:30:00+00:00,30,7,13,250.72723388671875,165.3004913330078,0,0,0,0,0,0,0,0,0,0,0,0,0,0,0,1,1,0,0,0,0,0,0,0,0
2008-07-24 13:30:00+00:00,30,7,13,221.97230529785156,255.40872192382812,0,0,0,0,0,0,0,0,0,0,0,0,0,0,1,1,1,0,0,0,0,0,0,0,0
2008-07-24 13:30:00+00:00,30,7,13,169.75254821777344,92.3404312133789,0,0,0,0,0,0,0,0,0,0,0,0,1,1,1,1,1,0,0,0,0,0,0,0,0
2008-07-24 13:30:00+00:00,30,7,13,40.254783630371094,26.036426544189453,0,0,0,0,0,0,1,1,1,1,1,1,1,1,1,1,1,0,0,0,0,1,1,1,1
2008-07-24 13:30:00+00:00,30,7,13,63.60001754760742,65.60118865966797,0,0,0,0,0,0,0,0,1,1,1,1,1,1,1,1,1,0,0,0,0,0,0,0,0
2008-07-24 13:30:00+00:00,30,7,13,244.5689239501953,71.8792495727539,0,0,0,0,0,0,0,0,0,0,0,0,0,0,1,1,1,0,0,0,0,0,0,0,0
2008-07-24 13:30:00+00:00,30,7,13,177.3704833984375,182.7273406982422,0,0,0,0,0,0,0,0,0,0,0,0,1,1,1,1,1,0,0,0,0,0,0,0,0
2008-07-24 13:30:00+00:00,30,7,13,121.84027099609375,104.61363220214844,0,0,0,0,0,0,0,0,0,0,0,1,1,1,1,1,1,0,0,0,0,0,0,0,0
2008-07-24 13:30:00+00:00,30,7,13,243.13063049316406,155.599853515625,0,0,0,0,0,0,0,0,0,0,0,0,0,0,1,1,1,0,0,0,0,0,0,0,0
2008-07-24 13:30:00+00:00,30,7,13,290.1155700683594,165.69659423828125,0,0,0,0,0,0,0,0,0,0,0,0,0,0,0,1,1,0,0,0,0,0,0,0,0
2008-07-24 13:45:00+00:00,30,7,13,300.1661071777344,236.5658721923828,0,0,0,0,0,0,0,0,0,0,0,0,0,0,0,0,1,0,0,0,0,0,0,0,0
2008-07-24 13:45:00+00:00,30,7,13,122.54084777832031,118.11123657226562,0,0,0,0,0,0,0,0,0,0,0,1,1,1,1,1,1,0,0,0,0,0,0,0,0
2008-07-24 13:45:00+00:00,30,7,13,,,0,0,0,0,0,0,0,0,0,0,0,0,0,0,0,0,0,0,0,0,0,0,0,0,0
2008-07-24 13:45:00+00:00,30,7,13,,,0,0,0,0,0,0,0,0,0,0,0,0,0,0,0,0,0,0,0,0,0,0,0,0,0
2008-07-24 13:45:00+00:00,30,7,13,434.541748046875,402.70855712890625,0,0,0,0,0,0,0,0,0,0,0,0,0,0,0,0,0,0,0,0,0,0,0,0,0
2008-07-24 13:45:00+00:00,30,7,13,,326.4870300292969,0,0,0,0,0,0,0,0,0,0,0,0,0,0,0,0,0,0,0,0,0,0,0,0,0
2008-07-24 13:45:00+00:00,30,7,13,384.4194030761719,378.5389404296875,0,0,0,0,0,0,0,0,0,0,0,0,0,0,0,0,0,0,0,0,0,0,0,0,0
2008-07-24 13:45:00+00:00,30,7,13,,145.89895629882812,0,0,0,0,0,0,0,0,0,0,0,0,0,0,0,0,0,0,0,0,0,0,0,0,0
2008-07-24 13:45:00+00:00,30,7,13,53.72182083129883,134.0077667236328,0,0,0,0,0,0,0,1,1,1,1,1,1,1,1,1,1,0,0,0,0,0,0,0,0
2008-07-24 13:45:00+00:00,30,7,13,200.6404571533203,43.9522590637207,0,0,0,0,0,0,0,0,0,0,0,0,0,0,1,1,1,0,0,0,0,0,0,1,1
2008-07-24 13:45:00+00:00,30,7,13,191.8821258544922,196.17919921875,0,0,0,0,0,0,0,0,0,0,0,0,0,1,1,1,1,0,0,0,0,0,0,0,0
2008-07-24 13:45:00+00:00,30,7,13,67.638916015625,11.393593788146973,0,0,0,0,0,0,0,0,1,1,1,1,1,1,1,1,1,0,1,1,1,1,1,1,1
2008-07-24 13:45:00+00:00,30,7,13,146.5784149169922,96.98490142822266,0,0,0,0,0,0,0,0,0,0,0,1,1,1,1,1,1,0,0,0,0,0,0,0,0
2008-07-24 13:45:00+00:00,30,7,13,168.62171936035156,0.0,0,0,0,0,0,0,0,0,0,0,0,0,1,1,1,1,1,1,1,1,1,1,1,1,1
2008-07-24 13:45:00+00:00,30,7,13,196.03468322753906,53.76282501220703,0,0,0,0,0,0,0,0,0,0,0,0,0,1,1,1,1,0,0,0,0,0,0,0,1
2008-07-24 13:45:00+00:00,30,7,13,70.22770690917969,43.32168197631836,0,0,0,0,0,0,0,0,1,1,1,1,1,1,1,1,1,0,0,0,0,0,0,1,1
2008-07-24 13:45:00+00:00,30,7,13,162.47947692871094,116.41458892822266,0,0,0,0,0,0,0,0,0,0,0,0,1,1,1,1,1,0,0,0,0,0,0,0,0
2008-07-24 13:45:00+00:00,30,7,13,132.4652099609375,122.47872161865234,0,0,0,0,0,0,0,0,0,0,0,1,1,1,1,1,1,0,0,0,0,0,0,0,0
2008-07-24 13:45:00+00:00,30,7,13,93.59026336669922,110.12329864501953,0,0,0,0,0,0,0,0,0,1,1,1,1,1,1,1,1,0,0,0,0,0,0,0,0
2008-07-24 13:45:00+00:00,30,7,13,56.306541442871094,23.039995193481445,0,0,0,0,0,0,0,1,1,1,1,1,1,1,1,1,1,0,0,0,1,1,1,1,1
2008-07-24 14:00:00+00:00,30,7,14,,,0,0,0,0,0,0,0,0,0,0,0,0,0,0,0,0,0,0,0,0,0,0,0,0,0
2008-07-24 14:00:00+00:00,30,7,14,460.4427490234375,253.52105712890625,0,0,0,0,0,0,0,0,0,0,0,0,0,0,0,0,0,0,0,0,0,0,0,0,0
2008-07-24 14:00:00+00:00,30,7,14,516.5491943359375,348.0220642089844,0,0,0,0,0,0,0,0,0,0,0,0,0,0,0,0,0,0,0,0,0,0,0,0,0
2008-07-24 14:00:00+00:00,30,7,14,291.2201232910156,310.25677490234375,0,0,0,0,0,0,0,0,0,0,0,0,0,0,0,1,1,0,0,0,0,0,0,0,0
2008-07-24 14:00:00+00:00,30,7,14,,,0,0,0,0,0,0,0,0,0,0,0,0,0,0,0,0,0,0,0,0,0,0,0,0,0
2008-07-24 14:00:00+00:00,30,7,14,,,0,0,0,0,0,0,0,0,0,0,0,0,0,0,0,0,0,0,0,0,0,0,0,0,0
2008-07-24 14:00:00+00:00,30,7,14,,,0,0,0,0,0,0,0,0,0,0,0,0,0,0,0,0,0,0,0,0,0,0,0,0,0
2008-07-24 14:00:00+00:00,30,7,14,250.6213836669922,235.48109436035156,0,0,0,0,0,0,0,0,0,0,0,0,0,0,0,1,1,0,0,0,0,0,0,0,0
2008-07-24 14:00:00+00:00,30,7,14,496.3622131347656,521.973876953125,0,0,0,0,0,0,0,0,0,0,0,0,0,0,0,0,0,0,0,0,0,0,0,0,0
2008-07-24 14:00:00+00:00,30,7,14,392.2892761230469,413.9015197753906,0,0,0,0,0,0,0,0,0,0,0,0,0,0,0,0,0,0,0,0,0,0,0,0,0
2008-07-24 14:00:00+00:00,30,7,14,254.59109497070312,247.43504333496094,0,0,0,0,0,0,0,0,0,0,0,0,0,0,0,1,1,0,0,0,0,0,0,0,0
2008-07-24 14:00:00+00:00,30,7,14,47.27922439575195,34.807376861572266,0,0,0,0,0,0,1,1,1,1,1,1,1,1,1,1,1,0,0,0,0,0,1,1,1
2008-07-24 14:00:00+00:00,30,7,14,90.74352264404297,69.44303131103516,0,0,0,0,0,0,0,0,0,1,1,1,1,1,1,1,1,0,0,0,0,0,0,0,0
2008-07-24 14:00:00+00:00,30,7,14,279.7200012207031,269.8798522949219,0,0,0,0,0,0,0,0,0,0,0,0,0,0,0,1,1,0,0,0,0,0,0,0,0
2008-07-24 14:00:00+00:00,30,7,14,,,0,0,0,0,0,0,0,0,0,0,0,0,0,0,0,0,0,0,0,0,0,0,0,0,0
2008-07-24 14:00:00+00:00,30,7,14,61.6529541015625,0.0,0,0,0,0,0,0,0,0,1,1,1,1,1,1,1,1,1,1,1,1,1,1,1,1,1
2008-07-24 14:00:00+00:00,30,7,14,112.08294677734375,6.886178016662598,0,0,0,0,0,0,0,0,0,0,1,1,1,1,1,1,1,1,1,1,1,1,1,1,1
2008-07-24 14:00:00+00:00,30,7,14,97.14993286132812,4.3090620040893555,0,0,0,0,0,0,0,0,0,1,1,1,1,1,1,1,1,1,1,1,1,1,1,1,1
2008-07-24 14:00:00+00:00,30,7,14,241.27072143554688,55.502872467041016,0,0,0,0,0,0,0,0,0,0,0,0,0,0,1,1,1,0,0,0,0,0,0,0,1
2008-07-24 14:00:00+00:00,30,7,14,44.2069206237793,38.66871643066406,0,0,0,0,0,0,1,1,1,1,1,1,1,1,1,1,1,0,0,0,0,0,1,1,1
2008-07-24 14:00:00+00:00,30,7,14,76.62598419189453,71.52897644042969,0,0,0,0,0,0,0,0,1,1,1,1,1,1,1,1,1,0,0,0,0,0,0,0,0
2008-07-24 14:00:00+00:00,30,7,14,210.0327606201172,202.72479248046875,0,0,0,0,0,0,0,0,0,0,0,0,0,0,1,1,1,0,0,0,0,0,0,0,0
2008-07-24 14:00:00+00:00,30,7,14,168.70297241210938,187.28414916992188,0,0,0,0,0,0,0,0,0,0,0,0,1,1,1,1,1,0,0,0,0,0,0,0,0
2008-07-24 14:00:00+00:00,30,7,14,,,0,0,0,0,0,0,0,0,0,0,0,0,0,0,0,0,0,0,0,0,0,0,0,0,0
2008-07-24 14:00:00+00:00,30,7,14,,,0,0,0,0,0,0,0,0,0,0,0,0,0,0,0,0,0,0,0,0,0,0,0,0,0
2008-07-24 14:15:00+00:00,30,7,14,317.8143615722656,308.2801208496094,0,0,0,0,0,0,0,0,0,0,0,0,0,0,0,0,1,0,0,0,0,0,0,0,0
2008-07-24 14:15:00+00:00,30,7,14,130.3312530517578,121.01931762695312,0,0,0,0,0,0,0,0,0,0,0,1,1,1,1,1,1,0,0,0,0,0,0,0,0
2008-07-24 14:15:00+00:00,30,7,14,349.3272399902344,,0,0,0,0,0,0,0,0,0,0,0,0,0,0,0,0,1,0,0,0,0,0,0,0,0
2008-07-24 14:15:00+00:00,30,7,14,44.599143981933594,152.1389617919922,0,0,0,0,0,0,1,1,1,1,1,1,1,1,1,1,1,0,0,0,0,0,0,0,0
2008-07-24 14:15:00+00:00,30,7,14,64.63673400878906,92.6431884765625,0,0,0,0,0,0,0,0,1,1,1,1,1,1,1,1,1,0,0,0,0,0,0,0,0
2008-07-24 14:15:00+00:00,30,7,14,,,0,0,0,0,0,0,0,0,0,0,0,0,0,0,0,0,0,0,0,0,0,0,0,0,0
2008-07-24 14:15:00+00:00,30,7,14,,,0,0,0,0,0,0,0,0,0,0,0,0,0,0,0,0,0,0,0,0,0,0,0,0,0
2008-07-24 14:15:00+00:00,30,7,14,502.3296813964844,545.5291748046875,0,0,0,0,0,0,0,0,0,0,0,0,0,0,0,0,0,0,0,0,0,0,0,0,0
2008-07-24 14:15:00+00:00,30,7,14,127.46082305908203,136.8206787109375,0,0,0,0,0,0,0,0,0,0,0,1,1,1,1,1,1,0,0,0,0,0,0,0,0
2008-07-24 14:15:00+00:00,30,7,14,89.1055679321289,117.63799285888672,0,0,0,0,0,0,0,0,0,1,1,1,1,1,1,1,1,0,0,0,0,0,0,0,0
2008-07-24 14:15:00+00:00,30,7,14,38.34401321411133,48.177852630615234,0,0,0,0,0,1,1,1,1,1,1,1,1,1,1,1,1,0,0,0,0,0,0,1,1
2008-07-24 14:15:00+00:00,30,7,14,75.33402252197266,4.590136528015137,0,0,0,0,0,0,0,0,1,1,1,1,1,1,1,1,1,1,1,1,1,1,1,1,1
2008-07-24 14:15:00+00:00,30,7,14,116.07755279541016,97.0079345703125,0,0,0,0,0,0,0,0,0,0,1,1,1,1,1,1,1,0,0,0,0,0,0,0,0
2008-07-24 14:15:00+00:00,30,7,14,97.6898422241211,94.22981262207031,0,0,0,0,0,0,0,0,0,1,1,1,1,1,1,1,1,0,0,0,0,0,0,0,0
2008-07-24 14:15:00+00:00,30,7,14,92.41667938232422,46.30733108520508,0,0,0,0,0,0,0,0,0,1,1,1,1,1,1,1,1,0,0,0,0,0,0,1,1
2008-07-24 14:15:00+00:00,30,7,14,,,0,0,0,0,0,0,0,0,0,0,0,0,0,0,0,0,0,0,0,0,0,0,0,0,0
2008-07-24 14:30:00+00:00,30,7,14,245.2128448486328,355.4856262207031,0,0,0,0,0,0,0,0,0,0,0,0,0,0,1,1,1,0,0,0,0,0,0,0,0
2008-07-24 14:30:00+00:00,30,7,14,97.98041534423828,,0,0,0,0,0,0,0,0,0,1,1,1,1,1,1,1,1,0,0,0,0,0,0,0,0
2008-07-24 14:30:00+00:00,30,7,14,391.2463684082031,467.4634094238281,0,0,0,0,0,0,0,0,0,0,0,0,0,0,0,0,0,0,0,0,0,0,0,0,0
2008-07-24 14:30:00+00:00,30,7,14,171.6377716064453,152.3900146484375,0,0,0,0,0,0,0,0,0,0,0,0,1,1,1,1,1,0,0,0,0,0,0,0,0
2008-07-24 14:30:00+00:00,30,7,14,106.56472778320312,87.10144805908203,0,0,0,0,0,0,0,0,0,0,1,1,1,1,1,1,1,0,0,0,0,0,0,0,0
2008-07-24 14:30:00+00:00,30,7,14,155.11541748046875,122.8726577758789,0,0,0,0,0,0,0,0,0,0,0,0,1,1,1,1,1,0,0,0,0,0,0,0,0
2008-07-24 14:30:00+00:00,30,7,14,375.1402893066406,134.7909393310547,0,0,0,0,0,0,0,0,0,0,0,0,0,0,0,0,0,0,0,0,0,0,0,0,0
2008-07-24 14:30:00+00:00,30,7,14,,,0,0,0,0,0,0,0,0,0,0,0,0,0,0,0,0,0,0,0,0,0,0,0,0,0
2008-07-24 14:30:00+00:00,30,7,14,,,0,0,0,0,0,0,0,0,0,0,0,0,0,0,0,0,0,0,0,0,0,0,0,0,0
2008-07-24 14:30:00+00:00,30,7,14,403.4120178222656,402.0415954589844,0,0,0,0,0,0,0,0,0,0,0,0,0,0,0,0,0,0,0,0,0,0,0,0,0
2008-07-24 14:30:00+00:00,30,7,14,,,0,0,0,0,0,0,0,0,0,0,0,0,0,0,0,0,0,0,0,0,0,0,0,0,0
2008-07-24 14:30:00+00:00,30,7,14,237.01385498046875,617.9452514648438,0,0,0,0,0,0,0,0,0,0,0,0,0,0,1,1,1,0,0,0,0,0,0,0,0
2008-07-24 14:30:00+00:00,30,7,14,115.6445541381836,90.25975799560547,0,0,0,0,0,0,0,0,0,0,1,1,1,1,1,1,1,0,0,0,0,0,0,0,0
2008-07-24 14:30:00+00:00,30,7,14,94.18002319335938,83.5815200805664,0,0,0,0,0,0,0,0,0,1,1,1,1,1,1,1,1,0,0,0,0,0,0,0,0
2008-07-24 14:30:00+00:00,30,7,14,206.73876953125,226.32876586914062,0,0,0,0,0,0,0,0,0,0,0,0,0,0,1,1,1,0,0,0,0,0,0,0,0
2008-07-24 14:30:00+00:00,30,7,14,66.98811340332031,73.41956329345703,0,0,0,0,0,0,0,0,1,1,1,1,1,1,1,1,1,0,0,0,0,0,0,0,0
2008-07-24 14:30:00+00:00,30,7,14,113.52255249023438,121.51051330566406,0,0,0,0,0,0,0,0,0,0,1,1,1,1,1,1,1,0,0,0,0,0,0,0,0
2008-07-24 14:30:00+00:00,30,7,14,352.505859375,324.1803283691406,0,0,0,0,0,0,0,0,0,0,0,0,0,0,0,0,0,0,0,0,0,0,0,0,0
2008-07-24 14:30:00+00:00,30,7,14,79.71488952636719,78.11831665039062,0,0,0,0,0,0,0,0,1,1,1,1,1,1,1,1,1,0,0,0,0,0,0,0,0
2008-07-24 14:30:00+00:00,30,7,14,356.1761779785156,380.9423522949219,0,0,0,0,0,0,0,0,0,0,0,0,0,0,0,0,0,0,0,0,0,0,0,0,0
2008-07-24 14:30:00+00:00,30,7,14,85.1923599243164,238.6906280517578,0,0,0,0,0,0,0,0,0,1,1,1,1,1,1,1,1,0,0,0,0,0,0,0,0
2008-07-24 14:30:00+00:00,30,7,14,358.67608642578125,363.2181396484375,0,0,0,0,0,0,0,0,0,0,0,0,0,0,0,0,0,0,0,0,0,0,0,0,0
2008-07-24 14:30:00+00:00,30,7,14,,,0,0,0,0,0,0,0,0,0,0,0,0,0,0,0,0,0,0,0,0,0,0,0,0,0
2008-07-24 14:30:00+00:00,30,7,14,,,0,0,0,0,0,0,0,0,0,0,0,0,0,0,0,0,0,0,0,0,0,0,0,0,0
2008-07-24 14:45:00+00:00,30,7,14,380.93743896484375,375.32135009765625,0,0,0,0,0,0,0,0,0,0,0,0,0,0,0,0,0,0,0,0,0,0,0,0,0
2008-07-24 14:45:00+00:00,30,7,14,94.26338195800781,60.108497619628906,0,0,0,0,0,0,0,0,0,1,1,1,1,1,1,1,1,0,0,0,0,0,0,0,0
2008-07-24 14:45:00+00:00,30,7,14,335.27789306640625,274.8941650390625,0,0,0,0,0,0,0,0,0,0,0,0,0,0,0,0,1,0,0,0,0,0,0,0,0
2008-07-24 14:45:00+00:00,30,7,14,275.1750793457031,173.49935913085938,0,0,0,0,0,0,0,0,0,0,0,0,0,0,0,1,1,0,0,0,0,0,0,0,0
2008-07-24 14:45:00+00:00,30,7,14,472.61297607421875,450.8525695800781,0,0,0,0,0,0,0,0,0,0,0,0,0,0,0,0,0,0,0,0,0,0,0,0,0
2008-07-24 14:45:00+00:00,30,7,14,447.8953857421875,451.29901123046875,0,0,0,0,0,0,0,0,0,0,0,0,0,0,0,0,0,0,0,0,0,0,0,0,0
2008-07-24 14:45:00+00:00,30,7,14,410.8056945800781,413.0697937011719,0,0,0,0,0,0,0,0,0,0,0,0,0,0,0,0,0,0,0,0,0,0,0,0,0
2008-07-24 14:45:00+00:00,30,7,14,476.9468688964844,505.23028564453125,0,0,0,0,0,0,0,0,0,0,0,0,0,0,0,0,0,0,0,0,0,0,0,0,0
2008-07-24 14:45:00+00:00,30,7,14,130.76138305664062,134.71055603027344,0,0,0,0,0,0,0,0,0,0,0,1,1,1,1,1,1,0,0,0,0,0,0,0,0
2008-07-24 14:45:00+00:00,30,7,14,103.73812866210938,116.23202514648438,0,0,0,0,0,0,0,0,0,0,1,1,1,1,1,1,1,0,0,0,0,0,0,0,0
2008-07-24 14:45:00+00:00,30,7,14,86.4542465209961,47.57852554321289,0,0,0,0,0,0,0,0,0,1,1,1,1,1,1,1,1,0,0,0,0,0,0,1,1
2008-07-24 14:45:00+00:00,30,7,14,52.281517028808594,35.42393493652344,0,0,0,0,0,0,0,1,1,1,1,1,1,1,1,1,1,0,0,0,0,0,1,1,1
2008-07-24 14:45:00+00:00,30,7,14,111.78279876708984,3.1989569664001465,0,0,0,0,0,0,0,0,0,0,1,1,1,1,1,1,1,1,1,1,1,1,1,1,1
2008-07-24 14:45:00+00:00,30,7,14,66.9602279663086,56.90464401245117,0,0,0,0,0,0,0,0,1,1,1,1,1,1,1,1,1,0,0,0,0,0,0,0,1
2008-07-24 14:45:00+00:00,30,7,14,,66.57491302490234,0,0,0,0,0,0,0,0,0,0,0,0,0,0,0,0,0,0,0,0,0,0,0,0,0
2008-07-24 15:00:00+00:00,30,7,15,279.800537109375,192.1842803955078,0,0,0,0,0,0,0,0,0,0,0,0,0,0,0,1,1,0,0,0,0,0,0,0,0
2008-07-24 15:00:00+00:00,30,7,15,,,0,0,0,0,0,0,0,0,0,0,0,0,0,0,0,0,0,0,0,0,0,0,0,0,0
2008-07-24 15:00:00+00:00,30,7,15,,,0,0,0,0,0,0,0,0,0,0,0,0,0,0,0,0,0,0,0,0,0,0,0,0,0
2008-07-24 15:00:00+00:00,30,7,15,,,0,0,0,0,0,0,0,0,0,0,0,0,0,0,0,0,0,0,0,0,0,0,0,0,0
2008-07-24 15:00:00+00:00,30,7,15,,,0,0,0,0,0,0,0,0,0,0,0,0,0,0,0,0,0,0,0,0,0,0,0,0,0
2008-07-24 15:00:00+00:00,30,7,15,297.3553466796875,214.94796752929688,0,0,0,0,0,0,0,0,0,0,0,0,0,0,0,1,1,0,0,0,0,0,0,0,0
2008-07-24 15:00:00+00:00,30,7,15,242.65695190429688,326.6667175292969,0,0,0,0,0,0,0,0,0,0,0,0,0,0,1,1,1,0,0,0,0,0,0,0,0
2008-07-24 15:00:00+00:00,30,7,15,225.98440551757812,198.34715270996094,0,0,0,0,0,0,0,0,0,0,0,0,0,0,1,1,1,0,0,0,0,0,0,0,0
2008-07-24 15:00:00+00:00,30,7,15,129.59718322753906,124.87165069580078,0,0,0,0,0,0,0,0,0,0,0,1,1,1,1,1,1,0,0,0,0,0,0,0,0
2008-07-24 15:00:00+00:00,30,7,15,311.4533996582031,311.1913146972656,0,0,0,0,0,0,0,0,0,0,0,0,0,0,0,0,1,0,0,0,0,0,0,0,0
2008-07-24 15:00:00+00:00,30,7,15,128.32125854492188,9.104581832885742,0,0,0,0,0,0,0,0,0,0,0,1,1,1,1,1,1,1,1,1,1,1,1,1,1
2008-07-24 15:00:00+00:00,30,7,15,262.8994445800781,285.6027526855469,0,0,0,0,0,0,0,0,0,0,0,0,0,0,0,1,1,0,0,0,0,0,0,0,0
2008-07-24 15:00:00+00:00,30,7,15,,271.8648986816406,0,0,0,0,0,0,0,0,0,0,0,0,0,0,0,0,0,0,0,0,0,0,0,0,0
2008-07-24 15:15:00+00:00,30,7,15,89.53616333007812,54.330177307128906,0,0,0,0,0,0,0,0,0,1,1,1,1,1,1,1,1,0,0,0,0,0,0,0,1
2008-07-24 15:15:00+00:00,30,7,15,100.9864501953125,182.1637725830078,0,0,0,0,0,0,0,0,0,0,1,1,1,1,1,1,1,0,0,0,0,0,0,0,0
2008-07-24 15:15:00+00:00,30,7,15,,,0,0,0,0,0,0,0,0,0,0,0,0,0,0,0,0,0,0,0,0,0,0,0,0,0
2008-07-24 15:15:00+00:00,30,7,15,503.32952880859375,324.61572265625,0,0,0,0,0,0,0,0,0,0,0,0,0,0,0,0,0,0,0,0,0,0,0,0,0
2008-07-24 15:15:00+00:00,30,7,15,216.55941772460938,210.6238250732422,0,0,0,0,0,0,0,0,0,0,0,0,0,0,1,1,1,0,0,0,0,0,0,0,0
2008-07-24 15:15:00+00:00,30,7,15,208.93783569335938,207.1024932861328,0,0,0,0,0,0,0,0,0,0,0,0,0,0,1,1,1,0,0,0,0,0,0,0,0
2008-07-24 15:15:00+00:00,30,7,15,110.43365478515625,148.0183868408203,0,0,0,0,0,0,0,0,0,0,1,1,1,1,1,1,1,0,0,0,0,0,0,0,0
2008-07-24 15:15:00+00:00,30,7,15,106.2259521484375,86.45577239990234,0,0,0,0,0,0,0,0,0,0,1,1,1,1,1,1,1,0,0,0,0,0,0,0,0
2008-07-24 15:15:00+00:00,30,7,15,80.28350067138672,66.30269622802734,0,0,0,0,0,0,0,0,0,1,1,1,1,1,1,1,1,0,0,0,0,0,0,0,0
2008-07-24 15:15:00+00:00,30,7,15,291.9607238769531,306.4227600097656,0,0,0,0,0,0,0,0,0,0,0,0,0,0,0,1,1,0,0,0,0,0,0,0,0
2008-07-24 15:30:00+00:00,30,7,15,,,0,0,0,0,0,0,0,0,0,0,0,0,0,0,0,0,0,0,0,0,0,0,0,0,0
2008-07-24 15:30:00+00:00,30,7,15,,,0,0,0,0,0,0,0,0,0,0,0,0,0,0,0,0,0,0,0,0,0,0,0,0,0
2008-07-24 15:30:00+00:00,30,7,15,422.22515869140625,182.479736328125,0,0,0,0,0,0,0,0,0,0,0,0,0,0,0,0,0,0,0,0,0,0,0,0,0
2008-07-24 15:30:00+00:00,30,7,15,158.20596313476562,222.75601196289062,0,0,0,0,0,0,0,0,0,0,0,0,1,1,1,1,1,0,0,0,0,0,0,0,0
2008-07-24 15:30:00+00:00,30,7,15,297.8449401855469,278.936279296875,0,0,0,0,0,0,0,0,0,0,0,0,0,0,0,1,1,0,0,0,0,0,0,0,0
2008-07-24 15:30:00+00:00,30,7,15,203.1458282470703,202.8836669921875,0,0,0,0,0,0,0,0,0,0,0,0,0,0,1,1,1,0,0,0,0,0,0,0,0
2008-07-24 15:30:00+00:00,30,7,15,110.03765106201172,163.81163024902344,0,0,0,0,0,0,0,0,0,0,1,1,1,1,1,1,1,0,0,0,0,0,0,0,0
2008-07-24 15:30:00+00:00,30,7,15,288.5184326171875,287.9322204589844,0,0,0,0,0,0,0,0,0,0,0,0,0,0,0,1,1,0,0,0,0,0,0,0,0
2008-07-24 15:30:00+00:00,30,7,15,307.35772705078125,312.0402526855469,0,0,0,0,0,0,0,0,0,0,0,0,0,0,0,0,1,0,0,0,0,0,0,0,0
2008-07-24 15:30:00+00:00,30,7,15,62.23379135131836,26.359037399291992,0,0,0,0,0,0,0,0,1,1,1,1,1,1,1,1,1,0,0,0,0,1,1,1,1
2008-07-24 15:30:00+00:00,30,7,15,154.35369873046875,78.78787994384766,0,0,0,0,0,0,0,0,0,0,0,0,1,1,1,1,1,0,0,0,0,0,0,0,0
2008-07-24 15:45:00+00:00,30,7,15,333.2843322753906,437.2341003417969,0,0,0,0,0,0,0,0,0,0,0,0,0,0,0,0,1,0,0,0,0,0,0,0,0
2008-07-24 15:45:00+00:00,30,7,15,237.09786987304688,234.47592163085938,0,0,0,0,0,0,0,0,0,0,0,0,0,0,1,1,1,0,0,0,0,0,0,0,0
2008-07-24 15:45:00+00:00,30,7,15,364.2999572753906,372.927978515625,0,0,0,0,0,0,0,0,0,0,0,0,0,0,0,0,0,0,0,0,0,0,0,0,0
2008-07-24 15:45:00+00:00,30,7,15,,,0,0,0,0,0,0,0,0,0,0,0,0,0,0,0,0,0,0,0,0,0,0,0,0,0
2008-07-24 15:45:00+00:00,30,7,15,109.11048126220703,86.77978515625,0,0,0,0,0,0,0,0,0,0,1,1,1,1,1,1,1,0,0,0,0,0,0,0,0
2008-07-24 15:45:00+00:00,30,7,15,320.4681396484375,177.80393981933594,0,0,0,0,0,0,0,0,0,0,0,0,0,0,0,0,1,0,0,0,0,0,0,0,0
2008-07-24 15:45:00+00:00,30,7,15,113.7896499633789,105.16138458251953,0,0,0,0,0,0,0,0,0,0,1,1,1,1,1,1,1,0,0,0,0,0,0,0,0
2008-07-24 15:45:00+00:00,30,7,15,318.8988952636719,296.68316650390625,0,0,0,0,0,0,0,0,0,0,0,0,0,0,0,0,1,0,0,0,0,0,0,0,0
2008-07-24 16:00:00+00:00,30,7,16,359.60272216796875,,0,0,0,0,0,0,0,0,0,0,0,0,0,0,0,0,0,0,0,0,0,0,0,0,0
2008-07-24 16:00:00+00:00,30,7,16,,,0,0,0,0,0,0,0,0,0,0,0,0,0,0,0,0,0,0,0,0,0,0,0,0,0
2008-07-24 16:00:00+00:00,30,7,16,453.3310546875,464.0679931640625,0,0,0,0,0,0,0,0,0,0,0,0,0,0,0,0,0,0,0,0,0,0,0,0,0
2008-07-24 16:00:00+00:00,30,7,16,187.92657470703125,200.41683959960938,0,0,0,0,0,0,0,0,0,0,0,0,0,1,1,1,1,0,0,0,0,0,0,0,0
2008-07-24 16:00:00+00:00,30,7,16,107.11466979980469,93.192626953125,0,0,0,0,0,0,0,0,0,0,1,1,1,1,1,1,1,0,0,0,0,0,0,0,0
2008-07-24 16:00:00+00:00,30,7,16,277.3202819824219,9.091253280639648,0,0,0,0,0,0,0,0,0,0,0,0,0,0,0,1,1,1,1,1,1,1,1,1,1
2008-07-24 16:15:00+00:00,30,7,16,261.2371520996094,377.5000915527344,0,0,0,0,0,0,0,0,0,0,0,0,0,0,0,1,1,0,0,0,0,0,0,0,0
2008-07-24 16:15:00+00:00,30,7,16,303.86138916015625,281.2092590332031,0,0,0,0,0,0,0,0,0,0,0,0,0,0,0,0,1,0,0,0,0,0,0,0,0
2008-07-24 16:15:00+00:00,30,7,16,193.65113830566406,193.48828125,0,0,0,0,0,0,0,0,0,0,0,0,0,1,1,1,1,0,0,0,0,0,0,0,0
2008-07-24 16:15:00+00:00,30,7,16,233.6205291748047,200.1653594970703,0,0,0,0,0,0,0,0,0,0,0,0,0,0,1,1,1,0,0,0,0,0,0,0,0
2008-07-24 16:15:00+00:00,30,7,16,310.27996826171875,293.24139404296875,0,0,0,0,0,0,0,0,0,0,0,0,0,0,0,0,1,0,0,0,0,0,0,0,0
2008-07-24 16:15:00+00:00,30,7,16,263.47784423828125,177.7907257080078,0,0,0,0,0,0,0,0,0,0,0,0,0,0,0,1,1,0,0,0,0,0,0,0,0
2008-07-24 16:15:00+00:00,30,7,16,211.345458984375,192.4842987060547,0,0,0,0,0,0,0,0,0,0,0,0,0,0,1,1,1,0,0,0,0,0,0,0,0
2008-07-24 16:15:00+00:00,30,7,16,118.84953308105469,105.09611511230469,0,0,0,0,0,0,0,0,0,0,1,1,1,1,1,1,1,0,0,0,0,0,0,0,0
2008-07-24 16:15:00+00:00,30,7,16,184.5602264404297,8.852893829345703,0,0,0,0,0,0,0,0,0,0,0,0,0,1,1,1,1,1,1,1,1,1,1,1,1
2008-07-24 16:15:00+00:00,30,7,16,233.2390594482422,121.35775756835938,0,0,0,0,0,0,0,0,0,0,0,0,0,0,1,1,1,0,0,0,0,0,0,0,0
2008-07-24 16:15:00+00:00,30,7,16,132.3718719482422,105.95477294921875,0,0,0,0,0,0,0,0,0,0,0,1,1,1,1,1,1,0,0,0,0,0,0,0,0
2008-07-24 16:15:00+00:00,30,7,16,98.36174774169922,76.06005859375,0,0,0,0,0,0,0,0,0,1,1,1,1,1,1,1,1,0,0,0,0,0,0,0,0
2008-07-24 16:30:00+00:00,30,7,16,336.7383117675781,283.27630615234375,0,0,0,0,0,0,0,0,0,0,0,0,0,0,0,0,1,0,0,0,0,0,0,0,0
2008-07-24 16:30:00+00:00,30,7,16,405.09521484375,85.75010681152344,0,0,0,0,0,0,0,0,0,0,0,0,0,0,0,0,0,0,0,0,0,0,0,0,0
2008-07-24 16:30:00+00:00,30,7,16,172.44691467285156,167.2242431640625,0,0,0,0,0,0,0,0,0,0,0,0,1,1,1,1,1,0,0,0,0,0,0,0,0
2008-07-24 16:30:00+00:00,30,7,16,111.45216369628906,134.0851287841797,0,0,0,0,0,0,0,0,0,0,1,1,1,1,1,1,1,0,0,0,0,0,0,0,0
2008-07-24 16:30:00+00:00,30,7,16,153.0357666015625,152.9138641357422,0,0,0,0,0,0,0,0,0,0,0,0,1,1,1,1,1,0,0,0,0,0,0,0,0
2008-07-24 16:30:00+00:00,30,7,16,311.55804443359375,240.25579833984375,0,0,0,0,0,0,0,0,0,0,0,0,0,0,0,0,1,0,0,0,0,0,0,0,0
2008-07-24 16:30:00+00:00,30,7,16,138.2667999267578,163.8747100830078,0,0,0,0,0,0,0,0,0,0,0,1,1,1,1,1,1,0,0,0,0,0,0,0,0
2008-07-24 16:30:00+00:00,30,7,16,86.76593017578125,98.93183898925781,0,0,0,0,0,0,0,0,0,1,1,1,1,1,1,1,1,0,0,0,0,0,0,0,0
2008-07-24 16:45:00+00:00,30,7,16,321.8674621582031,298.2497863769531,0,0,0,0,0,0,0,0,0,0,0,0,0,0,0,0,1,0,0,0,0,0,0,0,0
2008-07-24 16:45:00+00:00,30,7,16,420.5696716308594,327.85638427734375,0,0,0,0,0,0,0,0,0,0,0,0,0,0,0,0,0,0,0,0,0,0,0,0,0
2008-07-24 16:45:00+00:00,30,7,16,,415.1881408691406,0,0,0,0,0,0,0,0,0,0,0,0,0,0,0,0,0,0,0,0,0,0,0,0,0
2008-07-24 16:45:00+00:00,30,7,16,386.7608947753906,,0,0,0,0,0,0,0,0,0,0,0,0,0,0,0,0,0,0,0,0,0,0,0,0,0
2008-07-24 16:45:00+00:00,30,7,16,108.00438690185547,176.4451141357422,0,0,0,0,0,0,0,0,0,0,1,1,1,1,1,1,1,0,0,0,0,0,0,0,0
2008-07-24 16:45:00+00:00,30,7,16,44.832576751708984,3.2234654426574707,0,0,0,0,0,0,1,1,1,1,1,1,1,1,1,1,1,1,1,1,1,1,1,1,1
2008-07-24 16:45:00+00:00,30,7,16,191.4509735107422,182.92538452148438,0,0,0,0,0,0,0,0,0,0,0,0,0,1,1,1,1,0,0,0,0,0,0,0,0
2008-07-24 17:00:00+00:00,30,7,17,102.951171875,57.84817886352539,0,0,0,0,0,0,0,0,0,0,1,1,1,1,1,1,1,0,0,0,0,0,0,0,1
2008-07-24 17:00:00+00:00,30,7,17,130.62901306152344,102.46268463134766,0,0,0,0,0,0,0,0,0,0,0,1,1,1,1,1,1,0,0,0,0,0,0,0,0
2008-07-24 17:00:00+00:00,30,7,17,89.37911224365234,16.715944290161133,0,0,0,0,0,0,0,0,0,1,1,1,1,1,1,1,1,0,0,1,1,1,1,1,1
2008-07-24 17:00:00+00:00,30,7,17,357.9591979980469,375.82147216796875,0,0,0,0,0,0,0,0,0,0,0,0,0,0,0,0,0,0,0,0,0,0,0,0,0
2008-07-24 17:00:00+00:00,30,7,17,326.85882568359375,52.77863693237305,0,0,0,0,0,0,0,0,0,0,0,0,0,0,0,0,1,0,0,0,0,0,0,0,1
2008-07-24 17:00:00+00:00,30,7,17,121.23641967773438,152.95994567871094,0,0,0,0,0,0,0,0,0,0,0,1,1,1,1,1,1,0,0,0,0,0,0,0,0
2008-07-24 17:00:00+00:00,30,7,17,63.11378860473633,30.328649520874023,0,0,0,0,0,0,0,0,1,1,1,1,1,1,1,1,1,0,0,0,0,0,1,1,1
2008-07-24 17:00:00+00:00,30,7,17,129.32960510253906,145.85543823242188,0,0,0,0,0,0,0,0,0,0,0,1,1,1,1,1,1,0,0,0,0,0,0,0,0
2008-07-24 17:15:00+00:00,30,7,17,316.8226318359375,309.19622802734375,0,0,0,0,0,0,0,0,0,0,0,0,0,0,0,0,1,0,0,0,0,0,0,0,0
2008-07-24 17:15:00+00:00,30,7,17,,,0,0,0,0,0,0,0,0,0,0,0,0,0,0,0,0,0,0,0,0,0,0,0,0,0
2008-07-24 17:15:00+00:00,30,7,17,137.336669921875,162.12591552734375,0,0,0,0,0,0,0,0,0,0,0,1,1,1,1,1,1,0,0,0,0,0,0,0,0
2008-07-24 17:15:00+00:00,30,7,17,122.40719604492188,53.003944396972656,0,0,0,0,0,0,0,0,0,0,0,1,1,1,1,1,1,0,0,0,0,0,0,0,1
2008-07-24 17:15:00+00:00,30,7,17,60.81227111816406,0.0,0,0,0,0,0,0,0,0,1,1,1,1,1,1,1,1,1,1,1,1,1,1,1,1,1
2008-07-24 17:30:00+00:00,30,7,17,47.129188537597656,236.68307495117188,0,0,0,0,0,0,1,1,1,1,1,1,1,1,1,1,1,0,0,0,0,0,0,0,0
2008-07-24 17:30:00+00:00,30,7,17,210.27537536621094,163.20831298828125,0,0,0,0,0,0,0,0,0,0,0,0,0,0,1,1,1,0,0,0,0,0,0,0,0
2008-07-24 17:30:00+00:00,30,7,17,294.5419921875,289.1529541015625,0,0,0,0,0,0,0,0,0,0,0,0,0,0,0,1,1,0,0,0,0,0,0,0,0
2008-07-24 17:30:00+00:00,30,7,17,205.96340942382812,228.71487426757812,0,0,0,0,0,0,0,0,0,0,0,0,0,0,1,1,1,0,0,0,0,0,0,0,0
2008-07-24 17:30:00+00:00,30,7,17,370.8565673828125,381.9299621582031,0,0,0,0,0,0,0,0,0,0,0,0,0,0,0,0,0,0,0,0,0,0,0,0,0
2008-07-24 17:45:00+00:00,30,7,17,387.5323791503906,229.62771606445312,0,0,0,0,0,0,0,0,0,0,0,0,0,0,0,0,0,0,0,0,0,0,0,0,0
2008-07-24 17:45:00+00:00,30,7,17,,294.30413818359375,0,0,0,0,0,0,0,0,0,0,0,0,0,0,0,0,0,0,0,0,0,0,0,0,0
2008-07-24 17:45:00+00:00,30,7,17,187.57516479492188,196.3485565185547,0,0,0,0,0,0,0,0,0,0,0,0,0,1,1,1,1,0,0,0,0,0,0,0,0
2008-07-24 17:45:00+00:00,30,7,17,,,0,0,0,0,0,0,0,0,0,0,0,0,0,0,0,0,0,0,0,0,0,0,0,0,0
2008-07-24 17:45:00+00:00,30,7,17,51.39434051513672,42.97637939453125,0,0,0,0,0,0,0,1,1,1,1,1,1,1,1,1,1,0,0,0,0,0,0,1,1
2008-07-25 10:00:00+00:00,30,7,10,,,0,0,0,0,0,0,0,0,0,0,0,0,0,0,0,0,0,0,0,0,0,0,0,0,0
2008-07-25 10:00:00+00:00,30,7,10,,,0,0,0,0,0,0,0,0,0,0,0,0,0,0,0,0,0,0,0,0,0,0,0,0,0
2008-07-25 10:00:00+00:00,30,7,10,,,0,0,0,0,0,0,0,0,0,0,0,0,0,0,0,0,0,0,0,0,0,0,0,0,0
2008-07-25 10:00:00+00:00,30,7,10,,,0,0,0,0,0,0,0,0,0,0,0,0,0,0,0,0,0,0,0,0,0,0,0,0,0
2008-07-25 10:00:00+00:00,30,7,10,,,0,0,0,0,0,0,0,0,0,0,0,0,0,0,0,0,0,0,0,0,0,0,0,0,0
2008-07-25 10:00:00+00:00,30,7,10,,,0,0,0,0,0,0,0,0,0,0,0,0,0,0,0,0,0,0,0,0,0,0,0,0,0
2008-07-25 10:00:00+00:00,30,7,10,,,0,0,0,0,0,0,0,0,0,0,0,0,0,0,0,0,0,0,0,0,0,0,0,0,0
2008-07-25 10:00:00+00:00,30,7,10,,,0,0,0,0,0,0,0,0,0,0,0,0,0,0,0,0,0,0,0,0,0,0,0,0,0
2008-07-25 10:00:00+00:00,30,7,10,,,0,0,0,0,0,0,0,0,0,0,0,0,0,0,0,0,0,0,0,0,0,0,0,0,0
2008-07-25 10:00:00+00:00,30,7,10,295.0968933105469,293.0335693359375,0,0,0,0,0,0,0,0,0,0,0,0,0,0,0,1,1,0,0,0,0,0,0,0,0
2008-07-25 10:00:00+00:00,30,7,10,238.23118591308594,233.6489715576172,0,0,0,0,0,0,0,0,0,0,0,0,0,0,1,1,1,0,0,0,0,0,0,0,0
2008-07-25 10:00:00+00:00,30,7,10,,143.4658660888672,0,0,0,0,0,0,0,0,0,0,0,0,0,0,0,0,0,0,0,0,0,0,0,0,0
2008-07-25 10:00:00+00:00,30,7,10,188.983154296875,154.98655700683594,0,0,0,0,0,0,0,0,0,0,0,0,0,1,1,1,1,0,0,0,0,0,0,0,0
2008-07-25 10:15:00+00:00,30,7,10,,,0,0,0,0,0,0,0,0,0,0,0,0,0,0,0,0,0,0,0,0,0,0,0,0,0
2008-07-25 10:15:00+00:00,30,7,10,,,0,0,0,0,0,0,0,0,0,0,0,0,0,0,0,0,0,0,0,0,0,0,0,0,0
2008-07-25 10:15:00+00:00,30,7,10,,,0,0,0,0,0,0,0,0,0,0,0,0,0,0,0,0,0,0,0,0,0,0,0,0,0
2008-07-25 10:15:00+00:00,30,7,10,380.1312255859375,343.4296875,0,0,0,0,0,0,0,0,0,0,0,0,0,0,0,0,0,0,0,0,0,0,0,0,0
2008-07-25 10:15:00+00:00,30,7,10,,578.7408447265625,0,0,0,0,0,0,0,0,0,0,0,0,0,0,0,0,0,0,0,0,0,0,0,0,0
2008-07-25 10:15:00+00:00,30,7,10,,757.1854858398438,0,0,0,0,0,0,0,0,0,0,0,0,0,0,0,0,0,0,0,0,0,0,0,0,0
2008-07-25 10:15:00+00:00,30,7,10,527.218505859375,417.5690612792969,0,0,0,0,0,0,0,0,0,0,0,0,0,0,0,0,0,0,0,0,0,0,0,0,0
2008-07-25 10:15:00+00:00,30,7,10,293.2084045410156,43.983726501464844,0,0,0,0,0,0,0,0,0,0,0,0,0,0,0,1,1,0,0,0,0,0,0,1,1
2008-07-25 10:15:00+00:00,30,7,10,119.64816284179688,122.62779235839844,0,0,0,0,0,0,0,0,0,0,1,1,1,1,1,1,1,0,0,0,0,0,0,0,0
2008-07-25 10:15:00+00:00,30,7,10,32.80537796020508,46.426902770996094,0,0,0,0,0,1,1,1,1,1,1,1,1,1,1,1,1,0,0,0,0,0,0,1,1
2008-07-25 10:30:00+00:00,30,7,10,,,0,0,0,0,0,0,0,0,0,0,0,0,0,0,0,0,0,0,0,0,0,0,0,0,0
2008-07-25 10:30:00+00:00,30,7,10,,,0,0,0,0,0,0,0,0,0,0,0,0,0,0,0,0,0,0,0,0,0,0,0,0,0
2008-07-25 10:30:00+00:00,30,7,10,,,0,0,0,0,0,0,0,0,0,0,0,0,0,0,0,0,0,0,0,0,0,0,0,0,0
2008-07-25 10:30:00+00:00,30,7,10,,,0,0,0,0,0,0,0,0,0,0,0,0,0,0,0,0,0,0,0,0,0,0,0,0,0
2008-07-25 10:30:00+00:00,30,7,10,,,0,0,0,0,0,0,0,0,0,0,0,0,0,0,0,0,0,0,0,0,0,0,0,0,0
2008-07-25 10:30:00+00:00,30,7,10,,,0,0,0,0,0,0,0,0,0,0,0,0,0,0,0,0,0,0,0,0,0,0,0,0,0
2008-07-25 10:30:00+00:00,30,7,10,,,0,0,0,0,0,0,0,0,0,0,0,0,0,0,0,0,0,0,0,0,0,0,0,0,0
2008-07-25 10:30:00+00:00,30,7,10,,,0,0,0,0,0,0,0,0,0,0,0,0,0,0,0,0,0,0,0,0,0,0,0,0,0
2008-07-25 10:30:00+00:00,30,7,10,,714.6118774414062,0,0,0,0,0,0,0,0,0,0,0,0,0,0,0,0,0,0,0,0,0,0,0,0,0
2008-07-25 10:30:00+00:00,30,7,10,,641.2879638671875,0,0,0,0,0,0,0,0,0,0,0,0,0,0,0,0,0,0,0,0,0,0,0,0,0
2008-07-25 10:30:00+00:00,30,7,10,,,0,0,0,0,0,0,0,0,0,0,0,0,0,0,0,0,0,0,0,0,0,0,0,0,0
2008-07-25 10:30:00+00:00,30,7,10,,4.405370712280273,0,0,0,0,0,0,0,0,0,0,0,0,0,0,0,0,0,1,1,1,1,1,1,1,1
2008-07-25 10:30:00+00:00,30,7,10,616.7836303710938,519.80810546875,0,0,0,0,0,0,0,0,0,0,0,0,0,0,0,0,0,0,0,0,0,0,0,0,0
2008-07-25 10:45:00+00:00,30,7,10,,,0,0,0,0,0,0,0,0,0,0,0,0,0,0,0,0,0,0,0,0,0,0,0,0,0
2008-07-25 10:45:00+00:00,30,7,10,,,0,0,0,0,0,0,0,0,0,0,0,0,0,0,0,0,0,0,0,0,0,0,0,0,0
2008-07-25 10:45:00+00:00,30,7,10,,,0,0,0,0,0,0,0,0,0,0,0,0,0,0,0,0,0,0,0,0,0,0,0,0,0
2008-07-25 10:45:00+00:00,30,7,10,,,0,0,0,0,0,0,0,0,0,0,0,0,0,0,0,0,0,0,0,0,0,0,0,0,0
2008-07-25 10:45:00+00:00,30,7,10,,,0,0,0,0,0,0,0,0,0,0,0,0,0,0,0,0,0,0,0,0,0,0,0,0,0
2008-07-25 10:45:00+00:00,30,7,10,,,0,0,0,0,0,0,0,0,0,0,0,0,0,0,0,0,0,0,0,0,0,0,0,0,0
2008-07-25 10:45:00+00:00,30,7,10,,,0,0,0,0,0,0,0,0,0,0,0,0,0,0,0,0,0,0,0,0,0,0,0,0,0
2008-07-25 10:45:00+00:00,30,7,10,752.5380859375,722.3803100585938,0,0,0,0,0,0,0,0,0,0,0,0,0,0,0,0,0,0,0,0,0,0,0,0,0
2008-07-25 10:45:00+00:00,30,7,10,490.7455139160156,460.63812255859375,0,0,0,0,0,0,0,0,0,0,0,0,0,0,0,0,0,0,0,0,0,0,0,0,0
2008-07-25 10:45:00+00:00,30,7,10,260.0316467285156,278.77703857421875,0,0,0,0,0,0,0,0,0,0,0,0,0,0,0,1,1,0,0,0,0,0,0,0,0
2008-07-25 11:00:00+00:00,30,7,11,,,0,0,0,0,0,0,0,0,0,0,0,0,0,0,0,0,0,0,0,0,0,0,0,0,0
2008-07-25 11:00:00+00:00,30,7,11,,,0,0,0,0,0,0,0,0,0,0,0,0,0,0,0,0,0,0,0,0,0,0,0,0,0
2008-07-25 11:00:00+00:00,30,7,11,,,0,0,0,0,0,0,0,0,0,0,0,0,0,0,0,0,0,0,0,0,0,0,0,0,0
2008-07-25 11:00:00+00:00,30,7,11,,,0,0,0,0,0,0,0,0,0,0,0,0,0,0,0,0,0,0,0,0,0,0,0,0,0
2008-07-25 11:00:00+00:00,30,7,11,,,0,0,0,0,0,0,0,0,0,0,0,0,0,0,0,0,0,0,0,0,0,0,0,0,0
2008-07-25 11:00:00+00:00,30,7,11,,,0,0,0,0,0,0,0,0,0,0,0,0,0,0,0,0,0,0,0,0,0,0,0,0,0
2008-07-25 11:00:00+00:00,30,7,11,,,0,0,0,0,0,0,0,0,0,0,0,0,0,0,0,0,0,0,0,0,0,0,0,0,0
2008-07-25 11:00:00+00:00,30,7,11,,150.00457763671875,0,0,0,0,0,0,0,0,0,0,0,0,0,0,0,0,0,0,0,0,0,0,0,0,0
2008-07-25 11:00:00+00:00,30,7,11,,0.0,0,0,0,0,0,0,0,0,0,0,0,0,0,0,0,0,0,1,1,1,1,1,1,1,1
2008-07-25 11:00:00+00:00,30,7,11,,476.43719482421875,0,0,0,0,0,0,0,0,0,0,0,0,0,0,0,0,0,0,0,0,0,0,0,0,0
2008-07-25 11:00:00+00:00,30,7,11,554.8335571289062,516.131103515625,0,0,0,0,0,0,0,0,0,0,0,0,0,0,0,0,0,0,0,0,0,0,0,0,0
2008-07-25 11:00:00+00:00,30,7,11,294.9678039550781,318.31854248046875,0,0,0,0,0,0,0,0,0,0,0,0,0,0,0,1,1,0,0,0,0,0,0,0,0
2008-07-25 11:15:00+00:00,30,7,11,,,0,0,0,0,0,0,0,0,0,0,0,0,0,0,0,0,0,0,0,0,0,0,0,0,0
2008-07-25 11:15:00+00:00,30,7,11,,,0,0,0,0,0,0,0,0,0,0,0,0,0,0,0,0,0,0,0,0,0,0,0,0,0
2008-07-25 11:15:00+00:00,30,7,11,,,0,0,0,0,0,0,0,0,0,0,0,0,0,0,0,0,0,0,0,0,0,0,0,0,0
2008-07-25 11:15:00+00:00,30,7,11,,,0,0,0,0,0,0,0,0,0,0,0,0,0,0,0,0,0,0,0,0,0,0,0,0,0
2008-07-25 11:15:00+00:00,30,7,11,,,0,0,0,0,0,0,0,0,0,0,0,0,0,0,0,0,0,0,0,0,0,0,0,0,0
2008-07-25 11:15:00+00:00,30,7,11,,,0,0,0,0,0,0,0,0,0,0,0,0,0,0,0,0,0,0,0,0,0,0,0,0,0
2008-07-25 11:15:00+00:00,30,7,11,,,0,0,0,0,0,0,0,0,0,0,0,0,0,0,0,0,0,0,0,0,0,0,0,0,0
2008-07-25 11:15:00+00:00,30,7,11,,,0,0,0,0,0,0,0,0,0,0,0,0,0,0,0,0,0,0,0,0,0,0,0,0,0
2008-07-25 11:15:00+00:00,30,7,11,212.3037872314453,189.18992614746094,0,0,0,0,0,0,0,0,0,0,0,0,0,0,1,1,1,0,0,0,0,0,0,0,0
2008-07-25 11:15:00+00:00,30,7,11,178.6494903564453,156.04151916503906,0,0,0,0,0,0,0,0,0,0,0,0,1,1,1,1,1,0,0,0,0,0,0,0,0
2008-07-25 11:15:00+00:00,30,7,11,,,0,0,0,0,0,0,0,0,0,0,0,0,0,0,0,0,0,0,0,0,0,0,0,0,0
2008-07-25 11:15:00+00:00,30,7,11,,,0,0,0,0,0,0,0,0,0,0,0,0,0,0,0,0,0,0,0,0,0,0,0,0,0
2008-07-25 11:15:00+00:00,30,7,11,,483.0307922363281,0,0,0,0,0,0,0,0,0,0,0,0,0,0,0,0,0,0,0,0,0,0,0,0,0
2008-07-25 11:15:00+00:00,30,7,11,567.1278686523438,532.7493896484375,0,0,0,0,0,0,0,0,0,0,0,0,0,0,0,0,0,0,0,0,0,0,0,0,0
2008-07-25 11:30:00+00:00,30,7,11,,,0,0,0,0,0,0,0,0,0,0,0,0,0,0,0,0,0,0,0,0,0,0,0,0,0
2008-07-25 11:30:00+00:00,30,7,11,,,0,0,0,0,0,0,0,0,0,0,0,0,0,0,0,0,0,0,0,0,0,0,0,0,0
2008-07-25 11:30:00+00:00,30,7,11,,,0,0,0,0,0,0,0,0,0,0,0,0,0,0,0,0,0,0,0,0,0,0,0,0,0
2008-07-25 11:30:00+00:00,30,7,11,,,0,0,0,0,0,0,0,0,0,0,0,0,0,0,0,0,0,0,0,0,0,0,0,0,0
2008-07-25 11:30:00+00:00,30,7,11,,,0,0,0,0,0,0,0,0,0,0,0,0,0,0,0,0,0,0,0,0,0,0,0,0,0
2008-07-25 11:30:00+00:00,30,7,11,,,0,0,0,0,0,0,0,0,0,0,0,0,0,0,0,0,0,0,0,0,0,0,0,0,0
2008-07-25 11:30:00+00:00,30,7,11,,,0,0,0,0,0,0,0,0,0,0,0,0,0,0,0,0,0,0,0,0,0,0,0,0,0
2008-07-25 11:30:00+00:00,30,7,11,457.5789794921875,483.5902099609375,0,0,0,0,0,0,0,0,0,0,0,0,0,0,0,0,0,0,0,0,0,0,0,0,0
2008-07-25 11:30:00+00:00,30,7,11,408.7900695800781,440.4134826660156,0,0,0,0,0,0,0,0,0,0,0,0,0,0,0,0,0,0,0,0,0,0,0,0,0
2008-07-25 11:30:00+00:00,30,7,11,569.626953125,538.0006103515625,0,0,0,0,0,0,0,0,0,0,0,0,0,0,0,0,0,0,0,0,0,0,0,0,0
2008-07-25 11:30:00+00:00,30,7,11,293.4718017578125,298.2588195800781,0,0,0,0,0,0,0,0,0,0,0,0,0,0,0,1,1,0,0,0,0,0,0,0,0
2008-07-25 11:30:00+00:00,30,7,11,111.79595184326172,125.45616912841797,0,0,0,0,0,0,0,0,0,0,1,1,1,1,1,1,1,0,0,0,0,0,0,0,0
2008-07-25 11:45:00+00:00,30,7,11,,,0,0,0,0,0,0,0,0,0,0,0,0,0,0,0,0,0,0,0,0,0,0,0,0,0
2008-07-25 11:45:00+00:00,30,7,11,,,0,0,0,0,0,0,0,0,0,0,0,0,0,0,0,0,0,0,0,0,0,0,0,0,0
2008-07-25 11:45:00+00:00,30,7,11,,,0,0,0,0,0,0,0,0,0,0,0,0,0,0,0,0,0,0,0,0,0,0,0,0,0
2008-07-25 11:45:00+00:00,30,7,11,,,0,0,0,0,0,0,0,0,0,0,0,0,0,0,0,0,0,0,0,0,0,0,0,0,0
2008-07-25 11:45:00+00:00,30,7,11,,,0,0,0,0,0,0,0,0,0,0,0,0,0,0,0,0,0,0,0,0,0,0,0,0,0
2008-07-25 11:45:00+00:00,30,7,11,,,0,0,0,0,0,0,0,0,0,0,0,0,0,0,0,0,0,0,0,0,0,0,0,0,0
2008-07-25 11:45:00+00:00,30,7,11,,,0,0,0,0,0,0,0,0,0,0,0,0,0,0,0,0,0,0,0,0,0,0,0,0,0
2008-07-25 11:45:00+00:00,30,7,11,,,0,0,0,0,0,0,0,0,0,0,0,0,0,0,0,0,0,0,0,0,0,0,0,0,0
2008-07-25 11:45:00+00:00,30,7,11,,,0,0,0,0,0,0,0,0,0,0,0,0,0,0,0,0,0,0,0,0,0,0,0,0,0
2008-07-25 11:45:00+00:00,30,7,11,,,0,0,0,0,0,0,0,0,0,0,0,0,0,0,0,0,0,0,0,0,0,0,0,0,0
2008-07-25 11:45:00+00:00,30,7,11,,,0,0,0,0,0,0,0,0,0,0,0,0,0,0,0,0,0,0,0,0,0,0,0,0,0
2008-07-25 11:45:00+00:00,30,7,11,,169.1979522705078,0,0,0,0,0,0,0,0,0,0,0,0,0,0,0,0,0,0,0,0,0,0,0,0,0
2008-07-25 11:45:00+00:00,30,7,11,,,0,0,0,0,0,0,0,0,0,0,0,0,0,0,0,0,0,0,0,0,0,0,0,0,0
2008-07-25 11:45:00+00:00,30,7,11,200.6634979248047,231.801025390625,0,0,0,0,0,0,0,0,0,0,0,0,0,0,1,1,1,0,0,0,0,0,0,0,0
2008-07-25 11:45:00+00:00,30,7,11,208.4840545654297,275.8876647949219,0,0,0,0,0,0,0,0,0,0,0,0,0,0,1,1,1,0,0,0,0,0,0,0,0
2008-07-25 12:00:00+00:00,30,7,12,,,0,0,0,0,0,0,0,0,0,0,0,0,0,0,0,0,0,0,0,0,0,0,0,0,0
2008-07-25 12:00:00+00:00,30,7,12,,,0,0,0,0,0,0,0,0,0,0,0,0,0,0,0,0,0,0,0,0,0,0,0,0,0
2008-07-25 12:00:00+00:00,30,7,12,,,0,0,0,0,0,0,0,0,0,0,0,0,0,0,0,0,0,0,0,0,0,0,0,0,0
2008-07-25 12:00:00+00:00,30,7,12,,,0,0,0,0,0,0,0,0,0,0,0,0,0,0,0,0,0,0,0,0,0,0,0,0,0
2008-07-25 12:00:00+00:00,30,7,12,,3.2049059867858887,0,0,0,0,0,0,0,0,0,0,0,0,0,0,0,0,0,1,1,1,1,1,1,1,1
2008-07-25 12:00:00+00:00,30,7,12,417.7430419921875,,0,0,0,0,0,0,0,0,0,0,0,0,0,0,0,0,0,0,0,0,0,0,0,0,0
2008-07-25 12:00:00+00:00,30,7,12,,,0,0,0,0,0,0,0,0,0,0,0,0,0,0,0,0,0,0,0,0,0,0,0,0,0
2008-07-25 12:00:00+00:00,30,7,12,190.01683044433594,31.062040328979492,0,0,0,0,0,0,0,0,0,0,0,0,0,1,1,1,1,0,0,0,0,0,1,1,1
2008-07-25 12:00:00+00:00,30,7,12,179.1000213623047,51.3714485168457,0,0,0,0,0,0,0,0,0,0,0,0,1,1,1,1,1,0,0,0,0,0,0,0,1
2008-07-25 12:00:00+00:00,30,7,12,166.20944213867188,9.040300369262695,0,0,0,0,0,0,0,0,0,0,0,0,1,1,1,1,1,1,1,1,1,1,1,1,1
2008-07-25 12:00:00+00:00,30,7,12,341.51947021484375,340.7024230957031,0,0,0,0,0,0,0,0,0,0,0,0,0,0,0,0,1,0,0,0,0,0,0,0,0
2008-07-25 12:00:00+00:00,30,7,12,367.400390625,367.324951171875,0,0,0,0,0,0,0,0,0,0,0,0,0,0,0,0,0,0,0,0,0,0,0,0,0
2008-07-25 12:15:00+00:00,30,7,12,,,0,0,0,0,0,0,0,0,0,0,0,0,0,0,0,0,0,0,0,0,0,0,0,0,0
2008-07-25 12:15:00+00:00,30,7,12,,,0,0,0,0,0,0,0,0,0,0,0,0,0,0,0,0,0,0,0,0,0,0,0,0,0
2008-07-25 12:15:00+00:00,30,7,12,,,0,0,0,0,0,0,0,0,0,0,0,0,0,0,0,0,0,0,0,0,0,0,0,0,0
2008-07-25 12:15:00+00:00,30,7,12,,,0,0,0,0,0,0,0,0,0,0,0,0,0,0,0,0,0,0,0,0,0,0,0,0,0
2008-07-25 12:15:00+00:00,30,7,12,,,0,0,0,0,0,0,0,0,0,0,0,0,0,0,0,0,0,0,0,0,0,0,0,0,0
2008-07-25 12:15:00+00:00,30,7,12,,,0,0,0,0,0,0,0,0,0,0,0,0,0,0,0,0,0,0,0,0,0,0,0,0,0
2008-07-25 12:15:00+00:00,30,7,12,,,0,0,0,0,0,0,0,0,0,0,0,0,0,0,0,0,0,0,0,0,0,0,0,0,0
2008-07-25 12:15:00+00:00,30,7,12,,67.75228118896484,0,0,0,0,0,0,0,0,0,0,0,0,0,0,0,0,0,0,0,0,0,0,0,0,0
2008-07-25 12:15:00+00:00,30,7,12,49.74567413330078,166.0457305908203,0,0,0,0,0,0,1,1,1,1,1,1,1,1,1,1,1,0,0,0,0,0,0,0,0
2008-07-25 12:15:00+00:00,30,7,12,145.7640838623047,169.32057189941406,0,0,0,0,0,0,0,0,0,0,0,1,1,1,1,1,1,0,0,0,0,0,0,0,0
2008-07-25 12:15:00+00:00,30,7,12,152.17733764648438,94.92196655273438,0,0,0,0,0,0,0,0,0,0,0,0,1,1,1,1,1,0,0,0,0,0,0,0,0
2008-07-25 12:15:00+00:00,30,7,12,150.894287109375,6.399596691131592,0,0,0,0,0,0,0,0,0,0,0,0,1,1,1,1,1,1,1,1,1,1,1,1,1
2008-07-25 12:30:00+00:00,30,7,12,,,0,0,0,0,0,0,0,0,0,0,0,0,0,0,0,0,0,0,0,0,0,0,0,0,0
2008-07-25 12:30:00+00:00,30,7,12,,,0,0,0,0,0,0,0,0,0,0,0,0,0,0,0,0,0,0,0,0,0,0,0,0,0
2008-07-25 12:30:00+00:00,30,7,12,,,0,0,0,0,0,0,0,0,0,0,0,0,0,0,0,0,0,0,0,0,0,0,0,0,0
2008-07-25 12:30:00+00:00,30,7,12,,,0,0,0,0,0,0,0,0,0,0,0,0,0,0,0,0,0,0,0,0,0,0,0,0,0
2008-07-25 12:30:00+00:00,30,7,12,,,0,0,0,0,0,0,0,0,0,0,0,0,0,0,0,0,0,0,0,0,0,0,0,0,0
2008-07-25 12:30:00+00:00,30,7,12,282.99530029296875,58.79506301879883,0,0,0,0,0,0,0,0,0,0,0,0,0,0,0,1,1,0,0,0,0,0,0,0,1
2008-07-25 12:30:00+00:00,30,7,12,60.542293548583984,176.4254608154297,0,0,0,0,0,0,0,0,1,1,1,1,1,1,1,1,1,0,0,0,0,0,0,0,0
2008-07-25 12:30:00+00:00,30,7,12,80.06719970703125,147.37530517578125,0,0,0,0,0,0,0,0,0,1,1,1,1,1,1,1,1,0,0,0,0,0,0,0,0
2008-07-25 12:30:00+00:00,30,7,12,,,0,0,0,0,0,0,0,0,0,0,0,0,0,0,0,0,0,0,0,0,0,0,0,0,0
2008-07-25 12:30:00+00:00,30,7,12,,,0,0,0,0,0,0,0,0,0,0,0,0,0,0,0,0,0,0,0,0,0,0,0,0,0
2008-07-25 12:30:00+00:00,30,7,12,,,0,0,0,0,0,0,0,0,0,0,0,0,0,0,0,0,0,0,0,0,0,0,0,0,0
2008-07-25 12:30:00+00:00,30,7,12,,,0,0,0,0,0,0,0,0,0,0,0,0,0,0,0,0,0,0,0,0,0,0,0,0,0
2008-07-25 12:30:00+00:00,30,7,12,,,0,0,0,0,0,0,0,0,0,0,0,0,0,0,0,0,0,0,0,0,0,0,0,0,0
2008-07-25 12:30:00+00:00,30,7,12,,,0,0,0,0,0,0,0,0,0,0,0,0,0,0,0,0,0,0,0,0,0,0,0,0,0
2008-07-25 12:30:00+00:00,30,7,12,430.1980285644531,410.98431396484375,0,0,0,0,0,0,0,0,0,0,0,0,0,0,0,0,0,0,0,0,0,0,0,0,0
2008-07-25 12:30:00+00:00,30,7,12,239.49534606933594,127.24559020996094,0,0,0,0,0,0,0,0,0,0,0,0,0,0,1,1,1,0,0,0,0,0,0,0,0
2008-07-25 12:30:00+00:00,30,7,12,302.97509765625,117.22163391113281,0,0,0,0,0,0,0,0,0,0,0,0,0,0,0,0,1,0,0,0,0,0,0,0,0
2008-07-25 12:30:00+00:00,30,7,12,192.85629272460938,19.90884780883789,0,0,0,0,0,0,0,0,0,0,0,0,0,1,1,1,1,0,0,1,1,1,1,1,1
2008-07-25 12:30:00+00:00,30,7,12,58.40343475341797,47.52519607543945,0,0,0,0,0,0,0,1,1,1,1,1,1,1,1,1,1,0,0,0,0,0,0,1,1
2008-07-25 12:30:00+00:00,30,7,12,184.39645385742188,3.0316970348358154,0,0,0,0,0,0,0,0,0,0,0,0,0,1,1,1,1,1,1,1,1,1,1,1,1
2008-07-25 12:45:00+00:00,30,7,12,,,0,0,0,0,0,0,0,0,0,0,0,0,0,0,0,0,0,0,0,0,0,0,0,0,0
2008-07-25 12:45:00+00:00,30,7,12,,,0,0,0,0,0,0,0,0,0,0,0,0,0,0,0,0,0,0,0,0,0,0,0,0,0
2008-07-25 12:45:00+00:00,30,7,12,,,0,0,0,0,0,0,0,0,0,0,0,0,0,0,0,0,0,0,0,0,0,0,0,0,0
2008-07-25 12:45:00+00:00,30,7,12,,,0,0,0,0,0,0,0,0,0,0,0,0,0,0,0,0,0,0,0,0,0,0,0,0,0
2008-07-25 12:45:00+00:00,30,7,12,,283.0392761230469,0,0,0,0,0,0,0,0,0,0,0,0,0,0,0,0,0,0,0,0,0,0,0,0,0
2008-07-25 12:45:00+00:00,30,7,12,,,0,0,0,0,0,0,0,0,0,0,0,0,0,0,0,0,0,0,0,0,0,0,0,0,0
2008-07-25 12:45:00+00:00,30,7,12,,72.3600082397461,0,0,0,0,0,0,0,0,0,0,0,0,0,0,0,0,0,0,0,0,0,0,0,0,0
2008-07-25 12:45:00+00:00,30,7,12,332.96148681640625,194.56475830078125,0,0,0,0,0,0,0,0,0,0,0,0,0,0,0,0,1,0,0,0,0,0,0,0,0
2008-07-25 12:45:00+00:00,30,7,12,128.77317810058594,111.6904296875,0,0,0,0,0,0,0,0,0,0,0,1,1,1,1,1,1,0,0,0,0,0,0,0,0
2008-07-25 12:45:00+00:00,30,7,12,,344.86212158203125,0,0,0,0,0,0,0,0,0,0,0,0,0,0,0,0,0,0,0,0,0,0,0,0,0
2008-07-25 12:45:00+00:00,30,7,12,68.72679138183594,90.23501586914062,0,0,0,0,0,0,0,0,1,1,1,1,1,1,1,1,1,0,0,0,0,0,0,0,0
2008-07-25 12:45:00+00:00,30,7,12,,,0,0,0,0,0,0,0,0,0,0,0,0,0,0,0,0,0,0,0,0,0,0,0,0,0
2008-07-25 12:45:00+00:00,30,7,12,,,0,0,0,0,0,0,0,0,0,0,0,0,0,0,0,0,0,0,0,0,0,0,0,0,0
2008-07-25 12:45:00+00:00,30,7,12,302.7391052246094,296.67633056640625,0,0,0,0,0,0,0,0,0,0,0,0,0,0,0,0,1,0,0,0,0,0,0,0,0
2008-07-25 12:45:00+00:00,30,7,12,,,0,0,0,0,0,0,0,0,0,0,0,0,0,0,0,0,0,0,0,0,0,0,0,0,0
2008-07-25 12:45:00+00:00,30,7,12,307.86029052734375,252.99301147460938,0,0,0,0,0,0,0,0,0,0,0,0,0,0,0,0,1,0,0,0,0,0,0,0,0
2008-07-25 12:45:00+00:00,30,7,12,355.0137634277344,278.9540710449219,0,0,0,0,0,0,0,0,0,0,0,0,0,0,0,0,0,0,0,0,0,0,0,0,0
2008-07-25 12:45:00+00:00,30,7,12,434.5837097167969,245.022705078125,0,0,0,0,0,0,0,0,0,0,0,0,0,0,0,0,0,0,0,0,0,0,0,0,0
2008-07-25 12:45:00+00:00,30,7,12,,275.27142333984375,0,0,0,0,0,0,0,0,0,0,0,0,0,0,0,0,0,0,0,0,0,0,0,0,0
2008-07-25 12:45:00+00:00,30,7,12,69.23521423339844,125.45037078857422,0,0,0,0,0,0,0,0,1,1,1,1,1,1,1,1,1,0,0,0,0,0,0,0,0
2008-07-25 13:00:00+00:00,30,7,13,459.0384521484375,93.59503173828125,0,0,0,0,0,0,0,0,0,0,0,0,0,0,0,0,0,0,0,0,0,0,0,0,0
2008-07-25 13:00:00+00:00,30,7,13,,329.2674255371094,0,0,0,0,0,0,0,0,0,0,0,0,0,0,0,0,0,0,0,0,0,0,0,0,0
2008-07-25 13:00:00+00:00,30,7,13,230.21263122558594,166.00550842285156,0,0,0,0,0,0,0,0,0,0,0,0,0,0,1,1,1,0,0,0,0,0,0,0,0
2008-07-25 13:00:00+00:00,30,7,13,,,0,0,0,0,0,0,0,0,0,0,0,0,0,0,0,0,0,0,0,0,0,0,0,0,0
2008-07-25 13:00:00+00:00,30,7,13,,,0,0,0,0,0,0,0,0,0,0,0,0,0,0,0,0,0,0,0,0,0,0,0,0,0
2008-07-25 13:00:00+00:00,30,7,13,425.1749572753906,397.2349853515625,0,0,0,0,0,0,0,0,0,0,0,0,0,0,0,0,0,0,0,0,0,0,0,0,0
2008-07-25 13:00:00+00:00,30,7,13,389.7181091308594,361.2471923828125,0,0,0,0,0,0,0,0,0,0,0,0,0,0,0,0,0,0,0,0,0,0,0,0,0
2008-07-25 13:00:00+00:00,30,7,13,38.10197448730469,63.59375,0,0,0,0,0,1,1,1,1,1,1,1,1,1,1,1,1,0,0,0,0,0,0,0,0
2008-07-25 13:00:00+00:00,30,7,13,,,0,0,0,0,0,0,0,0,0,0,0,0,0,0,0,0,0,0,0,0,0,0,0,0,0
2008-07-25 13:00:00+00:00,30,7,13,417.21319580078125,331.1542663574219,0,0,0,0,0,0,0,0,0,0,0,0,0,0,0,0,0,0,0,0,0,0,0,0,0
2008-07-25 13:00:00+00:00,30,7,13,262.0617370605469,244.8092498779297,0,0,0,0,0,0,0,0,0,0,0,0,0,0,0,1,1,0,0,0,0,0,0,0,0
2008-07-25 13:15:00+00:00,30,7,13,,406.09844970703125,0,0,0,0,0,0,0,0,0,0,0,0,0,0,0,0,0,0,0,0,0,0,0,0,0
2008-07-25 13:15:00+00:00,30,7,13,,,0,0,0,0,0,0,0,0,0,0,0,0,0,0,0,0,0,0,0,0,0,0,0,0,0
2008-07-25 13:15:00+00:00,30,7,13,,,0,0,0,0,0,0,0,0,0,0,0,0,0,0,0,0,0,0,0,0,0,0,0,0,0
2008-07-25 13:15:00+00:00,30,7,13,,,0,0,0,0,0,0,0,0,0,0,0,0,0,0,0,0,0,0,0,0,0,0,0,0,0
2008-07-25 13:15:00+00:00,30,7,13,,,0,0,0,0,0,0,0,0,0,0,0,0,0,0,0,0,0,0,0,0,0,0,0,0,0
2008-07-25 13:15:00+00:00,30,7,13,,,0,0,0,0,0,0,0,0,0,0,0,0,0,0,0,0,0,0,0,0,0,0,0,0,0
2008-07-25 13:15:00+00:00,30,7,13,70.13401794433594,52.007568359375,0,0,0,0,0,0,0,0,1,1,1,1,1,1,1,1,1,0,0,0,0,0,0,0,1
2008-07-25 13:15:00+00:00,30,7,13,387.80572509765625,358.70947265625,0,0,0,0,0,0,0,0,0,0,0,0,0,0,0,0,0,0,0,0,0,0,0,0,0
2008-07-25 13:15:00+00:00,30,7,13,,458.9781799316406,0,0,0,0,0,0,0,0,0,0,0,0,0,0,0,0,0,0,0,0,0,0,0,0,0
2008-07-25 13:15:00+00:00,30,7,13,,,0,0,0,0,0,0,0,0,0,0,0,0,0,0,0,0,0,0,0,0,0,0,0,0,0
2008-07-25 13:15:00+00:00,30,7,13,,,0,0,0,0,0,0,0,0,0,0,0,0,0,0,0,0,0,0,0,0,0,0,0,0,0
2008-07-25 13:15:00+00:00,30,7,13,388.4669189453125,369.9521484375,0,0,0,0,0,0,0,0,0,0,0,0,0,0,0,0,0,0,0,0,0,0,0,0,0
2008-07-25 13:15:00+00:00,30,7,13,58.938323974609375,64.56632232666016,0,0,0,0,0,0,0,1,1,1,1,1,1,1,1,1,1,0,0,0,0,0,0,0,0
2008-07-25 13:15:00+00:00,30,7,13,151.34939575195312,132.9110565185547,0,0,0,0,0,0,0,0,0,0,0,0,1,1,1,1,1,0,0,0,0,0,0,0,0
2008-07-25 13:15:00+00:00,30,7,13,156.31297302246094,117.46454620361328,0,0,0,0,0,0,0,0,0,0,0,0,1,1,1,1,1,0,0,0,0,0,0,0,0
2008-07-25 13:15:00+00:00,30,7,13,87.2956314086914,76.35220336914062,0,0,0,0,0,0,0,0,0,1,1,1,1,1,1,1,1,0,0,0,0,0,0,0,0
2008-07-25 13:15:00+00:00,30,7,13,62.74028778076172,47.76716613769531,0,0,0,0,0,0,0,0,1,1,1,1,1,1,1,1,1,0,0,0,0,0,0,1,1
2008-07-25 13:15:00+00:00,30,7,13,186.6105499267578,163.7543487548828,0,0,0,0,0,0,0,0,0,0,0,0,0,1,1,1,1,0,0,0,0,0,0,0,0
2008-07-25 13:15:00+00:00,30,7,13,60.734745025634766,3.234450340270996,0,0,0,0,0,0,0,0,1,1,1,1,1,1,1,1,1,1,1,1,1,1,1,1,1
2008-07-25 13:15:00+00:00,30,7,13,211.19602966308594,6.505780220031738,0,0,0,0,0,0,0,0,0,0,0,0,0,0,1,1,1,1,1,1,1,1,1,1,1
2008-07-25 13:30:00+00:00,30,7,13,105.32940673828125,143.35035705566406,0,0,0,0,0,0,0,0,0,0,1,1,1,1,1,1,1,0,0,0,0,0,0,0,0
2008-07-25 13:30:00+00:00,30,7,13,114.05925750732422,6.1413350105285645,0,0,0,0,0,0,0,0,0,0,1,1,1,1,1,1,1,1,1,1,1,1,1,1,1
2008-07-25 13:30:00+00:00,30,7,13,360.4363708496094,371.4636535644531,0,0,0,0,0,0,0,0,0,0,0,0,0,0,0,0,0,0,0,0,0,0,0,0,0
2008-07-25 13:30:00+00:00,30,7,13,,,0,0,0,0,0,0,0,0,0,0,0,0,0,0,0,0,0,0,0,0,0,0,0,0,0
2008-07-25 13:30:00+00:00,30,7,13,,,0,0,0,0,0,0,0,0,0,0,0,0,0,0,0,0,0,0,0,0,0,0,0,0,0
2008-07-25 13:30:00+00:00,30,7,13,222.0106964111328,237.8210906982422,0,0,0,0,0,0,0,0,0,0,0,0,0,0,1,1,1,0,0,0,0,0,0,0,0
2008-07-25 13:30:00+00:00,30,7,13,,435.409912109375,0,0,0,0,0,0,0,0,0,0,0,0,0,0,0,0,0,0,0,0,0,0,0,0,0
2008-07-25 13:30:00+00:00,30,7,13,361.22509765625,346.9063415527344,0,0,0,0,0,0,0,0,0,0,0,0,0,0,0,0,0,0,0,0,0,0,0,0,0
2008-07-25 13:30:00+00:00,30,7,13,163.5347442626953,393.5523376464844,0,0,0,0,0,0,0,0,0,0,0,0,1,1,1,1,1,0,0,0,0,0,0,0,0
2008-07-25 13:30:00+00:00,30,7,13,,,0,0,0,0,0,0,0,0,0,0,0,0,0,0,0,0,0,0,0,0,0,0,0,0,0
2008-07-25 13:30:00+00:00,30,7,13,47.76841735839844,31.735912322998047,0,0,0,0,0,0,1,1,1,1,1,1,1,1,1,1,1,0,0,0,0,0,1,1,1
2008-07-25 13:30:00+00:00,30,7,13,,,0,0,0,0,0,0,0,0,0,0,0,0,0,0,0,0,0,0,0,0,0,0,0,0,0
2008-07-25 13:30:00+00:00,30,7,13,,,0,0,0,0,0,0,0,0,0,0,0,0,0,0,0,0,0,0,0,0,0,0,0,0,0
2008-07-25 13:30:00+00:00,30,7,13,366.4920959472656,,0,0,0,0,0,0,0,0,0,0,0,0,0,0,0,0,0,0,0,0,0,0,0,0,0
2008-07-25 13:30:00+00:00,30,7,13,,,0,0,0,0,0,0,0,0,0,0,0,0,0,0,0,0,0,0,0,0,0,0,0,0,0
2008-07-25 13:30:00+00:00,30,7,13,,,0,0,0,0,0,0,0,0,0,0,0,0,0,0,0,0,0,0,0,0,0,0,0,0,0
2008-07-25 13:30:00+00:00,30,7,13,125.3602066040039,120.6558837890625,0,0,0,0,0,0,0,0,0,0,0,1,1,1,1,1,1,0,0,0,0,0,0,0,0
2008-07-25 13:30:00+00:00,30,7,13,350.95758056640625,331.9556579589844,0,0,0,0,0,0,0,0,0,0,0,0,0,0,0,0,0,0,0,0,0,0,0,0,0
2008-07-25 13:30:00+00:00,30,7,13,160.64651489257812,124.40897369384766,0,0,0,0,0,0,0,0,0,0,0,0,1,1,1,1,1,0,0,0,0,0,0,0,0
2008-07-25 13:30:00+00:00,30,7,13,233.72055053710938,3.3678104877471924,0,0,0,0,0,0,0,0,0,0,0,0,0,0,1,1,1,1,1,1,1,1,1,1,1
2008-07-25 13:30:00+00:00,30,7,13,299.8620910644531,156.5465850830078,0,0,0,0,0,0,0,0,0,0,0,0,0,0,0,1,1,0,0,0,0,0,0,0,0
2008-07-25 13:30:00+00:00,30,7,13,123.17265319824219,125.09982299804688,0,0,0,0,0,0,0,0,0,0,0,1,1,1,1,1,1,0,0,0,0,0,0,0,0
2008-07-25 13:30:00+00:00,30,7,13,151.16539001464844,157.43096923828125,0,0,0,0,0,0,0,0,0,0,0,0,1,1,1,1,1,0,0,0,0,0,0,0,0
2008-07-25 13:30:00+00:00,30,7,13,122.46990203857422,55.36288833618164,0,0,0,0,0,0,0,0,0,0,0,1,1,1,1,1,1,0,0,0,0,0,0,0,1
2008-07-25 13:30:00+00:00,30,7,13,211.92727661132812,6.082489967346191,0,0,0,0,0,0,0,0,0,0,0,0,0,0,1,1,1,1,1,1,1,1,1,1,1
2008-07-25 13:45:00+00:00,30,7,13,260.8196105957031,328.14630126953125,0,0,0,0,0,0,0,0,0,0,0,0,0,0,0,1,1,0,0,0,0,0,0,0,0
2008-07-25 13:45:00+00:00,30,7,13,229.6612091064453,266.00811767578125,0,0,0,0,0,0,0,0,0,0,0,0,0,0,1,1,1,0,0,0,0,0,0,0,0
2008-07-25 13:45:00+00:00,30,7,13,276.3460998535156,301.2232360839844,0,0,0,0,0,0,0,0,0,0,0,0,0,0,0,1,1,0,0,0,0,0,0,0,0
2008-07-25 13:45:00+00:00,30,7,13,291.4659118652344,311.5334167480469,0,0,0,0,0,0,0,0,0,0,0,0,0,0,0,1,1,0,0,0,0,0,0,0,0
2008-07-25 13:45:00+00:00,30,7,13,,,0,0,0,0,0,0,0,0,0,0,0,0,0,0,0,0,0,0,0,0,0,0,0,0,0
2008-07-25 13:45:00+00:00,30,7,13,332.76788330078125,327.3774108886719,0,0,0,0,0,0,0,0,0,0,0,0,0,0,0,0,1,0,0,0,0,0,0,0,0
2008-07-25 13:45:00+00:00,30,7,13,130.8063507080078,136.8645782470703,0,0,0,0,0,0,0,0,0,0,0,1,1,1,1,1,1,0,0,0,0,0,0,0,0
2008-07-25 13:45:00+00:00,30,7,13,262.17913818359375,247.06857299804688,0,0,0,0,0,0,0,0,0,0,0,0,0,0,0,1,1,0,0,0,0,0,0,0,0
2008-07-25 13:45:00+00:00,30,7,13,397.42022705078125,308.9203796386719,0,0,0,0,0,0,0,0,0,0,0,0,0,0,0,0,0,0,0,0,0,0,0,0,0
2008-07-25 13:45:00+00:00,30,7,13,235.6189422607422,74.66954803466797,0,0,0,0,0,0,0,0,0,0,0,0,0,0,1,1,1,0,0,0,0,0,0,0,0
2008-07-25 13:45:00+00:00,30,7,13,25.1849422454834,3.035566568374634,0,0,0,0,1,1,1,1,1,1,1,1,1,1,1,1,1,1,1,1,1,1,1,1,1
2008-07-25 14:00:00+00:00,30,7,14,232.14476013183594,246.43385314941406,0,0,0,0,0,0,0,0,0,0,0,0,0,0,1,1,1,0,0,0,0,0,0,0,0
2008-07-25 14:00:00+00:00,30,7,14,273.5053405761719,347.6513671875,0,0,0,0,0,0,0,0,0,0,0,0,0,0,0,1,1,0,0,0,0,0,0,0,0
2008-07-25 14:00:00+00:00,30,7,14,341.33648681640625,295.5662841796875,0,0,0,0,0,0,0,0,0,0,0,0,0,0,0,0,1,0,0,0,0,0,0,0,0
2008-07-25 14:00:00+00:00,30,7,14,150.80262756347656,18.06973648071289,0,0,0,0,0,0,0,0,0,0,0,0,1,1,1,1,1,0,0,1,1,1,1,1,1
2008-07-25 14:00:00+00:00,30,7,14,91.84678649902344,95.3403091430664,0,0,0,0,0,0,0,0,0,1,1,1,1,1,1,1,1,0,0,0,0,0,0,0,0
2008-07-25 14:00:00+00:00,30,7,14,183.04698181152344,211.28457641601562,0,0,0,0,0,0,0,0,0,0,0,0,0,1,1,1,1,0,0,0,0,0,0,0,0
2008-07-25 14:00:00+00:00,30,7,14,312.1057434082031,404.5683288574219,0,0,0,0,0,0,0,0,0,0,0,0,0,0,0,0,1,0,0,0,0,0,0,0,0
2008-07-25 14:00:00+00:00,30,7,14,361.00970458984375,254.12831115722656,0,0,0,0,0,0,0,0,0,0,0,0,0,0,0,0,0,0,0,0,0,0,0,0,0
2008-07-25 14:00:00+00:00,30,7,14,146.2456512451172,184.71975708007812,0,0,0,0,0,0,0,0,0,0,0,1,1,1,1,1,1,0,0,0,0,0,0,0,0
2008-07-25 14:00:00+00:00,30,7,14,221.3578338623047,89.17115020751953,0,0,0,0,0,0,0,0,0,0,0,0,0,0,1,1,1,0,0,0,0,0,0,0,0
2008-07-25 14:00:00+00:00,30,7,14,320.2530822753906,298.0439453125,0,0,0,0,0,0,0,0,0,0,0,0,0,0,0,0,1,0,0,0,0,0,0,0,0
2008-07-25 14:00:00+00:00,30,7,14,,,0,0,0,0,0,0,0,0,0,0,0,0,0,0,0,0,0,0,0,0,0,0,0,0,0
2008-07-25 14:00:00+00:00,30,7,14,,543.159912109375,0,0,0,0,0,0,0,0,0,0,0,0,0,0,0,0,0,0,0,0,0,0,0,0,0
2008-07-25 14:00:00+00:00,30,7,14,,,0,0,0,0,0,0,0,0,0,0,0,0,0,0,0,0,0,0,0,0,0,0,0,0,0
2008-07-25 14:00:00+00:00,30,7,14,396.67572021484375,354.1449890136719,0,0,0,0,0,0,0,0,0,0,0,0,0,0,0,0,0,0,0,0,0,0,0,0,0
2008-07-25 14:00:00+00:00,30,7,14,326.9190368652344,261.585205078125,0,0,0,0,0,0,0,0,0,0,0,0,0,0,0,0,1,0,0,0,0,0,0,0,0
2008-07-25 14:00:00+00:00,30,7,14,499.7156677246094,489.0868225097656,0,0,0,0,0,0,0,0,0,0,0,0,0,0,0,0,0,0,0,0,0,0,0,0,0
2008-07-25 14:00:00+00:00,30,7,14,123.89553833007812,154.02114868164062,0,0,0,0,0,0,0,0,0,0,0,1,1,1,1,1,1,0,0,0,0,0,0,0,0
2008-07-25 14:00:00+00:00,30,7,14,119.97197723388672,189.92941284179688,0,0,0,0,0,0,0,0,0,0,1,1,1,1,1,1,1,0,0,0,0,0,0,0,0
2008-07-25 14:00:00+00:00,30,7,14,153.32583618164062,223.61732482910156,0,0,0,0,0,0,0,0,0,0,0,0,1,1,1,1,1,0,0,0,0,0,0,0,0
2008-07-25 14:00:00+00:00,30,7,14,,,0,0,0,0,0,0,0,0,0,0,0,0,0,0,0,0,0,0,0,0,0,0,0,0,0
2008-07-25 14:00:00+00:00,30,7,14,137.09584045410156,115.06000518798828,0,0,0,0,0,0,0,0,0,0,0,1,1,1,1,1,1,0,0,0,0,0,0,0,0
2008-07-25 14:00:00+00:00,30,7,14,88.28064727783203,0.0,0,0,0,0,0,0,0,0,0,1,1,1,1,1,1,1,1,1,1,1,1,1,1,1,1
2008-07-25 14:00:00+00:00,30,7,14,184.95484924316406,279.9285888671875,0,0,0,0,0,0,0,0,0,0,0,0,0,1,1,1,1,0,0,0,0,0,0,0,0
2008-07-25 14:00:00+00:00,30,7,14,170.8634796142578,34.481990814208984,0,0,0,0,0,0,0,0,0,0,0,0,1,1,1,1,1,0,0,0,0,0,1,1,1
2008-07-25 14:00:00+00:00,30,7,14,42.03358840942383,38.1212158203125,0,0,0,0,0,0,1,1,1,1,1,1,1,1,1,1,1,0,0,0,0,0,1,1,1
2008-07-25 14:00:00+00:00,30,7,14,42.29161071777344,9.10487174987793,0,0,0,0,0,0,1,1,1,1,1,1,1,1,1,1,1,1,1,1,1,1,1,1,1
2008-07-25 14:00:00+00:00,30,7,14,73.100341796875,62.370182037353516,0,0,0,0,0,0,0,0,1,1,1,1,1,1,1,1,1,0,0,0,0,0,0,0,0
2008-07-25 14:00:00+00:00,30,7,14,,,0,0,0,0,0,0,0,0,0,0,0,0,0,0,0,0,0,0,0,0,0,0,0,0,0
2008-07-25 14:15:00+00:00,30,7,14,269.67022705078125,242.8592987060547,0,0,0,0,0,0,0,0,0,0,0,0,0,0,0,1,1,0,0,0,0,0,0,0,0
2008-07-25 14:15:00+00:00,30,7,14,67.99681854248047,32.860713958740234,0,0,0,0,0,0,0,0,1,1,1,1,1,1,1,1,1,0,0,0,0,0,1,1,1
2008-07-25 14:15:00+00:00,30,7,14,314.280517578125,140.4426727294922,0,0,0,0,0,0,0,0,0,0,0,0,0,0,0,0,1,0,0,0,0,0,0,0,0
2008-07-25 14:15:00+00:00,30,7,14,261.4543762207031,384.2325134277344,0,0,0,0,0,0,0,0,0,0,0,0,0,0,0,1,1,0,0,0,0,0,0,0,0
2008-07-25 14:15:00+00:00,30,7,14,,280.5107727050781,0,0,0,0,0,0,0,0,0,0,0,0,0,0,0,0,0,0,0,0,0,0,0,0,0
2008-07-25 14:15:00+00:00,30,7,14,268.1915283203125,263.4198913574219,0,0,0,0,0,0,0,0,0,0,0,0,0,0,0,1,1,0,0,0,0,0,0,0,0
2008-07-25 14:15:00+00:00,30,7,14,167.54534912109375,142.13816833496094,0,0,0,0,0,0,0,0,0,0,0,0,1,1,1,1,1,0,0,0,0,0,0,0,0
2008-07-25 14:15:00+00:00,30,7,14,116.62071228027344,186.4642333984375,0,0,0,0,0,0,0,0,0,0,1,1,1,1,1,1,1,0,0,0,0,0,0,0,0
2008-07-25 14:15:00+00:00,30,7,14,173.0205841064453,108.27972412109375,0,0,0,0,0,0,0,0,0,0,0,0,1,1,1,1,1,0,0,0,0,0,0,0,0
2008-07-25 14:15:00+00:00,30,7,14,216.39096069335938,279.71453857421875,0,0,0,0,0,0,0,0,0,0,0,0,0,0,1,1,1,0,0,0,0,0,0,0,0
2008-07-25 14:15:00+00:00,30,7,14,138.55374145507812,92.68962097167969,0,0,0,0,0,0,0,0,0,0,0,1,1,1,1,1,1,0,0,0,0,0,0,0,0
2008-07-25 14:15:00+00:00,30,7,14,44.0002326965332,12.696213722229004,0,0,0,0,0,0,1,1,1,1,1,1,1,1,1,1,1,0,1,1,1,1,1,1,1
2008-07-25 14:15:00+00:00,30,7,14,50.688621520996094,36.02538299560547,0,0,0,0,0,0,0,1,1,1,1,1,1,1,1,1,1,0,0,0,0,0,1,1,1
2008-07-25 14:15:00+00:00,30,7,14,43.429344177246094,13.10565185546875,0,0,0,0,0,0,1,1,1,1,1,1,1,1,1,1,1,0,1,1,1,1,1,1,1
2008-07-25 14:15:00+00:00,30,7,14,69.18467712402344,13.15898323059082,0,0,0,0,0,0,0,0,1,1,1,1,1,1,1,1,1,0,1,1,1,1,1,1,1
2008-07-25 14:15:00+00:00,30,7,14,,3.40803599357605,0,0,0,0,0,0,0,0,0,0,0,0,0,0,0,0,0,1,1,1,1,1,1,1,1
2008-07-25 14:15:00+00:00,30,7,14,,52.37812423706055,0,0,0,0,0,0,0,0,0,0,0,0,0,0,0,0,0,0,0,0,0,0,0,0,1
2008-07-25 14:30:00+00:00,30,7,14,132.80767822265625,92.3719711303711,0,0,0,0,0,0,0,0,0,0,0,1,1,1,1,1,1,0,0,0,0,0,0,0,0
2008-07-25 14:30:00+00:00,30,7,14,333.0456237792969,291.7917785644531,0,0,0,0,0,0,0,0,0,0,0,0,0,0,0,0,1,0,0,0,0,0,0,0,0
2008-07-25 14:30:00+00:00,30,7,14,202.7275848388672,175.11062622070312,0,0,0,0,0,0,0,0,0,0,0,0,0,0,1,1,1,0,0,0,0,0,0,0,0
2008-07-25 14:30:00+00:00,30,7,14,334.9313659667969,,0,0,0,0,0,0,0,0,0,0,0,0,0,0,0,0,1,0,0,0,0,0,0,0,0
2008-07-25 14:30:00+00:00,30,7,14,369.0191650390625,361.42755126953125,0,0,0,0,0,0,0,0,0,0,0,0,0,0,0,0,0,0,0,0,0,0,0,0,0
2008-07-25 14:30:00+00:00,30,7,14,,443.4482421875,0,0,0,0,0,0,0,0,0,0,0,0,0,0,0,0,0,0,0,0,0,0,0,0,0
2008-07-25 14:30:00+00:00,30,7,14,83.44058227539062,39.04979705810547,0,0,0,0,0,0,0,0,0,1,1,1,1,1,1,1,1,0,0,0,0,0,1,1,1
2008-07-25 14:30:00+00:00,30,7,14,378.1613464355469,373.4748840332031,0,0,0,0,0,0,0,0,0,0,0,0,0,0,0,0,0,0,0,0,0,0,0,0,0
2008-07-25 14:30:00+00:00,30,7,14,430.09967041015625,352.9198913574219,0,0,0,0,0,0,0,0,0,0,0,0,0,0,0,0,0,0,0,0,0,0,0,0,0
2008-07-25 14:30:00+00:00,30,7,14,344.6817321777344,342.06201171875,0,0,0,0,0,0,0,0,0,0,0,0,0,0,0,0,1,0,0,0,0,0,0,0,0
2008-07-25 14:30:00+00:00,30,7,14,149.38856506347656,145.91107177734375,0,0,0,0,0,0,0,0,0,0,0,1,1,1,1,1,1,0,0,0,0,0,0,0,0
2008-07-25 14:30:00+00:00,30,7,14,,,0,0,0,0,0,0,0,0,0,0,0,0,0,0,0,0,0,0,0,0,0,0,0,0,0
2008-07-25 14:45:00+00:00,30,7,14,77.24384307861328,61.594181060791016,0,0,0,0,0,0,0,0,1,1,1,1,1,1,1,1,1,0,0,0,0,0,0,0,0
2008-07-25 14:45:00+00:00,30,7,14,,,0,0,0,0,0,0,0,0,0,0,0,0,0,0,0,0,0,0,0,0,0,0,0,0,0
2008-07-25 14:45:00+00:00,30,7,14,345.92626953125,401.9499206542969,0,0,0,0,0,0,0,0,0,0,0,0,0,0,0,0,1,0,0,0,0,0,0,0,0
2008-07-25 14:45:00+00:00,30,7,14,216.0015106201172,251.3299560546875,0,0,0,0,0,0,0,0,0,0,0,0,0,0,1,1,1,0,0,0,0,0,0,0,0
2008-07-25 14:45:00+00:00,30,7,14,259.8877868652344,250.70494079589844,0,0,0,0,0,0,0,0,0,0,0,0,0,0,0,1,1,0,0,0,0,0,0,0,0
2008-07-25 14:45:00+00:00,30,7,14,134.65524291992188,99.487548828125,0,0,0,0,0,0,0,0,0,0,0,1,1,1,1,1,1,0,0,0,0,0,0,0,0
2008-07-25 14:45:00+00:00,30,7,14,157.088134765625,123.26078796386719,0,0,0,0,0,0,0,0,0,0,0,0,1,1,1,1,1,0,0,0,0,0,0,0,0
2008-07-25 14:45:00+00:00,30,7,14,348.3642578125,340.4527282714844,0,0,0,0,0,0,0,0,0,0,0,0,0,0,0,0,1,0,0,0,0,0,0,0,0
2008-07-25 14:45:00+00:00,30,7,14,365.38836669921875,0.0,0,0,0,0,0,0,0,0,0,0,0,0,0,0,0,0,0,1,1,1,1,1,1,1,1
2008-07-25 14:45:00+00:00,30,7,14,170.75962829589844,166.20436096191406,0,0,0,0,0,0,0,0,0,0,0,0,1,1,1,1,1,0,0,0,0,0,0,0,0
2008-07-25 14:45:00+00:00,30,7,14,121.880615234375,95.11858367919922,0,0,0,0,0,0,0,0,0,0,0,1,1,1,1,1,1,0,0,0,0,0,0,0,0
2008-07-25 14:45:00+00:00,30,7,14,87.40342712402344,62.94483184814453,0,0,0,0,0,0,0,0,0,1,1,1,1,1,1,1,1,0,0,0,0,0,0,0,0
2008-07-25 14:45:00+00:00,30,7,14,48.71284866333008,27.526948928833008,0,0,0,0,0,0,1,1,1,1,1,1,1,1,1,1,1,0,0,0,0,1,1,1,1
2008-07-25 15:00:00+00:00,30,7,15,181.22991943359375,176.34478759765625,0,0,0,0,0,0,0,0,0,0,0,0,0,1,1,1,1,0,0,0,0,0,0,0,0
2008-07-25 15:00:00+00:00,30,7,15,,,0,0,0,0,0,0,0,0,0,0,0,0,0,0,0,0,0,0,0,0,0,0,0,0,0
2008-07-25 15:00:00+00:00,30,7,15,354.9931640625,228.3856964111328,0,0,0,0,0,0,0,0,0,0,0,0,0,0,0,0,0,0,0,0,0,0,0,0,0
2008-07-25 15:00:00+00:00,30,7,15,274.10943603515625,211.2967529296875,0,0,0,0,0,0,0,0,0,0,0,0,0,0,0,1,1,0,0,0,0,0,0,0,0
2008-07-25 15:00:00+00:00,30,7,15,283.48699951171875,276.2779846191406,0,0,0,0,0,0,0,0,0,0,0,0,0,0,0,1,1,0,0,0,0,0,0,0,0
2008-07-25 15:00:00+00:00,30,7,15,83.5372543334961,63.57962417602539,0,0,0,0,0,0,0,0,0,1,1,1,1,1,1,1,1,0,0,0,0,0,0,0,0
2008-07-25 15:00:00+00:00,30,7,15,147.65078735351562,117.4532470703125,0,0,0,0,0,0,0,0,0,0,0,1,1,1,1,1,1,0,0,0,0,0,0,0,0
2008-07-25 15:00:00+00:00,30,7,15,228.031494140625,212.83212280273438,0,0,0,0,0,0,0,0,0,0,0,0,0,0,1,1,1,0,0,0,0,0,0,0,0
2008-07-25 15:00:00+00:00,30,7,15,135.0419464111328,118.96522521972656,0,0,0,0,0,0,0,0,0,0,0,1,1,1,1,1,1,0,0,0,0,0,0,0,0
2008-07-25 15:00:00+00:00,30,7,15,220.36557006835938,471.9197998046875,0,0,0,0,0,0,0,0,0,0,0,0,0,0,1,1,1,0,0,0,0,0,0,0,0
2008-07-25 15:00:00+00:00,30,7,15,327.1168212890625,440.84344482421875,0,0,0,0,0,0,0,0,0,0,0,0,0,0,0,0,1,0,0,0,0,0,0,0,0
2008-07-25 15:00:00+00:00,30,7,15,,,0,0,0,0,0,0,0,0,0,0,0,0,0,0,0,0,0,0,0,0,0,0,0,0,0
2008-07-25 15:00:00+00:00,30,7,15,111.21630096435547,72.2220687866211,0,0,0,0,0,0,0,0,0,0,1,1,1,1,1,1,1,0,0,0,0,0,0,0,0
2008-07-25 15:15:00+00:00,30,7,15,153.5865936279297,127.09403991699219,0,0,0,0,0,0,0,0,0,0,0,0,1,1,1,1,1,0,0,0,0,0,0,0,0
2008-07-25 15:15:00+00:00,30,7,15,158.23538208007812,155.38906860351562,0,0,0,0,0,0,0,0,0,0,0,0,1,1,1,1,1,0,0,0,0,0,0,0,0
2008-07-25 15:15:00+00:00,30,7,15,349.46099853515625,352.57745361328125,0,0,0,0,0,0,0,0,0,0,0,0,0,0,0,0,1,0,0,0,0,0,0,0,0
2008-07-25 15:15:00+00:00,30,7,15,316.9014892578125,255.69277954101562,0,0,0,0,0,0,0,0,0,0,0,0,0,0,0,0,1,0,0,0,0,0,0,0,0
2008-07-25 15:15:00+00:00,30,7,15,73.01476287841797,50.82990646362305,0,0,0,0,0,0,0,0,1,1,1,1,1,1,1,1,1,0,0,0,0,0,0,0,1
2008-07-25 15:15:00+00:00,30,7,15,185.0638427734375,61.86482238769531,0,0,0,0,0,0,0,0,0,0,0,0,0,1,1,1,1,0,0,0,0,0,0,0,0
2008-07-25 15:15:00+00:00,30,7,15,112.6839828491211,72.46969604492188,0,0,0,0,0,0,0,0,0,0,1,1,1,1,1,1,1,0,0,0,0,0,0,0,0
2008-07-25 15:15:00+00:00,30,7,15,,,0,0,0,0,0,0,0,0,0,0,0,0,0,0,0,0,0,0,0,0,0,0,0,0,0
2008-07-25 15:15:00+00:00,30,7,15,185.58035278320312,183.39016723632812,0,0,0,0,0,0,0,0,0,0,0,0,0,1,1,1,1,0,0,0,0,0,0,0,0
2008-07-25 15:30:00+00:00,30,7,15,341.80560302734375,,0,0,0,0,0,0,0,0,0,0,0,0,0,0,0,0,1,0,0,0,0,0,0,0,0
2008-07-25 15:30:00+00:00,30,7,15,250.4191131591797,218.98057556152344,0,0,0,0,0,0,0,0,0,0,0,0,0,0,0,1,1,0,0,0,0,0,0,0,0
2008-07-25 15:30:00+00:00,30,7,15,96.98168182373047,108.28939819335938,0,0,0,0,0,0,0,0,0,1,1,1,1,1,1,1,1,0,0,0,0,0,0,0,0
2008-07-25 15:30:00+00:00,30,7,15,183.1443634033203,156.64511108398438,0,0,0,0,0,0,0,0,0,0,0,0,0,1,1,1,1,0,0,0,0,0,0,0,0
2008-07-25 15:30:00+00:00,30,7,15,169.01788330078125,184.14491271972656,0,0,0,0,0,0,0,0,0,0,0,0,1,1,1,1,1,0,0,0,0,0,0,0,0
2008-07-25 15:30:00+00:00,30,7,15,347.668212890625,386.7125549316406,0,0,0,0,0,0,0,0,0,0,0,0,0,0,0,0,1,0,0,0,0,0,0,0,0
2008-07-25 15:30:00+00:00,30,7,15,137.6874542236328,153.2317657470703,0,0,0,0,0,0,0,0,0,0,0,1,1,1,1,1,1,0,0,0,0,0,0,0,0
2008-07-25 15:30:00+00:00,30,7,15,107.5718765258789,75.8192138671875,0,0,0,0,0,0,0,0,0,0,1,1,1,1,1,1,1,0,0,0,0,0,0,0,0
2008-07-25 15:30:00+00:00,30,7,15,208.5854034423828,4.423844814300537,0,0,0,0,0,0,0,0,0,0,0,0,0,0,1,1,1,1,1,1,1,1,1,1,1
2008-07-25 15:30:00+00:00,30,7,15,132.29959106445312,91.22797393798828,0,0,0,0,0,0,0,0,0,0,0,1,1,1,1,1,1,0,0,0,0,0,0,0,0
2008-07-25 15:45:00+00:00,30,7,15,70.49654388427734,75.1021957397461,0,0,0,0,0,0,0,0,1,1,1,1,1,1,1,1,1,0,0,0,0,0,0,0,0
2008-07-25 15:45:00+00:00,30,7,15,187.0300750732422,279.7361145019531,0,0,0,0,0,0,0,0,0,0,0,0,0,1,1,1,1,0,0,0,0,0,0,0,0
2008-07-25 15:45:00+00:00,30,7,15,,,0,0,0,0,0,0,0,0,0,0,0,0,0,0,0,0,0,0,0,0,0,0,0,0,0
2008-07-25 15:45:00+00:00,30,7,15,37.2612190246582,3.22243595123291,0,0,0,0,0,1,1,1,1,1,1,1,1,1,1,1,1,1,1,1,1,1,1,1,1
2008-07-25 15:45:00+00:00,30,7,15,51.24783706665039,17.755199432373047,0,0,0,0,0,0,0,1,1,1,1,1,1,1,1,1,1,0,0,1,1,1,1,1,1
2008-07-25 15:45:00+00:00,30,7,15,242.18939208984375,248.76113891601562,0,0,0,0,0,0,0,0,0,0,0,0,0,0,1,1,1,0,0,0,0,0,0,0,0
2008-07-25 15:45:00+00:00,30,7,15,43.095191955566406,30.523303985595703,0,0,0,0,0,0,1,1,1,1,1,1,1,1,1,1,1,0,0,0,0,0,1,1,1
2008-07-25 16:00:00+00:00,30,7,16,327.48370361328125,139.6243438720703,0,0,0,0,0,0,0,0,0,0,0,0,0,0,0,0,1,0,0,0,0,0,0,0,0
2008-07-25 16:00:00+00:00,30,7,16,140.86996459960938,145.7511444091797,0,0,0,0,0,0,0,0,0,0,0,1,1,1,1,1,1,0,0,0,0,0,0,0,0
2008-07-25 16:00:00+00:00,30,7,16,161.15243530273438,27.666032791137695,0,0,0,0,0,0,0,0,0,0,0,0,1,1,1,1,1,0,0,0,0,1,1,1,1
2008-07-25 16:00:00+00:00,30,7,16,86.8456039428711,45.7751350402832,0,0,0,0,0,0,0,0,0,1,1,1,1,1,1,1,1,0,0,0,0,0,0,1,1
2008-07-25 16:00:00+00:00,30,7,16,429.4267578125,464.5284729003906,0,0,0,0,0,0,0,0,0,0,0,0,0,0,0,0,0,0,0,0,0,0,0,0,0
2008-07-25 16:00:00+00:00,30,7,16,47.983890533447266,28.614587783813477,0,0,0,0,0,0,1,1,1,1,1,1,1,1,1,1,1,0,0,0,0,1,1,1,1
2008-07-25 16:00:00+00:00,30,7,16,363.5700988769531,322.1860656738281,0,0,0,0,0,0,0,0,0,0,0,0,0,0,0,0,0,0,0,0,0,0,0,0,0
2008-07-25 16:00:00+00:00,30,7,16,294.74847412109375,334.44171142578125,0,0,0,0,0,0,0,0,0,0,0,0,0,0,0,1,1,0,0,0,0,0,0,0,0
2008-07-25 16:15:00+00:00,30,7,16,412.369873046875,407.36492919921875,0,0,0,0,0,0,0,0,0,0,0,0,0,0,0,0,0,0,0,0,0,0,0,0,0
2008-07-25 16:15:00+00:00,30,7,16,334.01123046875,328.974853515625,0,0,0,0,0,0,0,0,0,0,0,0,0,0,0,0,1,0,0,0,0,0,0,0,0
2008-07-25 16:15:00+00:00,30,7,16,122.35883331298828,106.86547088623047,0,0,0,0,0,0,0,0,0,0,0,1,1,1,1,1,1,0,0,0,0,0,0,0,0
2008-07-25 16:15:00+00:00,30,7,16,121.38469696044922,87.94293975830078,0,0,0,0,0,0,0,0,0,0,0,1,1,1,1,1,1,0,0,0,0,0,0,0,0
2008-07-25 16:15:00+00:00,30,7,16,119.11997985839844,127.69775390625,0,0,0,0,0,0,0,0,0,0,1,1,1,1,1,1,1,0,0,0,0,0,0,0,0
2008-07-25 16:15:00+00:00,30,7,16,45.451717376708984,13.714010238647461,0,0,0,0,0,0,1,1,1,1,1,1,1,1,1,1,1,0,1,1,1,1,1,1,1
2008-07-25 16:15:00+00:00,30,7,16,64.39028930664062,65.16639709472656,0,0,0,0,0,0,0,0,1,1,1,1,1,1,1,1,1,0,0,0,0,0,0,0,0
2008-07-25 16:15:00+00:00,30,7,16,95.082275390625,122.59796142578125,0,0,0,0,0,0,0,0,0,1,1,1,1,1,1,1,1,0,0,0,0,0,0,0,0
2008-07-25 16:15:00+00:00,30,7,16,362.70758056640625,372.6261901855469,0,0,0,0,0,0,0,0,0,0,0,0,0,0,0,0,0,0,0,0,0,0,0,0,0
2008-07-25 16:30:00+00:00,30,7,16,370.72955322265625,82.38529205322266,0,0,0,0,0,0,0,0,0,0,0,0,0,0,0,0,0,0,0,0,0,0,0,0,0
2008-07-25 16:30:00+00:00,30,7,16,348.35552978515625,340.45458984375,0,0,0,0,0,0,0,0,0,0,0,0,0,0,0,0,1,0,0,0,0,0,0,0,0
2008-07-25 16:30:00+00:00,30,7,16,,,0,0,0,0,0,0,0,0,0,0,0,0,0,0,0,0,0,0,0,0,0,0,0,0,0
2008-07-25 16:30:00+00:00,30,7,16,247.08102416992188,274.1654357910156,0,0,0,0,0,0,0,0,0,0,0,0,0,0,1,1,1,0,0,0,0,0,0,0,0
2008-07-25 16:30:00+00:00,30,7,16,303.193359375,277.90142822265625,0,0,0,0,0,0,0,0,0,0,0,0,0,0,0,0,1,0,0,0,0,0,0,0,0
2008-07-25 16:30:00+00:00,30,7,16,88.96543884277344,33.15950393676758,0,0,0,0,0,0,0,0,0,1,1,1,1,1,1,1,1,0,0,0,0,0,1,1,1
2008-07-25 16:30:00+00:00,30,7,16,60.2235221862793,40.835933685302734,0,0,0,0,0,0,0,0,1,1,1,1,1,1,1,1,1,0,0,0,0,0,0,1,1
2008-07-25 16:30:00+00:00,30,7,16,65.0317611694336,53.20741271972656,0,0,0,0,0,0,0,0,1,1,1,1,1,1,1,1,1,0,0,0,0,0,0,0,1
2008-07-25 16:30:00+00:00,30,7,16,124.73790740966797,115.28219604492188,0,0,0,0,0,0,0,0,0,0,0,1,1,1,1,1,1,0,0,0,0,0,0,0,0
2008-07-25 16:45:00+00:00,30,7,16,98.23533630371094,125.18036651611328,0,0,0,0,0,0,0,0,0,1,1,1,1,1,1,1,1,0,0,0,0,0,0,0,0
2008-07-25 16:45:00+00:00,30,7,16,,,0,0,0,0,0,0,0,0,0,0,0,0,0,0,0,0,0,0,0,0,0,0,0,0,0
2008-07-25 16:45:00+00:00,30,7,16,412.70458984375,390.53057861328125,0,0,0,0,0,0,0,0,0,0,0,0,0,0,0,0,0,0,0,0,0,0,0,0,0
2008-07-25 16:45:00+00:00,30,7,16,48.73802185058594,27.006980895996094,0,0,0,0,0,0,1,1,1,1,1,1,1,1,1,1,1,0,0,0,0,1,1,1,1
2008-07-25 16:45:00+00:00,30,7,16,108.81226348876953,110.19032287597656,0,0,0,0,0,0,0,0,0,0,1,1,1,1,1,1,1,0,0,0,0,0,0,0,0
2008-07-25 16:45:00+00:00,30,7,16,146.28553771972656,177.26138305664062,0,0,0,0,0,0,0,0,0,0,0,1,1,1,1,1,1,0,0,0,0,0,0,0,0
2008-07-25 16:45:00+00:00,30,7,16,220.12423706054688,223.3325653076172,0,0,0,0,0,0,0,0,0,0,0,0,0,0,1,1,1,0,0,0,0,0,0,0,0
2008-07-25 16:45:00+00:00,30,7,16,106.64642333984375,3.2106573581695557,0,0,0,0,0,0,0,0,0,0,1,1,1,1,1,1,1,1,1,1,1,1,1,1,1
2008-07-25 16:45:00+00:00,30,7,16,131.65493774414062,12.082484245300293,0,0,0,0,0,0,0,0,0,0,0,1,1,1,1,1,1,0,1,1,1,1,1,1,1
2008-07-25 17:00:00+00:00,30,7,17,,,0,0,0,0,0,0,0,0,0,0,0,0,0,0,0,0,0,0,0,0,0,0,0,0,0
2008-07-25 17:00:00+00:00,30,7,17,217.0396270751953,201.3944549560547,0,0,0,0,0,0,0,0,0,0,0,0,0,0,1,1,1,0,0,0,0,0,0,0,0
2008-07-25 17:00:00+00:00,30,7,17,,348.11090087890625,0,0,0,0,0,0,0,0,0,0,0,0,0,0,0,0,0,0,0,0,0,0,0,0,0
2008-07-25 17:00:00+00:00,30,7,17,117.48854064941406,106.62055969238281,0,0,0,0,0,0,0,0,0,0,1,1,1,1,1,1,1,0,0,0,0,0,0,0,0
2008-07-25 17:00:00+00:00,30,7,17,57.86885452270508,4.367620944976807,0,0,0,0,0,0,0,1,1,1,1,1,1,1,1,1,1,1,1,1,1,1,1,1,1
2008-07-25 17:15:00+00:00,30,7,17,,,0,0,0,0,0,0,0,0,0,0,0,0,0,0,0,0,0,0,0,0,0,0,0,0,0
2008-07-25 17:15:00+00:00,30,7,17,82.61241149902344,361.9302978515625,0,0,0,0,0,0,0,0,0,1,1,1,1,1,1,1,1,0,0,0,0,0,0,0,0
2008-07-25 17:15:00+00:00,30,7,17,383.8750915527344,119.92061614990234,0,0,0,0,0,0,0,0,0,0,0,0,0,0,0,0,0,0,0,0,0,0,0,0,0
2008-07-25 17:15:00+00:00,30,7,17,250.833251953125,,0,0,0,0,0,0,0,0,0,0,0,0,0,0,0,1,1,0,0,0,0,0,0,0,0
2008-07-25 17:15:00+00:00,30,7,17,187.26829528808594,210.71717834472656,0,0,0,0,0,0,0,0,0,0,0,0,0,1,1,1,1,0,0,0,0,0,0,0,0
2008-07-25 17:15:00+00:00,30,7,17,92.36273193359375,81.41464233398438,0,0,0,0,0,0,0,0,0,1,1,1,1,1,1,1,1,0,0,0,0,0,0,0,0
2008-07-25 17:15:00+00:00,30,7,17,95.2916259765625,3.029932737350464,0,0,0,0,0,0,0,0,0,1,1,1,1,1,1,1,1,1,1,1,1,1,1,1,1
2008-07-25 17:15:00+00:00,30,7,17,54.3836784362793,76.94912719726562,0,0,0,0,0,0,0,1,1,1,1,1,1,1,1,1,1,0,0,0,0,0,0,0,0
2008-07-25 17:30:00+00:00,30,7,17,268.957763671875,300.48553466796875,0,0,0,0,0,0,0,0,0,0,0,0,0,0,0,1,1,0,0,0,0,0,0,0,0
2008-07-25 17:30:00+00:00,30,7,17,149.2186279296875,108.9693374633789,0,0,0,0,0,0,0,0,0,0,0,1,1,1,1,1,1,0,0,0,0,0,0,0,0
2008-07-25 17:30:00+00:00,30,7,17,144.34812927246094,210.98985290527344,0,0,0,0,0,0,0,0,0,0,0,1,1,1,1,1,1,0,0,0,0,0,0,0,0
2008-07-25 17:45:00+00:00,30,7,17,160.68673706054688,,0,0,0,0,0,0,0,0,0,0,0,0,1,1,1,1,1,0,0,0,0,0,0,0,0
2008-07-25 17:45:00+00:00,30,7,17,,,0,0,0,0,0,0,0,0,0,0,0,0,0,0,0,0,0,0,0,0,0,0,0,0,0
2008-07-25 17:45:00+00:00,30,7,17,183.22166442871094,202.65176391601562,0,0,0,0,0,0,0,0,0,0,0,0,0,1,1,1,1,0,0,0,0,0,0,0,0
2008-07-25 17:45:00+00:00,30,7,17,107.27052307128906,51.992435455322266,0,0,0,0,0,0,0,0,0,0,1,1,1,1,1,1,1,0,0,0,0,0,0,0,1
2008-07-26 10:00:00+00:00,30,7,10,,,0,0,0,0,0,0,0,0,0,0,0,0,0,0,0,0,0,0,0,0,0,0,0,0,0
2008-07-26 10:00:00+00:00,30,7,10,,366.5726623535156,0,0,0,0,0,0,0,0,0,0,0,0,0,0,0,0,0,0,0,0,0,0,0,0,0
2008-07-26 10:00:00+00:00,30,7,10,,,0,0,0,0,0,0,0,0,0,0,0,0,0,0,0,0,0,0,0,0,0,0,0,0,0
2008-07-26 10:00:00+00:00,30,7,10,,,0,0,0,0,0,0,0,0,0,0,0,0,0,0,0,0,0,0,0,0,0,0,0,0,0
2008-07-26 10:00:00+00:00,30,7,10,,388.4173583984375,0,0,0,0,0,0,0,0,0,0,0,0,0,0,0,0,0,0,0,0,0,0,0,0,0
2008-07-26 10:00:00+00:00,30,7,10,,341.77423095703125,0,0,0,0,0,0,0,0,0,0,0,0,0,0,0,0,0,0,0,0,0,0,0,0,0
2008-07-26 10:00:00+00:00,30,7,10,,419.2194519042969,0,0,0,0,0,0,0,0,0,0,0,0,0,0,0,0,0,0,0,0,0,0,0,0,0
2008-07-26 10:00:00+00:00,30,7,10,,382.24578857421875,0,0,0,0,0,0,0,0,0,0,0,0,0,0,0,0,0,0,0,0,0,0,0,0,0
2008-07-26 10:00:00+00:00,30,7,10,,,0,0,0,0,0,0,0,0,0,0,0,0,0,0,0,0,0,0,0,0,0,0,0,0,0
2008-07-26 10:00:00+00:00,30,7,10,,198.98541259765625,0,0,0,0,0,0,0,0,0,0,0,0,0,0,0,0,0,0,0,0,0,0,0,0,0
2008-07-26 10:00:00+00:00,30,7,10,,193.2480010986328,0,0,0,0,0,0,0,0,0,0,0,0,0,0,0,0,0,0,0,0,0,0,0,0,0
2008-07-26 10:00:00+00:00,30,7,10,,,0,0,0,0,0,0,0,0,0,0,0,0,0,0,0,0,0,0,0,0,0,0,0,0,0
2008-07-26 10:00:00+00:00,30,7,10,,,0,0,0,0,0,0,0,0,0,0,0,0,0,0,0,0,0,0,0,0,0,0,0,0,0
2008-07-26 10:00:00+00:00,30,7,10,,,0,0,0,0,0,0,0,0,0,0,0,0,0,0,0,0,0,0,0,0,0,0,0,0,0
2008-07-26 10:00:00+00:00,30,7,10,,,0,0,0,0,0,0,0,0,0,0,0,0,0,0,0,0,0,0,0,0,0,0,0,0,0
2008-07-26 10:00:00+00:00,30,7,10,,553.9805297851562,0,0,0,0,0,0,0,0,0,0,0,0,0,0,0,0,0,0,0,0,0,0,0,0,0
2008-07-26 10:00:00+00:00,30,7,10,,167.98776245117188,0,0,0,0,0,0,0,0,0,0,0,0,0,0,0,0,0,0,0,0,0,0,0,0,0
2008-07-26 10:15:00+00:00,30,7,10,341.4083251953125,330.0511779785156,0,0,0,0,0,0,0,0,0,0,0,0,0,0,0,0,1,0,0,0,0,0,0,0,0
2008-07-26 10:15:00+00:00,30,7,10,,,0,0,0,0,0,0,0,0,0,0,0,0,0,0,0,0,0,0,0,0,0,0,0,0,0
2008-07-26 10:15:00+00:00,30,7,10,,,0,0,0,0,0,0,0,0,0,0,0,0,0,0,0,0,0,0,0,0,0,0,0,0,0
2008-07-26 10:15:00+00:00,30,7,10,369.3605041503906,329.6981506347656,0,0,0,0,0,0,0,0,0,0,0,0,0,0,0,0,0,0,0,0,0,0,0,0,0
2008-07-26 10:15:00+00:00,30,7,10,368.95428466796875,411.86871337890625,0,0,0,0,0,0,0,0,0,0,0,0,0,0,0,0,0,0,0,0,0,0,0,0,0
2008-07-26 10:15:00+00:00,30,7,10,321.0911560058594,281.8031005859375,0,0,0,0,0,0,0,0,0,0,0,0,0,0,0,0,1,0,0,0,0,0,0,0,0
2008-07-26 10:15:00+00:00,30,7,10,236.8494415283203,272.852294921875,0,0,0,0,0,0,0,0,0,0,0,0,0,0,1,1,1,0,0,0,0,0,0,0,0
2008-07-26 10:15:00+00:00,30,7,10,403.9435119628906,444.6590881347656,0,0,0,0,0,0,0,0,0,0,0,0,0,0,0,0,0,0,0,0,0,0,0,0,0
2008-07-26 10:15:00+00:00,30,7,10,,,0,0,0,0,0,0,0,0,0,0,0,0,0,0,0,0,0,0,0,0,0,0,0,0,0
2008-07-26 10:15:00+00:00,30,7,10,,,0,0,0,0,0,0,0,0,0,0,0,0,0,0,0,0,0,0,0,0,0,0,0,0,0
2008-07-26 10:15:00+00:00,30,7,10,,,0,0,0,0,0,0,0,0,0,0,0,0,0,0,0,0,0,0,0,0,0,0,0,0,0
2008-07-26 10:15:00+00:00,30,7,10,,,0,0,0,0,0,0,0,0,0,0,0,0,0,0,0,0,0,0,0,0,0,0,0,0,0
2008-07-26 10:15:00+00:00,30,7,10,,,0,0,0,0,0,0,0,0,0,0,0,0,0,0,0,0,0,0,0,0,0,0,0,0,0
2008-07-26 10:15:00+00:00,30,7,10,,,0,0,0,0,0,0,0,0,0,0,0,0,0,0,0,0,0,0,0,0,0,0,0,0,0
2008-07-26 10:15:00+00:00,30,7,10,,,0,0,0,0,0,0,0,0,0,0,0,0,0,0,0,0,0,0,0,0,0,0,0,0,0
2008-07-26 10:15:00+00:00,30,7,10,,,0,0,0,0,0,0,0,0,0,0,0,0,0,0,0,0,0,0,0,0,0,0,0,0,0
2008-07-26 10:15:00+00:00,30,7,10,,,0,0,0,0,0,0,0,0,0,0,0,0,0,0,0,0,0,0,0,0,0,0,0,0,0
2008-07-26 10:15:00+00:00,30,7,10,,,0,0,0,0,0,0,0,0,0,0,0,0,0,0,0,0,0,0,0,0,0,0,0,0,0
2008-07-26 10:15:00+00:00,30,7,10,,,0,0,0,0,0,0,0,0,0,0,0,0,0,0,0,0,0,0,0,0,0,0,0,0,0
2008-07-26 10:15:00+00:00,30,7,10,,,0,0,0,0,0,0,0,0,0,0,0,0,0,0,0,0,0,0,0,0,0,0,0,0,0
2008-07-26 10:15:00+00:00,30,7,10,286.4814453125,294.0738525390625,0,0,0,0,0,0,0,0,0,0,0,0,0,0,0,1,1,0,0,0,0,0,0,0,0
2008-07-26 10:15:00+00:00,30,7,10,520.427734375,,0,0,0,0,0,0,0,0,0,0,0,0,0,0,0,0,0,0,0,0,0,0,0,0,0
2008-07-26 10:15:00+00:00,30,7,10,267.1195983886719,320.377197265625,0,0,0,0,0,0,0,0,0,0,0,0,0,0,0,1,1,0,0,0,0,0,0,0,0
2008-07-26 10:30:00+00:00,30,7,10,,,0,0,0,0,0,0,0,0,0,0,0,0,0,0,0,0,0,0,0,0,0,0,0,0,0
2008-07-26 10:30:00+00:00,30,7,10,,,0,0,0,0,0,0,0,0,0,0,0,0,0,0,0,0,0,0,0,0,0,0,0,0,0
2008-07-26 10:30:00+00:00,30,7,10,,,0,0,0,0,0,0,0,0,0,0,0,0,0,0,0,0,0,0,0,0,0,0,0,0,0
2008-07-26 10:30:00+00:00,30,7,10,,,0,0,0,0,0,0,0,0,0,0,0,0,0,0,0,0,0,0,0,0,0,0,0,0,0
2008-07-26 10:30:00+00:00,30,7,10,,,0,0,0,0,0,0,0,0,0,0,0,0,0,0,0,0,0,0,0,0,0,0,0,0,0
2008-07-26 10:30:00+00:00,30,7,10,444.78753662109375,,0,0,0,0,0,0,0,0,0,0,0,0,0,0,0,0,0,0,0,0,0,0,0,0,0
2008-07-26 10:30:00+00:00,30,7,10,347.6917724609375,,0,0,0,0,0,0,0,0,0,0,0,0,0,0,0,0,1,0,0,0,0,0,0,0,0
2008-07-26 10:30:00+00:00,30,7,10,207.06195068359375,317.4469299316406,0,0,0,0,0,0,0,0,0,0,0,0,0,0,1,1,1,0,0,0,0,0,0,0,0
2008-07-26 10:30:00+00:00,30,7,10,,,0,0,0,0,0,0,0,0,0,0,0,0,0,0,0,0,0,0,0,0,0,0,0,0,0
2008-07-26 10:30:00+00:00,30,7,10,275.51593017578125,253.92098999023438,0,0,0,0,0,0,0,0,0,0,0,0,0,0,0,1,1,0,0,0,0,0,0,0,0
2008-07-26 10:30:00+00:00,30,7,10,,,0,0,0,0,0,0,0,0,0,0,0,0,0,0,0,0,0,0,0,0,0,0,0,0,0
2008-07-26 10:30:00+00:00,30,7,10,,,0,0,0,0,0,0,0,0,0,0,0,0,0,0,0,0,0,0,0,0,0,0,0,0,0
2008-07-26 10:30:00+00:00,30,7,10,464.2003173828125,350.013671875,0,0,0,0,0,0,0,0,0,0,0,0,0,0,0,0,0,0,0,0,0,0,0,0,0
2008-07-26 10:30:00+00:00,30,7,10,,,0,0,0,0,0,0,0,0,0,0,0,0,0,0,0,0,0,0,0,0,0,0,0,0,0
2008-07-26 10:30:00+00:00,30,7,10,,406.6656494140625,0,0,0,0,0,0,0,0,0,0,0,0,0,0,0,0,0,0,0,0,0,0,0,0,0
2008-07-26 10:30:00+00:00,30,7,10,,,0,0,0,0,0,0,0,0,0,0,0,0,0,0,0,0,0,0,0,0,0,0,0,0,0
2008-07-26 10:30:00+00:00,30,7,10,363.57354736328125,376.3744812011719,0,0,0,0,0,0,0,0,0,0,0,0,0,0,0,0,0,0,0,0,0,0,0,0,0
2008-07-26 10:30:00+00:00,30,7,10,174.2788848876953,147.8989715576172,0,0,0,0,0,0,0,0,0,0,0,0,1,1,1,1,1,0,0,0,0,0,0,0,0
2008-07-26 10:30:00+00:00,30,7,10,,,0,0,0,0,0,0,0,0,0,0,0,0,0,0,0,0,0,0,0,0,0,0,0,0,0
2008-07-26 10:30:00+00:00,30,7,10,,437.02703857421875,0,0,0,0,0,0,0,0,0,0,0,0,0,0,0,0,0,0,0,0,0,0,0,0,0
2008-07-26 10:30:00+00:00,30,7,10,246.46302795410156,117.90815734863281,0,0,0,0,0,0,0,0,0,0,0,0,0,0,1,1,1,0,0,0,0,0,0,0,0
2008-07-26 10:30:00+00:00,30,7,10,98.71768951416016,106.39834594726562,0,0,0,0,0,0,0,0,0,1,1,1,1,1,1,1,1,0,0,0,0,0,0,0,0
2008-07-26 10:45:00+00:00,30,7,10,,50.93165588378906,0,0,0,0,0,0,0,0,0,0,0,0,0,0,0,0,0,0,0,0,0,0,0,0,1
2008-07-26 10:45:00+00:00,30,7,10,,0.0,0,0,0,0,0,0,0,0,0,0,0,0,0,0,0,0,0,1,1,1,1,1,1,1,1
2008-07-26 10:45:00+00:00,30,7,10,,43.090492248535156,0,0,0,0,0,0,0,0,0,0,0,0,0,0,0,0,0,0,0,0,0,0,0,1,1
2008-07-26 10:45:00+00:00,30,7,10,,191.8476104736328,0,0,0,0,0,0,0,0,0,0,0,0,0,0,0,0,0,0,0,0,0,0,0,0,0
2008-07-26 10:45:00+00:00,30,7,10,,333.3543395996094,0,0,0,0,0,0,0,0,0,0,0,0,0,0,0,0,0,0,0,0,0,0,0,0,0
2008-07-26 10:45:00+00:00,30,7,10,,526.0801391601562,0,0,0,0,0,0,0,0,0,0,0,0,0,0,0,0,0,0,0,0,0,0,0,0,0
2008-07-26 10:45:00+00:00,30,7,10,,343.7322692871094,0,0,0,0,0,0,0,0,0,0,0,0,0,0,0,0,0,0,0,0,0,0,0,0,0
2008-07-26 10:45:00+00:00,30,7,10,,370.2654113769531,0,0,0,0,0,0,0,0,0,0,0,0,0,0,0,0,0,0,0,0,0,0,0,0,0
2008-07-26 10:45:00+00:00,30,7,10,,,0,0,0,0,0,0,0,0,0,0,0,0,0,0,0,0,0,0,0,0,0,0,0,0,0
2008-07-26 10:45:00+00:00,30,7,10,,,0,0,0,0,0,0,0,0,0,0,0,0,0,0,0,0,0,0,0,0,0,0,0,0,0
2008-07-26 10:45:00+00:00,30,7,10,,,0,0,0,0,0,0,0,0,0,0,0,0,0,0,0,0,0,0,0,0,0,0,0,0,0
2008-07-26 10:45:00+00:00,30,7,10,,,0,0,0,0,0,0,0,0,0,0,0,0,0,0,0,0,0,0,0,0,0,0,0,0,0
2008-07-26 10:45:00+00:00,30,7,10,,,0,0,0,0,0,0,0,0,0,0,0,0,0,0,0,0,0,0,0,0,0,0,0,0,0
2008-07-26 10:45:00+00:00,30,7,10,,,0,0,0,0,0,0,0,0,0,0,0,0,0,0,0,0,0,0,0,0,0,0,0,0,0
2008-07-26 10:45:00+00:00,30,7,10,178.128173828125,238.07847595214844,0,0,0,0,0,0,0,0,0,0,0,0,1,1,1,1,1,0,0,0,0,0,0,0,0
2008-07-26 10:45:00+00:00,30,7,10,,,0,0,0,0,0,0,0,0,0,0,0,0,0,0,0,0,0,0,0,0,0,0,0,0,0
2008-07-26 10:45:00+00:00,30,7,10,360.97161865234375,282.7731018066406,0,0,0,0,0,0,0,0,0,0,0,0,0,0,0,0,0,0,0,0,0,0,0,0,0
2008-07-26 10:45:00+00:00,30,7,10,,,0,0,0,0,0,0,0,0,0,0,0,0,0,0,0,0,0,0,0,0,0,0,0,0,0
2008-07-26 10:45:00+00:00,30,7,10,236.2662353515625,167.3495635986328,0,0,0,0,0,0,0,0,0,0,0,0,0,0,1,1,1,0,0,0,0,0,0,0,0
2008-07-26 10:45:00+00:00,30,7,10,427.56671142578125,292.3514099121094,0,0,0,0,0,0,0,0,0,0,0,0,0,0,0,0,0,0,0,0,0,0,0,0,0
2008-07-26 10:45:00+00:00,30,7,10,,,0,0,0,0,0,0,0,0,0,0,0,0,0,0,0,0,0,0,0,0,0,0,0,0,0
2008-07-26 10:45:00+00:00,30,7,10,,,0,0,0,0,0,0,0,0,0,0,0,0,0,0,0,0,0,0,0,0,0,0,0,0,0
2008-07-26 10:45:00+00:00,30,7,10,,293.09710693359375,0,0,0,0,0,0,0,0,0,0,0,0,0,0,0,0,0,0,0,0,0,0,0,0,0
2008-07-26 10:45:00+00:00,30,7,10,,86.2890625,0,0,0,0,0,0,0,0,0,0,0,0,0,0,0,0,0,0,0,0,0,0,0,0,0
2008-07-26 10:45:00+00:00,30,7,10,,,0,0,0,0,0,0,0,0,0,0,0,0,0,0,0,0,0,0,0,0,0,0,0,0,0
2008-07-26 10:45:00+00:00,30,7,10,,,0,0,0,0,0,0,0,0,0,0,0,0,0,0,0,0,0,0,0,0,0,0,0,0,0
2008-07-26 10:45:00+00:00,30,7,10,,,0,0,0,0,0,0,0,0,0,0,0,0,0,0,0,0,0,0,0,0,0,0,0,0,0
2008-07-26 10:45:00+00:00,30,7,10,,426.0805358886719,0,0,0,0,0,0,0,0,0,0,0,0,0,0,0,0,0,0,0,0,0,0,0,0,0
2008-07-26 10:45:00+00:00,30,7,10,,459.8801574707031,0,0,0,0,0,0,0,0,0,0,0,0,0,0,0,0,0,0,0,0,0,0,0,0,0
2008-07-26 10:45:00+00:00,30,7,10,,257.228759765625,0,0,0,0,0,0,0,0,0,0,0,0,0,0,0,0,0,0,0,0,0,0,0,0,0
2008-07-26 10:45:00+00:00,30,7,10,,73.03534698486328,0,0,0,0,0,0,0,0,0,0,0,0,0,0,0,0,0,0,0,0,0,0,0,0,0
2008-07-26 10:45:00+00:00,30,7,10,,366.7059020996094,0,0,0,0,0,0,0,0,0,0,0,0,0,0,0,0,0,0,0,0,0,0,0,0,0
2008-07-26 10:45:00+00:00,30,7,10,,36.137454986572266,0,0,0,0,0,0,0,0,0,0,0,0,0,0,0,0,0,0,0,0,0,0,1,1,1
2008-07-26 10:45:00+00:00,30,7,10,,130.9296875,0,0,0,0,0,0,0,0,0,0,0,0,0,0,0,0,0,0,0,0,0,0,0,0,0
2008-07-26 11:00:00+00:00,30,7,11,,28.887807846069336,0,0,0,0,0,0,0,0,0,0,0,0,0,0,0,0,0,0,0,0,0,1,1,1,1
2008-07-26 11:00:00+00:00,30,7,11,,60.95853042602539,0,0,0,0,0,0,0,0,0,0,0,0,0,0,0,0,0,0,0,0,0,0,0,0,0
2008-07-26 11:00:00+00:00,30,7,11,,246.68785095214844,0,0,0,0,0,0,0,0,0,0,0,0,0,0,0,0,0,0,0,0,0,0,0,0,0
2008-07-26 11:00:00+00:00,30,7,11,,227.0775146484375,0,0,0,0,0,0,0,0,0,0,0,0,0,0,0,0,0,0,0,0,0,0,0,0,0
2008-07-26 11:00:00+00:00,30,7,11,,,0,0,0,0,0,0,0,0,0,0,0,0,0,0,0,0,0,0,0,0,0,0,0,0,0
2008-07-26 11:00:00+00:00,30,7,11,,445.6056823730469,0,0,0,0,0,0,0,0,0,0,0,0,0,0,0,0,0,0,0,0,0,0,0,0,0
2008-07-26 11:00:00+00:00,30,7,11,,,0,0,0,0,0,0,0,0,0,0,0,0,0,0,0,0,0,0,0,0,0,0,0,0,0
2008-07-26 11:00:00+00:00,30,7,11,,,0,0,0,0,0,0,0,0,0,0,0,0,0,0,0,0,0,0,0,0,0,0,0,0,0
2008-07-26 11:00:00+00:00,30,7,11,,,0,0,0,0,0,0,0,0,0,0,0,0,0,0,0,0,0,0,0,0,0,0,0,0,0
2008-07-26 11:00:00+00:00,30,7,11,,,0,0,0,0,0,0,0,0,0,0,0,0,0,0,0,0,0,0,0,0,0,0,0,0,0
2008-07-26 11:00:00+00:00,30,7,11,,,0,0,0,0,0,0,0,0,0,0,0,0,0,0,0,0,0,0,0,0,0,0,0,0,0
2008-07-26 11:00:00+00:00,30,7,11,,,0,0,0,0,0,0,0,0,0,0,0,0,0,0,0,0,0,0,0,0,0,0,0,0,0
2008-07-26 11:00:00+00:00,30,7,11,,,0,0,0,0,0,0,0,0,0,0,0,0,0,0,0,0,0,0,0,0,0,0,0,0,0
2008-07-26 11:00:00+00:00,30,7,11,,,0,0,0,0,0,0,0,0,0,0,0,0,0,0,0,0,0,0,0,0,0,0,0,0,0
2008-07-26 11:00:00+00:00,30,7,11,487.46588134765625,504.7463073730469,0,0,0,0,0,0,0,0,0,0,0,0,0,0,0,0,0,0,0,0,0,0,0,0,0
2008-07-26 11:00:00+00:00,30,7,11,480.4352722167969,495.8408508300781,0,0,0,0,0,0,0,0,0,0,0,0,0,0,0,0,0,0,0,0,0,0,0,0,0
2008-07-26 11:00:00+00:00,30,7,11,515.8051147460938,531.9276733398438,0,0,0,0,0,0,0,0,0,0,0,0,0,0,0,0,0,0,0,0,0,0,0,0,0
2008-07-26 11:00:00+00:00,30,7,11,,220.0570526123047,0,0,0,0,0,0,0,0,0,0,0,0,0,0,0,0,0,0,0,0,0,0,0,0,0
2008-07-26 11:00:00+00:00,30,7,11,311.5741271972656,173.53749084472656,0,0,0,0,0,0,0,0,0,0,0,0,0,0,0,0,1,0,0,0,0,0,0,0,0
2008-07-26 11:00:00+00:00,30,7,11,241.38571166992188,75.21257019042969,0,0,0,0,0,0,0,0,0,0,0,0,0,0,1,1,1,0,0,0,0,0,0,0,0
2008-07-26 11:00:00+00:00,30,7,11,132.10992431640625,135.89694213867188,0,0,0,0,0,0,0,0,0,0,0,1,1,1,1,1,1,0,0,0,0,0,0,0,0
2008-07-26 11:00:00+00:00,30,7,11,,,0,0,0,0,0,0,0,0,0,0,0,0,0,0,0,0,0,0,0,0,0,0,0,0,0
2008-07-26 11:15:00+00:00,30,7,11,286.175537109375,276.06585693359375,0,0,0,0,0,0,0,0,0,0,0,0,0,0,0,1,1,0,0,0,0,0,0,0,0
2008-07-26 11:15:00+00:00,30,7,11,157.05740356445312,167.99424743652344,0,0,0,0,0,0,0,0,0,0,0,0,1,1,1,1,1,0,0,0,0,0,0,0,0
2008-07-26 11:15:00+00:00,30,7,11,253.7328643798828,265.95745849609375,0,0,0,0,0,0,0,0,0,0,0,0,0,0,0,1,1,0,0,0,0,0,0,0,0
2008-07-26 11:15:00+00:00,30,7,11,308.87841796875,269.58392333984375,0,0,0,0,0,0,0,0,0,0,0,0,0,0,0,0,1,0,0,0,0,0,0,0,0
2008-07-26 11:15:00+00:00,30,7,11,355.2021179199219,372.0777587890625,0,0,0,0,0,0,0,0,0,0,0,0,0,0,0,0,0,0,0,0,0,0,0,0,0
2008-07-26 11:15:00+00:00,30,7,11,,493.4825439453125,0,0,0,0,0,0,0,0,0,0,0,0,0,0,0,0,0,0,0,0,0,0,0,0,0
2008-07-26 11:15:00+00:00,30,7,11,,367.1361389160156,0,0,0,0,0,0,0,0,0,0,0,0,0,0,0,0,0,0,0,0,0,0,0,0,0
2008-07-26 11:15:00+00:00,30,7,11,,218.20687866210938,0,0,0,0,0,0,0,0,0,0,0,0,0,0,0,0,0,0,0,0,0,0,0,0,0
2008-07-26 11:15:00+00:00,30,7,11,,286.9019775390625,0,0,0,0,0,0,0,0,0,0,0,0,0,0,0,0,0,0,0,0,0,0,0,0,0
2008-07-26 11:15:00+00:00,30,7,11,,,0,0,0,0,0,0,0,0,0,0,0,0,0,0,0,0,0,0,0,0,0,0,0,0,0
2008-07-26 11:15:00+00:00,30,7,11,224.9268798828125,414.0207214355469,0,0,0,0,0,0,0,0,0,0,0,0,0,0,1,1,1,0,0,0,0,0,0,0,0
2008-07-26 11:15:00+00:00,30,7,11,,61.33141326904297,0,0,0,0,0,0,0,0,0,0,0,0,0,0,0,0,0,0,0,0,0,0,0,0,0
2008-07-26 11:15:00+00:00,30,7,11,135.41407775878906,94.69273376464844,0,0,0,0,0,0,0,0,0,0,0,1,1,1,1,1,1,0,0,0,0,0,0,0,0
2008-07-26 11:15:00+00:00,30,7,11,278.94866943359375,99.06492614746094,0,0,0,0,0,0,0,0,0,0,0,0,0,0,0,1,1,0,0,0,0,0,0,0,0
2008-07-26 11:15:00+00:00,30,7,11,80.45569610595703,72.92767333984375,0,0,0,0,0,0,0,0,0,1,1,1,1,1,1,1,1,0,0,0,0,0,0,0,0
2008-07-26 11:15:00+00:00,30,7,11,343.98779296875,294.0782470703125,0,0,0,0,0,0,0,0,0,0,0,0,0,0,0,0,1,0,0,0,0,0,0,0,0
2008-07-26 11:15:00+00:00,30,7,11,,,0,0,0,0,0,0,0,0,0,0,0,0,0,0,0,0,0,0,0,0,0,0,0,0,0
2008-07-26 11:15:00+00:00,30,7,11,,,0,0,0,0,0,0,0,0,0,0,0,0,0,0,0,0,0,0,0,0,0,0,0,0,0
2008-07-26 11:15:00+00:00,30,7,11,,,0,0,0,0,0,0,0,0,0,0,0,0,0,0,0,0,0,0,0,0,0,0,0,0,0
2008-07-26 11:30:00+00:00,30,7,11,410.76177978515625,405.51239013671875,0,0,0,0,0,0,0,0,0,0,0,0,0,0,0,0,0,0,0,0,0,0,0,0,0
2008-07-26 11:30:00+00:00,30,7,11,,,0,0,0,0,0,0,0,0,0,0,0,0,0,0,0,0,0,0,0,0,0,0,0,0,0
2008-07-26 11:30:00+00:00,30,7,11,92.59014892578125,140.5118865966797,0,0,0,0,0,0,0,0,0,1,1,1,1,1,1,1,1,0,0,0,0,0,0,0,0
2008-07-26 11:30:00+00:00,30,7,11,,308.9405212402344,0,0,0,0,0,0,0,0,0,0,0,0,0,0,0,0,0,0,0,0,0,0,0,0,0
2008-07-26 11:30:00+00:00,30,7,11,291.55841064453125,320.41473388671875,0,0,0,0,0,0,0,0,0,0,0,0,0,0,0,1,1,0,0,0,0,0,0,0,0
2008-07-26 11:30:00+00:00,30,7,11,264.134521484375,268.43609619140625,0,0,0,0,0,0,0,0,0,0,0,0,0,0,0,1,1,0,0,0,0,0,0,0,0
2008-07-26 11:30:00+00:00,30,7,11,165.81625366210938,176.75729370117188,0,0,0,0,0,0,0,0,0,0,0,0,1,1,1,1,1,0,0,0,0,0,0,0,0
2008-07-26 11:30:00+00:00,30,7,11,143.0247039794922,144.21958923339844,0,0,0,0,0,0,0,0,0,0,0,1,1,1,1,1,1,0,0,0,0,0,0,0,0
2008-07-26 11:30:00+00:00,30,7,11,94.58980560302734,75.34225463867188,0,0,0,0,0,0,0,0,0,1,1,1,1,1,1,1,1,0,0,0,0,0,0,0,0
2008-07-26 11:30:00+00:00,30,7,11,,6.340136528015137,0,0,0,0,0,0,0,0,0,0,0,0,0,0,0,0,0,1,1,1,1,1,1,1,1
2008-07-26 11:45:00+00:00,30,7,11,162.25088500976562,160.893310546875,0,0,0,0,0,0,0,0,0,0,0,0,1,1,1,1,1,0,0,0,0,0,0,0,0
2008-07-26 11:45:00+00:00,30,7,11,194.84657287597656,193.2512969970703,0,0,0,0,0,0,0,0,0,0,0,0,0,1,1,1,1,0,0,0,0,0,0,0,0
2008-07-26 11:45:00+00:00,30,7,11,426.64581298828125,426.3627624511719,0,0,0,0,0,0,0,0,0,0,0,0,0,0,0,0,0,0,0,0,0,0,0,0,0
2008-07-26 11:45:00+00:00,30,7,11,219.15846252441406,312.5949401855469,0,0,0,0,0,0,0,0,0,0,0,0,0,0,1,1,1,0,0,0,0,0,0,0,0
2008-07-26 11:45:00+00:00,30,7,11,340.8970947265625,403.56927490234375,0,0,0,0,0,0,0,0,0,0,0,0,0,0,0,0,1,0,0,0,0,0,0,0,0
2008-07-26 11:45:00+00:00,30,7,11,540.322509765625,503.2384033203125,0,0,0,0,0,0,0,0,0,0,0,0,0,0,0,0,0,0,0,0,0,0,0,0,0
2008-07-26 11:45:00+00:00,30,7,11,198.52212524414062,,0,0,0,0,0,0,0,0,0,0,0,0,0,1,1,1,1,0,0,0,0,0,0,0,0
2008-07-26 11:45:00+00:00,30,7,11,106.12178802490234,179.4547119140625,0,0,0,0,0,0,0,0,0,0,1,1,1,1,1,1,1,0,0,0,0,0,0,0,0
2008-07-26 11:45:00+00:00,30,7,11,234.9836883544922,216.80482482910156,0,0,0,0,0,0,0,0,0,0,0,0,0,0,1,1,1,0,0,0,0,0,0,0,0
2008-07-26 11:45:00+00:00,30,7,11,124.98322296142578,82.31448364257812,0,0,0,0,0,0,0,0,0,0,0,1,1,1,1,1,1,0,0,0,0,0,0,0,0
2008-07-26 11:45:00+00:00,30,7,11,377.97027587890625,,0,0,0,0,0,0,0,0,0,0,0,0,0,0,0,0,0,0,0,0,0,0,0,0,0
2008-07-26 11:45:00+00:00,30,7,11,176.44833374023438,108.42462158203125,0,0,0,0,0,0,0,0,0,0,0,0,1,1,1,1,1,0,0,0,0,0,0,0,0
2008-07-26 11:45:00+00:00,30,7,11,348.0824890136719,354.81414794921875,0,0,0,0,0,0,0,0,0,0,0,0,0,0,0,0,1,0,0,0,0,0,0,0,0
2008-07-26 11:45:00+00:00,30,7,11,332.36968994140625,336.9114990234375,0,0,0,0,0,0,0,0,0,0,0,0,0,0,0,0,1,0,0,0,0,0,0,0,0
2008-07-26 11:45:00+00:00,30,7,11,,0.0,0,0,0,0,0,0,0,0,0,0,0,0,0,0,0,0,0,1,1,1,1,1,1,1,1
2008-07-26 11:45:00+00:00,30,7,11,,231.0096893310547,0,0,0,0,0,0,0,0,0,0,0,0,0,0,0,0,0,0,0,0,0,0,0,0,0
2008-07-26 12:00:00+00:00,30,7,12,373.1932067871094,362.80474853515625,0,0,0,0,0,0,0,0,0,0,0,0,0,0,0,0,0,0,0,0,0,0,0,0,0
2008-07-26 12:00:00+00:00,30,7,12,226.98345947265625,291.8705139160156,0,0,0,0,0,0,0,0,0,0,0,0,0,0,1,1,1,0,0,0,0,0,0,0,0
2008-07-26 12:00:00+00:00,30,7,12,370.8443603515625,391.56768798828125,0,0,0,0,0,0,0,0,0,0,0,0,0,0,0,0,0,0,0,0,0,0,0,0,0
2008-07-26 12:00:00+00:00,30,7,12,352.8675231933594,,0,0,0,0,0,0,0,0,0,0,0,0,0,0,0,0,0,0,0,0,0,0,0,0,0
2008-07-26 12:00:00+00:00,30,7,12,365.8077392578125,295.0047302246094,0,0,0,0,0,0,0,0,0,0,0,0,0,0,0,0,0,0,0,0,0,0,0,0,0
2008-07-26 12:00:00+00:00,30,7,12,224.92422485351562,146.51988220214844,0,0,0,0,0,0,0,0,0,0,0,0,0,0,1,1,1,0,0,0,0,0,0,0,0
2008-07-26 12:00:00+00:00,30,7,12,342.5322265625,274.7164306640625,0,0,0,0,0,0,0,0,0,0,0,0,0,0,0,0,1,0,0,0,0,0,0,0,0
2008-07-26 12:00:00+00:00,30,7,12,298.21234130859375,275.36688232421875,0,0,0,0,0,0,0,0,0,0,0,0,0,0,0,1,1,0,0,0,0,0,0,0,0
2008-07-26 12:00:00+00:00,30,7,12,195.78555297851562,279.0380859375,0,0,0,0,0,0,0,0,0,0,0,0,0,1,1,1,1,0,0,0,0,0,0,0,0
2008-07-26 12:00:00+00:00,30,7,12,170.762451171875,,0,0,0,0,0,0,0,0,0,0,0,0,1,1,1,1,1,0,0,0,0,0,0,0,0
2008-07-26 12:00:00+00:00,30,7,12,81.50296783447266,331.47894287109375,0,0,0,0,0,0,0,0,0,1,1,1,1,1,1,1,1,0,0,0,0,0,0,0,0
2008-07-26 12:00:00+00:00,30,7,12,200.56698608398438,133.1554412841797,0,0,0,0,0,0,0,0,0,0,0,0,0,0,1,1,1,0,0,0,0,0,0,0,0
2008-07-26 12:00:00+00:00,30,7,12,318.7016296386719,288.3697204589844,0,0,0,0,0,0,0,0,0,0,0,0,0,0,0,0,1,0,0,0,0,0,0,0,0
2008-07-26 12:00:00+00:00,30,7,12,377.23968505859375,304.995361328125,0,0,0,0,0,0,0,0,0,0,0,0,0,0,0,0,0,0,0,0,0,0,0,0,0
2008-07-26 12:00:00+00:00,30,7,12,178.92405700683594,189.4761199951172,0,0,0,0,0,0,0,0,0,0,0,0,1,1,1,1,1,0,0,0,0,0,0,0,0
2008-07-26 12:00:00+00:00,30,7,12,104.65243530273438,109.24278259277344,0,0,0,0,0,0,0,0,0,0,1,1,1,1,1,1,1,0,0,0,0,0,0,0,0
2008-07-26 12:00:00+00:00,30,7,12,446.7469177246094,463.50225830078125,0,0,0,0,0,0,0,0,0,0,0,0,0,0,0,0,0,0,0,0,0,0,0,0,0
2008-07-26 12:00:00+00:00,30,7,12,,,0,0,0,0,0,0,0,0,0,0,0,0,0,0,0,0,0,0,0,0,0,0,0,0,0
2008-07-26 12:15:00+00:00,30,7,12,76.7572021484375,98.04450988769531,0,0,0,0,0,0,0,0,1,1,1,1,1,1,1,1,1,0,0,0,0,0,0,0,0
2008-07-26 12:15:00+00:00,30,7,12,,,0,0,0,0,0,0,0,0,0,0,0,0,0,0,0,0,0,0,0,0,0,0,0,0,0
2008-07-26 12:15:00+00:00,30,7,12,160.34286499023438,269.7320251464844,0,0,0,0,0,0,0,0,0,0,0,0,1,1,1,1,1,0,0,0,0,0,0,0,0
2008-07-26 12:15:00+00:00,30,7,12,,,0,0,0,0,0,0,0,0,0,0,0,0,0,0,0,0,0,0,0,0,0,0,0,0,0
2008-07-26 12:15:00+00:00,30,7,12,,184.8365020751953,0,0,0,0,0,0,0,0,0,0,0,0,0,0,0,0,0,0,0,0,0,0,0,0,0
2008-07-26 12:15:00+00:00,30,7,12,333.2203063964844,336.34002685546875,0,0,0,0,0,0,0,0,0,0,0,0,0,0,0,0,1,0,0,0,0,0,0,0,0
2008-07-26 12:15:00+00:00,30,7,12,406.98687744140625,376.4117126464844,0,0,0,0,0,0,0,0,0,0,0,0,0,0,0,0,0,0,0,0,0,0,0,0,0
2008-07-26 12:15:00+00:00,30,7,12,173.9437255859375,197.94288635253906,0,0,0,0,0,0,0,0,0,0,0,0,1,1,1,1,1,0,0,0,0,0,0,0,0
2008-07-26 12:15:00+00:00,30,7,12,215.19235229492188,209.17132568359375,0,0,0,0,0,0,0,0,0,0,0,0,0,0,1,1,1,0,0,0,0,0,0,0,0
2008-07-26 12:15:00+00:00,30,7,12,490.02435302734375,494.4242248535156,0,0,0,0,0,0,0,0,0,0,0,0,0,0,0,0,0,0,0,0,0,0,0,0,0
2008-07-26 12:15:00+00:00,30,7,12,133.05880737304688,53.38567352294922,0,0,0,0,0,0,0,0,0,0,0,1,1,1,1,1,1,0,0,0,0,0,0,0,1
2008-07-26 12:15:00+00:00,30,7,12,123.49745178222656,81.87301635742188,0,0,0,0,0,0,0,0,0,0,0,1,1,1,1,1,1,0,0,0,0,0,0,0,0
2008-07-26 12:15:00+00:00,30,7,12,306.4130554199219,270.9453430175781,0,0,0,0,0,0,0,0,0,0,0,0,0,0,0,0,1,0,0,0,0,0,0,0,0
2008-07-26 12:15:00+00:00,30,7,12,139.1479949951172,102.94585418701172,0,0,0,0,0,0,0,0,0,0,0,1,1,1,1,1,1,0,0,0,0,0,0,0,0
2008-07-26 12:15:00+00:00,30,7,12,441.0761413574219,442.2789306640625,0,0,0,0,0,0,0,0,0,0,0,0,0,0,0,0,0,0,0,0,0,0,0,0,0
2008-07-26 12:15:00+00:00,30,7,12,443.4639587402344,370.9173278808594,0,0,0,0,0,0,0,0,0,0,0,0,0,0,0,0,0,0,0,0,0,0,0,0,0
2008-07-26 12:15:00+00:00,30,7,12,218.36155700683594,205.47779846191406,0,0,0,0,0,0,0,0,0,0,0,0,0,0,1,1,1,0,0,0,0,0,0,0,0
2008-07-26 12:15:00+00:00,30,7,12,,,0,0,0,0,0,0,0,0,0,0,0,0,0,0,0,0,0,0,0,0,0,0,0,0,0
2008-07-26 12:30:00+00:00,30,7,12,,,0,0,0,0,0,0,0,0,0,0,0,0,0,0,0,0,0,0,0,0,0,0,0,0,0
2008-07-26 12:30:00+00:00,30,7,12,306.6978454589844,195.9104461669922,0,0,0,0,0,0,0,0,0,0,0,0,0,0,0,0,1,0,0,0,0,0,0,0,0
2008-07-26 12:30:00+00:00,30,7,12,290.46234130859375,,0,0,0,0,0,0,0,0,0,0,0,0,0,0,0,1,1,0,0,0,0,0,0,0,0
2008-07-26 12:30:00+00:00,30,7,12,337.3686828613281,343.0436706542969,0,0,0,0,0,0,0,0,0,0,0,0,0,0,0,0,1,0,0,0,0,0,0,0,0
2008-07-26 12:30:00+00:00,30,7,12,,,0,0,0,0,0,0,0,0,0,0,0,0,0,0,0,0,0,0,0,0,0,0,0,0,0
2008-07-26 12:30:00+00:00,30,7,12,300.7333679199219,,0,0,0,0,0,0,0,0,0,0,0,0,0,0,0,0,1,0,0,0,0,0,0,0,0
2008-07-26 12:30:00+00:00,30,7,12,424.4610900878906,427.2275085449219,0,0,0,0,0,0,0,0,0,0,0,0,0,0,0,0,0,0,0,0,0,0,0,0,0
2008-07-26 12:30:00+00:00,30,7,12,416.19635009765625,380.9598693847656,0,0,0,0,0,0,0,0,0,0,0,0,0,0,0,0,0,0,0,0,0,0,0,0,0
2008-07-26 12:30:00+00:00,30,7,12,53.6867790222168,25.617456436157227,0,0,0,0,0,0,0,1,1,1,1,1,1,1,1,1,1,0,0,0,0,1,1,1,1
2008-07-26 12:30:00+00:00,30,7,12,81.50930786132812,69.2536849975586,0,0,0,0,0,0,0,0,0,1,1,1,1,1,1,1,1,0,0,0,0,0,0,0,0
2008-07-26 12:30:00+00:00,30,7,12,101.29243469238281,88.05770111083984,0,0,0,0,0,0,0,0,0,0,1,1,1,1,1,1,1,0,0,0,0,0,0,0,0
2008-07-26 12:30:00+00:00,30,7,12,61.638084411621094,86.71895599365234,0,0,0,0,0,0,0,0,1,1,1,1,1,1,1,1,1,0,0,0,0,0,0,0,0
2008-07-26 12:30:00+00:00,30,7,12,260.5055236816406,152.75135803222656,0,0,0,0,0,0,0,0,0,0,0,0,0,0,0,1,1,0,0,0,0,0,0,0,0
2008-07-26 12:30:00+00:00,30,7,12,144.4505615234375,110.3006820678711,0,0,0,0,0,0,0,0,0,0,0,1,1,1,1,1,1,0,0,0,0,0,0,0,0
2008-07-26 12:30:00+00:00,30,7,12,54.67145919799805,97.4036865234375,0,0,0,0,0,0,0,1,1,1,1,1,1,1,1,1,1,0,0,0,0,0,0,0,0
2008-07-26 12:30:00+00:00,30,7,12,152.80995178222656,4.458802223205566,0,0,0,0,0,0,0,0,0,0,0,0,1,1,1,1,1,1,1,1,1,1,1,1,1
2008-07-26 12:30:00+00:00,30,7,12,183.21875,18.926063537597656,0,0,0,0,0,0,0,0,0,0,0,0,0,1,1,1,1,0,0,1,1,1,1,1,1
2008-07-26 12:30:00+00:00,30,7,12,324.0295104980469,276.3792419433594,0,0,0,0,0,0,0,0,0,0,0,0,0,0,0,0,1,0,0,0,0,0,0,0,0
2008-07-26 12:30:00+00:00,30,7,12,265.732666015625,77.58650970458984,0,0,0,0,0,0,0,0,0,0,0,0,0,0,0,1,1,0,0,0,0,0,0,0,0
2008-07-26 12:45:00+00:00,30,7,12,118.33206939697266,122.6511001586914,0,0,0,0,0,0,0,0,0,0,1,1,1,1,1,1,1,0,0,0,0,0,0,0,0
2008-07-26 12:45:00+00:00,30,7,12,,,0,0,0,0,0,0,0,0,0,0,0,0,0,0,0,0,0,0,0,0,0,0,0,0,0
2008-07-26 12:45:00+00:00,30,7,12,419.3664245605469,399.87127685546875,0,0,0,0,0,0,0,0,0,0,0,0,0,0,0,0,0,0,0,0,0,0,0,0,0
2008-07-26 12:45:00+00:00,30,7,12,214.68150329589844,340.04742431640625,0,0,0,0,0,0,0,0,0,0,0,0,0,0,1,1,1,0,0,0,0,0,0,0,0
2008-07-26 12:45:00+00:00,30,7,12,669.8095092773438,634.7769165039062,0,0,0,0,0,0,0,0,0,0,0,0,0,0,0,0,0,0,0,0,0,0,0,0,0
2008-07-26 12:45:00+00:00,30,7,12,410.3099365234375,392.3206481933594,0,0,0,0,0,0,0,0,0,0,0,0,0,0,0,0,0,0,0,0,0,0,0,0,0
2008-07-26 12:45:00+00:00,30,7,12,293.218994140625,293.68218994140625,0,0,0,0,0,0,0,0,0,0,0,0,0,0,0,1,1,0,0,0,0,0,0,0,0
2008-07-26 12:45:00+00:00,30,7,12,256.9987487792969,286.6511535644531,0,0,0,0,0,0,0,0,0,0,0,0,0,0,0,1,1,0,0,0,0,0,0,0,0
2008-07-26 12:45:00+00:00,30,7,12,280.7851257324219,124.24578857421875,0,0,0,0,0,0,0,0,0,0,0,0,0,0,0,1,1,0,0,0,0,0,0,0,0
2008-07-26 12:45:00+00:00,30,7,12,185.086181640625,268.0224609375,0,0,0,0,0,0,0,0,0,0,0,0,0,1,1,1,1,0,0,0,0,0,0,0,0
2008-07-26 12:45:00+00:00,30,7,12,76.27146911621094,217.6197967529297,0,0,0,0,0,0,0,0,1,1,1,1,1,1,1,1,1,0,0,0,0,0,0,0,0
2008-07-26 12:45:00+00:00,30,7,12,311.69635009765625,217.9092559814453,0,0,0,0,0,0,0,0,0,0,0,0,0,0,0,0,1,0,0,0,0,0,0,0,0
2008-07-26 12:45:00+00:00,30,7,12,74.16681671142578,40.462284088134766,0,0,0,0,0,0,0,0,1,1,1,1,1,1,1,1,1,0,0,0,0,0,0,1,1
2008-07-26 12:45:00+00:00,30,7,12,417.9622497558594,424.1125793457031,0,0,0,0,0,0,0,0,0,0,0,0,0,0,0,0,0,0,0,0,0,0,0,0,0
2008-07-26 12:45:00+00:00,30,7,12,331.99932861328125,237.38279724121094,0,0,0,0,0,0,0,0,0,0,0,0,0,0,0,0,1,0,0,0,0,0,0,0,0
2008-07-26 12:45:00+00:00,30,7,12,389.68353271484375,386.7339172363281,0,0,0,0,0,0,0,0,0,0,0,0,0,0,0,0,0,0,0,0,0,0,0,0,0
2008-07-26 12:45:00+00:00,30,7,12,335.0314025878906,340.3825378417969,0,0,0,0,0,0,0,0,0,0,0,0,0,0,0,0,1,0,0,0,0,0,0,0,0
2008-07-26 12:45:00+00:00,30,7,12,205.8856658935547,156.6268768310547,0,0,0,0,0,0,0,0,0,0,0,0,0,0,1,1,1,0,0,0,0,0,0,0,0
2008-07-26 12:45:00+00:00,30,7,12,144.927978515625,119.12580871582031,0,0,0,0,0,0,0,0,0,0,0,1,1,1,1,1,1,0,0,0,0,0,0,0,0
2008-07-26 12:45:00+00:00,30,7,12,233.5630645751953,216.73719787597656,0,0,0,0,0,0,0,0,0,0,0,0,0,0,1,1,1,0,0,0,0,0,0,0,0
2008-07-26 12:45:00+00:00,30,7,12,356.8946838378906,366.7565002441406,0,0,0,0,0,0,0,0,0,0,0,0,0,0,0,0,0,0,0,0,0,0,0,0,0
2008-07-26 12:45:00+00:00,30,7,12,,,0,0,0,0,0,0,0,0,0,0,0,0,0,0,0,0,0,0,0,0,0,0,0,0,0
2008-07-26 13:00:00+00:00,30,7,13,366.62750244140625,276.41241455078125,0,0,0,0,0,0,0,0,0,0,0,0,0,0,0,0,0,0,0,0,0,0,0,0,0
2008-07-26 13:00:00+00:00,30,7,13,,,0,0,0,0,0,0,0,0,0,0,0,0,0,0,0,0,0,0,0,0,0,0,0,0,0
2008-07-26 13:00:00+00:00,30,7,13,,,0,0,0,0,0,0,0,0,0,0,0,0,0,0,0,0,0,0,0,0,0,0,0,0,0
2008-07-26 13:00:00+00:00,30,7,13,,,0,0,0,0,0,0,0,0,0,0,0,0,0,0,0,0,0,0,0,0,0,0,0,0,0
2008-07-26 13:00:00+00:00,30,7,13,240.2849884033203,219.32176208496094,0,0,0,0,0,0,0,0,0,0,0,0,0,0,1,1,1,0,0,0,0,0,0,0,0
2008-07-26 13:00:00+00:00,30,7,13,199.16139221191406,168.3306121826172,0,0,0,0,0,0,0,0,0,0,0,0,0,1,1,1,1,0,0,0,0,0,0,0,0
2008-07-26 13:00:00+00:00,30,7,13,194.41600036621094,155.6622314453125,0,0,0,0,0,0,0,0,0,0,0,0,0,1,1,1,1,0,0,0,0,0,0,0,0
2008-07-26 13:00:00+00:00,30,7,13,128.1376495361328,127.2680892944336,0,0,0,0,0,0,0,0,0,0,0,1,1,1,1,1,1,0,0,0,0,0,0,0,0
2008-07-26 13:00:00+00:00,30,7,13,487.71258544921875,476.9759521484375,0,0,0,0,0,0,0,0,0,0,0,0,0,0,0,0,0,0,0,0,0,0,0,0,0
2008-07-26 13:00:00+00:00,30,7,13,38.10329818725586,18.683053970336914,0,0,0,0,0,1,1,1,1,1,1,1,1,1,1,1,1,0,0,1,1,1,1,1,1
2008-07-26 13:00:00+00:00,30,7,13,288.9764099121094,269.9789733886719,0,0,0,0,0,0,0,0,0,0,0,0,0,0,0,1,1,0,0,0,0,0,0,0,0
2008-07-26 13:00:00+00:00,30,7,13,113.29093933105469,109.40655517578125,0,0,0,0,0,0,0,0,0,0,1,1,1,1,1,1,1,0,0,0,0,0,0,0,0
2008-07-26 13:00:00+00:00,30,7,13,99.13956451416016,66.36724090576172,0,0,0,0,0,0,0,0,0,1,1,1,1,1,1,1,1,0,0,0,0,0,0,0,0
2008-07-26 13:00:00+00:00,30,7,13,,146.57662963867188,0,0,0,0,0,0,0,0,0,0,0,0,0,0,0,0,0,0,0,0,0,0,0,0,0
2008-07-26 13:00:00+00:00,30,7,13,180.91966247558594,162.42935180664062,0,0,0,0,0,0,0,0,0,0,0,0,0,1,1,1,1,0,0,0,0,0,0,0,0
2008-07-26 13:15:00+00:00,30,7,13,424.1757507324219,,0,0,0,0,0,0,0,0,0,0,0,0,0,0,0,0,0,0,0,0,0,0,0,0,0
2008-07-26 13:15:00+00:00,30,7,13,250.58677673339844,240.21217346191406,0,0,0,0,0,0,0,0,0,0,0,0,0,0,0,1,1,0,0,0,0,0,0,0,0
2008-07-26 13:15:00+00:00,30,7,13,226.68064880371094,228.750732421875,0,0,0,0,0,0,0,0,0,0,0,0,0,0,1,1,1,0,0,0,0,0,0,0,0
2008-07-26 13:15:00+00:00,30,7,13,,,0,0,0,0,0,0,0,0,0,0,0,0,0,0,0,0,0,0,0,0,0,0,0,0,0
2008-07-26 13:15:00+00:00,30,7,13,341.21661376953125,324.15093994140625,0,0,0,0,0,0,0,0,0,0,0,0,0,0,0,0,1,0,0,0,0,0,0,0,0
2008-07-26 13:15:00+00:00,30,7,13,73.15909576416016,27.04258918762207,0,0,0,0,0,0,0,0,1,1,1,1,1,1,1,1,1,0,0,0,0,1,1,1,1
2008-07-26 13:15:00+00:00,30,7,13,336.2915954589844,327.59442138671875,0,0,0,0,0,0,0,0,0,0,0,0,0,0,0,0,1,0,0,0,0,0,0,0,0
2008-07-26 13:15:00+00:00,30,7,13,343.86883544921875,319.4910583496094,0,0,0,0,0,0,0,0,0,0,0,0,0,0,0,0,1,0,0,0,0,0,0,0,0
2008-07-26 13:15:00+00:00,30,7,13,144.3700714111328,121.31324768066406,0,0,0,0,0,0,0,0,0,0,0,1,1,1,1,1,1,0,0,0,0,0,0,0,0
2008-07-26 13:15:00+00:00,30,7,13,79.40142059326172,62.66376495361328,0,0,0,0,0,0,0,0,1,1,1,1,1,1,1,1,1,0,0,0,0,0,0,0,0
2008-07-26 13:15:00+00:00,30,7,13,520.7474365234375,,0,0,0,0,0,0,0,0,0,0,0,0,0,0,0,0,0,0,0,0,0,0,0,0,0
2008-07-26 13:30:00+00:00,30,7,13,207.0855255126953,196.76051330566406,0,0,0,0,0,0,0,0,0,0,0,0,0,0,1,1,1,0,0,0,0,0,0,0,0
2008-07-26 13:30:00+00:00,30,7,13,,,0,0,0,0,0,0,0,0,0,0,0,0,0,0,0,0,0,0,0,0,0,0,0,0,0
2008-07-26 13:30:00+00:00,30,7,13,85.02816772460938,109.17344665527344,0,0,0,0,0,0,0,0,0,1,1,1,1,1,1,1,1,0,0,0,0,0,0,0,0
2008-07-26 13:30:00+00:00,30,7,13,,,0,0,0,0,0,0,0,0,0,0,0,0,0,0,0,0,0,0,0,0,0,0,0,0,0
2008-07-26 13:30:00+00:00,30,7,13,391.25628662109375,380.4769592285156,0,0,0,0,0,0,0,0,0,0,0,0,0,0,0,0,0,0,0,0,0,0,0,0,0
2008-07-26 13:30:00+00:00,30,7,13,175.0745849609375,169.31834411621094,0,0,0,0,0,0,0,0,0,0,0,0,1,1,1,1,1,0,0,0,0,0,0,0,0
2008-07-26 13:30:00+00:00,30,7,13,,,0,0,0,0,0,0,0,0,0,0,0,0,0,0,0,0,0,0,0,0,0,0,0,0,0
2008-07-26 13:30:00+00:00,30,7,13,327.5155029296875,312.1116027832031,0,0,0,0,0,0,0,0,0,0,0,0,0,0,0,0,1,0,0,0,0,0,0,0,0
2008-07-26 13:30:00+00:00,30,7,13,139.78634643554688,147.96629333496094,0,0,0,0,0,0,0,0,0,0,0,1,1,1,1,1,1,0,0,0,0,0,0,0,0
2008-07-26 13:30:00+00:00,30,7,13,115.73693084716797,61.92127990722656,0,0,0,0,0,0,0,0,0,0,1,1,1,1,1,1,1,0,0,0,0,0,0,0,0
2008-07-26 13:30:00+00:00,30,7,13,406.1116027832031,379.8717956542969,0,0,0,0,0,0,0,0,0,0,0,0,0,0,0,0,0,0,0,0,0,0,0,0,0
2008-07-26 13:30:00+00:00,30,7,13,151.95053100585938,126.50234985351562,0,0,0,0,0,0,0,0,0,0,0,0,1,1,1,1,1,0,0,0,0,0,0,0,0
2008-07-26 13:30:00+00:00,30,7,13,224.0752410888672,196.97024536132812,0,0,0,0,0,0,0,0,0,0,0,0,0,0,1,1,1,0,0,0,0,0,0,0,0
2008-07-26 13:30:00+00:00,30,7,13,91.23048400878906,130.9020233154297,0,0,0,0,0,0,0,0,0,1,1,1,1,1,1,1,1,0,0,0,0,0,0,0,0
2008-07-26 13:30:00+00:00,30,7,13,,,0,0,0,0,0,0,0,0,0,0,0,0,0,0,0,0,0,0,0,0,0,0,0,0,0
2008-07-26 13:30:00+00:00,30,7,13,,,0,0,0,0,0,0,0,0,0,0,0,0,0,0,0,0,0,0,0,0,0,0,0,0,0
2008-07-26 13:30:00+00:00,30,7,13,,,0,0,0,0,0,0,0,0,0,0,0,0,0,0,0,0,0,0,0,0,0,0,0,0,0
2008-07-26 13:30:00+00:00,30,7,13,,,0,0,0,0,0,0,0,0,0,0,0,0,0,0,0,0,0,0,0,0,0,0,0,0,0
2008-07-26 13:30:00+00:00,30,7,13,,,0,0,0,0,0,0,0,0,0,0,0,0,0,0,0,0,0,0,0,0,0,0,0,0,0
2008-07-26 13:45:00+00:00,30,7,13,230.8716583251953,199.7010955810547,0,0,0,0,0,0,0,0,0,0,0,0,0,0,1,1,1,0,0,0,0,0,0,0,0
2008-07-26 13:45:00+00:00,30,7,13,250.6616973876953,86.7769775390625,0,0,0,0,0,0,0,0,0,0,0,0,0,0,0,1,1,0,0,0,0,0,0,0,0
2008-07-26 13:45:00+00:00,30,7,13,,,0,0,0,0,0,0,0,0,0,0,0,0,0,0,0,0,0,0,0,0,0,0,0,0,0
2008-07-26 13:45:00+00:00,30,7,13,,384.38690185546875,0,0,0,0,0,0,0,0,0,0,0,0,0,0,0,0,0,0,0,0,0,0,0,0,0
2008-07-26 13:45:00+00:00,30,7,13,146.27650451660156,174.04791259765625,0,0,0,0,0,0,0,0,0,0,0,1,1,1,1,1,1,0,0,0,0,0,0,0,0
2008-07-26 13:45:00+00:00,30,7,13,335.7202453613281,478.9851379394531,0,0,0,0,0,0,0,0,0,0,0,0,0,0,0,0,1,0,0,0,0,0,0,0,0
2008-07-26 13:45:00+00:00,30,7,13,253.26019287109375,236.5413818359375,0,0,0,0,0,0,0,0,0,0,0,0,0,0,0,1,1,0,0,0,0,0,0,0,0
2008-07-26 13:45:00+00:00,30,7,13,72.36708068847656,58.9907341003418,0,0,0,0,0,0,0,0,1,1,1,1,1,1,1,1,1,0,0,0,0,0,0,0,1
2008-07-26 13:45:00+00:00,30,7,13,57.35818099975586,49.75027084350586,0,0,0,0,0,0,0,1,1,1,1,1,1,1,1,1,1,0,0,0,0,0,0,1,1
2008-07-26 13:45:00+00:00,30,7,13,74.0398941040039,86.69252014160156,0,0,0,0,0,0,0,0,1,1,1,1,1,1,1,1,1,0,0,0,0,0,0,0,0
2008-07-26 13:45:00+00:00,30,7,13,49.30254364013672,17.848648071289062,0,0,0,0,0,0,1,1,1,1,1,1,1,1,1,1,1,0,0,1,1,1,1,1,1
2008-07-26 13:45:00+00:00,30,7,13,38.32881164550781,0.0,0,0,0,0,0,1,1,1,1,1,1,1,1,1,1,1,1,1,1,1,1,1,1,1,1
2008-07-26 13:45:00+00:00,30,7,13,153.72108459472656,183.6359405517578,0,0,0,0,0,0,0,0,0,0,0,0,1,1,1,1,1,0,0,0,0,0,0,0,0
2008-07-26 13:45:00+00:00,30,7,13,187.30113220214844,402.4046630859375,0,0,0,0,0,0,0,0,0,0,0,0,0,1,1,1,1,0,0,0,0,0,0,0,0
2008-07-26 13:45:00+00:00,30,7,13,95.63914489746094,86.384033203125,0,0,0,0,0,0,0,0,0,1,1,1,1,1,1,1,1,0,0,0,0,0,0,0,0
2008-07-26 14:00:00+00:00,30,7,14,368.0073547363281,348.70269775390625,0,0,0,0,0,0,0,0,0,0,0,0,0,0,0,0,0,0,0,0,0,0,0,0,0
2008-07-26 14:00:00+00:00,30,7,14,191.26869201660156,155.92417907714844,0,0,0,0,0,0,0,0,0,0,0,0,0,1,1,1,1,0,0,0,0,0,0,0,0
2008-07-26 14:00:00+00:00,30,7,14,213.3726348876953,226.48268127441406,0,0,0,0,0,0,0,0,0,0,0,0,0,0,1,1,1,0,0,0,0,0,0,0,0
2008-07-26 14:00:00+00:00,30,7,14,78.66316223144531,59.92509460449219,0,0,0,0,0,0,0,0,1,1,1,1,1,1,1,1,1,0,0,0,0,0,0,0,1
2008-07-26 14:00:00+00:00,30,7,14,303.8643798828125,18.921016693115234,0,0,0,0,0,0,0,0,0,0,0,0,0,0,0,0,1,0,0,1,1,1,1,1,1
2008-07-26 14:00:00+00:00,30,7,14,145.09349060058594,6.370734214782715,0,0,0,0,0,0,0,0,0,0,0,1,1,1,1,1,1,1,1,1,1,1,1,1,1
2008-07-26 14:00:00+00:00,30,7,14,335.464599609375,4.2982072830200195,0,0,0,0,0,0,0,0,0,0,0,0,0,0,0,0,1,1,1,1,1,1,1,1,1
2008-07-26 14:00:00+00:00,30,7,14,114.09855651855469,134.3212432861328,0,0,0,0,0,0,0,0,0,0,1,1,1,1,1,1,1,0,0,0,0,0,0,0,0
2008-07-26 14:00:00+00:00,30,7,14,290.8769226074219,185.82138061523438,0,0,0,0,0,0,0,0,0,0,0,0,0,0,0,1,1,0,0,0,0,0,0,0,0
2008-07-26 14:15:00+00:00,30,7,14,,,0,0,0,0,0,0,0,0,0,0,0,0,0,0,0,0,0,0,0,0,0,0,0,0,0
2008-07-26 14:15:00+00:00,30,7,14,388.3908996582031,336.17474365234375,0,0,0,0,0,0,0,0,0,0,0,0,0,0,0,0,0,0,0,0,0,0,0,0,0
2008-07-26 14:15:00+00:00,30,7,14,89.10767364501953,85.9385757446289,0,0,0,0,0,0,0,0,0,1,1,1,1,1,1,1,1,0,0,0,0,0,0,0,0
2008-07-26 14:15:00+00:00,30,7,14,355.489013671875,330.3204345703125,0,0,0,0,0,0,0,0,0,0,0,0,0,0,0,0,0,0,0,0,0,0,0,0,0
2008-07-26 14:15:00+00:00,30,7,14,174.72610473632812,159.30174255371094,0,0,0,0,0,0,0,0,0,0,0,0,1,1,1,1,1,0,0,0,0,0,0,0,0
2008-07-26 14:15:00+00:00,30,7,14,475.3925476074219,454.6160583496094,0,0,0,0,0,0,0,0,0,0,0,0,0,0,0,0,0,0,0,0,0,0,0,0,0
2008-07-26 14:30:00+00:00,30,7,14,,,0,0,0,0,0,0,0,0,0,0,0,0,0,0,0,0,0,0,0,0,0,0,0,0,0
2008-07-26 14:30:00+00:00,30,7,14,209.05056762695312,186.82276916503906,0,0,0,0,0,0,0,0,0,0,0,0,0,0,1,1,1,0,0,0,0,0,0,0,0
2008-07-26 14:30:00+00:00,30,7,14,210.3931884765625,148.2619171142578,0,0,0,0,0,0,0,0,0,0,0,0,0,0,1,1,1,0,0,0,0,0,0,0,0
2008-07-26 14:30:00+00:00,30,7,14,207.88314819335938,189.70355224609375,0,0,0,0,0,0,0,0,0,0,0,0,0,0,1,1,1,0,0,0,0,0,0,0,0
2008-07-26 14:30:00+00:00,30,7,14,102.3383560180664,90.43901062011719,0,0,0,0,0,0,0,0,0,0,1,1,1,1,1,1,1,0,0,0,0,0,0,0,0
2008-07-26 14:30:00+00:00,30,7,14,37.1515007019043,35.89238357543945,0,0,0,0,0,1,1,1,1,1,1,1,1,1,1,1,1,0,0,0,0,0,1,1,1
2008-07-26 14:30:00+00:00,30,7,14,43.34834671020508,29.471031188964844,0,0,0,0,0,0,1,1,1,1,1,1,1,1,1,1,1,0,0,0,0,1,1,1,1
2008-07-26 14:30:00+00:00,30,7,14,128.63409423828125,108.21332550048828,0,0,0,0,0,0,0,0,0,0,0,1,1,1,1,1,1,0,0,0,0,0,0,0,0
2008-07-26 14:30:00+00:00,30,7,14,421.097900390625,404.640380859375,0,0,0,0,0,0,0,0,0,0,0,0,0,0,0,0,0,0,0,0,0,0,0,0,0
2008-07-26 14:45:00+00:00,30,7,14,442.8966064453125,449.3832702636719,0,0,0,0,0,0,0,0,0,0,0,0,0,0,0,0,0,0,0,0,0,0,0,0,0
2008-07-26 14:45:00+00:00,30,7,14,73.10637664794922,80.11798858642578,0,0,0,0,0,0,0,0,1,1,1,1,1,1,1,1,1,0,0,0,0,0,0,0,0
2008-07-26 14:45:00+00:00,30,7,14,49.616432189941406,29.75989532470703,0,0,0,0,0,0,1,1,1,1,1,1,1,1,1,1,1,0,0,0,0,1,1,1,1
2008-07-26 14:45:00+00:00,30,7,14,425.2010498046875,,0,0,0,0,0,0,0,0,0,0,0,0,0,0,0,0,0,0,0,0,0,0,0,0,0
2008-07-26 14:45:00+00:00,30,7,14,,,0,0,0,0,0,0,0,0,0,0,0,0,0,0,0,0,0,0,0,0,0,0,0,0,0
2008-07-26 14:45:00+00:00,30,7,14,,,0,0,0,0,0,0,0,0,0,0,0,0,0,0,0,0,0,0,0,0,0,0,0,0,0
2008-07-26 14:45:00+00:00,30,7,14,,,0,0,0,0,0,0,0,0,0,0,0,0,0,0,0,0,0,0,0,0,0,0,0,0,0
2008-07-26 15:00:00+00:00,30,7,15,168.95339965820312,260.43145751953125,0,0,0,0,0,0,0,0,0,0,0,0,1,1,1,1,1,0,0,0,0,0,0,0,0
2008-07-26 15:00:00+00:00,30,7,15,90.3854751586914,306.0426940917969,0,0,0,0,0,0,0,0,0,1,1,1,1,1,1,1,1,0,0,0,0,0,0,0,0
2008-07-26 15:00:00+00:00,30,7,15,143.8960723876953,195.57310485839844,0,0,0,0,0,0,0,0,0,0,0,1,1,1,1,1,1,0,0,0,0,0,0,0,0
2008-07-26 15:00:00+00:00,30,7,15,224.92481994628906,406.88018798828125,0,0,0,0,0,0,0,0,0,0,0,0,0,0,1,1,1,0,0,0,0,0,0,0,0
2008-07-26 15:00:00+00:00,30,7,15,271.4400634765625,239.48333740234375,0,0,0,0,0,0,0,0,0,0,0,0,0,0,0,1,1,0,0,0,0,0,0,0,0
2008-07-26 15:00:00+00:00,30,7,15,65.25019073486328,46.39753341674805,0,0,0,0,0,0,0,0,1,1,1,1,1,1,1,1,1,0,0,0,0,0,0,1,1
2008-07-26 15:00:00+00:00,30,7,15,148.26560974121094,143.9136505126953,0,0,0,0,0,0,0,0,0,0,0,1,1,1,1,1,1,0,0,0,0,0,0,0,0
2008-07-26 15:00:00+00:00,30,7,15,124.06097412109375,141.47998046875,0,0,0,0,0,0,0,0,0,0,0,1,1,1,1,1,1,0,0,0,0,0,0,0,0
2008-07-26 15:00:00+00:00,30,7,15,110.6175308227539,128.4539337158203,0,0,0,0,0,0,0,0,0,0,1,1,1,1,1,1,1,0,0,0,0,0,0,0,0
2008-07-26 15:00:00+00:00,30,7,15,,356.11578369140625,0,0,0,0,0,0,0,0,0,0,0,0,0,0,0,0,0,0,0,0,0,0,0,0,0
2008-07-26 15:15:00+00:00,30,7,15,198.5906219482422,117.19709014892578,0,0,0,0,0,0,0,0,0,0,0,0,0,1,1,1,1,0,0,0,0,0,0,0,0
2008-07-26 15:15:00+00:00,30,7,15,,,0,0,0,0,0,0,0,0,0,0,0,0,0,0,0,0,0,0,0,0,0,0,0,0,0
2008-07-26 15:15:00+00:00,30,7,15,309.5376892089844,131.9550018310547,0,0,0,0,0,0,0,0,0,0,0,0,0,0,0,0,1,0,0,0,0,0,0,0,0
2008-07-26 15:15:00+00:00,30,7,15,252.73330688476562,108.5293197631836,0,0,0,0,0,0,0,0,0,0,0,0,0,0,0,1,1,0,0,0,0,0,0,0,0
2008-07-26 15:15:00+00:00,30,7,15,288.1565246582031,50.898780822753906,0,0,0,0,0,0,0,0,0,0,0,0,0,0,0,1,1,0,0,0,0,0,0,0,1
2008-07-26 15:15:00+00:00,30,7,15,68.5497817993164,38.00753402709961,0,0,0,0,0,0,0,0,1,1,1,1,1,1,1,1,1,0,0,0,0,0,1,1,1
2008-07-26 15:15:00+00:00,30,7,15,111.10054779052734,201.663818359375,0,0,0,0,0,0,0,0,0,0,1,1,1,1,1,1,1,0,0,0,0,0,0,0,0
2008-07-26 15:15:00+00:00,30,7,15,61.123870849609375,7.738475799560547,0,0,0,0,0,0,0,0,1,1,1,1,1,1,1,1,1,1,1,1,1,1,1,1,1
2008-07-26 15:15:00+00:00,30,7,15,58.77140426635742,7.489325523376465,0,0,0,0,0,0,0,1,1,1,1,1,1,1,1,1,1,1,1,1,1,1,1,1,1
2008-07-26 15:15:00+00:00,30,7,15,752.7628173828125,,0,0,0,0,0,0,0,0,0,0,0,0,0,0,0,0,0,0,0,0,0,0,0,0,0
2008-07-26 15:15:00+00:00,30,7,15,624.454833984375,668.08642578125,0,0,0,0,0,0,0,0,0,0,0,0,0,0,0,0,0,0,0,0,0,0,0,0,0
2008-07-26 15:15:00+00:00,30,7,15,,273.8704528808594,0,0,0,0,0,0,0,0,0,0,0,0,0,0,0,0,0,0,0,0,0,0,0,0,0
2008-07-26 15:15:00+00:00,30,7,15,,157.63453674316406,0,0,0,0,0,0,0,0,0,0,0,0,0,0,0,0,0,0,0,0,0,0,0,0,0
2008-07-26 15:30:00+00:00,30,7,15,120.07469940185547,85.41411590576172,0,0,0,0,0,0,0,0,0,0,0,1,1,1,1,1,1,0,0,0,0,0,0,0,0
2008-07-26 15:30:00+00:00,30,7,15,109.7170181274414,93.16355895996094,0,0,0,0,0,0,0,0,0,0,1,1,1,1,1,1,1,0,0,0,0,0,0,0,0
2008-07-26 15:30:00+00:00,30,7,15,72.85999298095703,86.01201629638672,0,0,0,0,0,0,0,0,1,1,1,1,1,1,1,1,1,0,0,0,0,0,0,0,0
2008-07-26 15:30:00+00:00,30,7,15,337.0612487792969,308.901123046875,0,0,0,0,0,0,0,0,0,0,0,0,0,0,0,0,1,0,0,0,0,0,0,0,0
2008-07-26 15:30:00+00:00,30,7,15,83.03260040283203,68.42054748535156,0,0,0,0,0,0,0,0,0,1,1,1,1,1,1,1,1,0,0,0,0,0,0,0,0
2008-07-26 15:30:00+00:00,30,7,15,78.54271697998047,81.8822250366211,0,0,0,0,0,0,0,0,1,1,1,1,1,1,1,1,1,0,0,0,0,0,0,0,0
2008-07-26 15:30:00+00:00,30,7,15,297.46173095703125,299.5148010253906,0,0,0,0,0,0,0,0,0,0,0,0,0,0,0,1,1,0,0,0,0,0,0,0,0
2008-07-26 15:30:00+00:00,30,7,15,125.49694061279297,3.174377918243408,0,0,0,0,0,0,0,0,0,0,0,1,1,1,1,1,1,1,1,1,1,1,1,1,1
2008-07-26 15:30:00+00:00,30,7,15,75.84667205810547,73.66297912597656,0,0,0,0,0,0,0,0,1,1,1,1,1,1,1,1,1,0,0,0,0,0,0,0,0
2008-07-26 15:30:00+00:00,30,7,15,93.28450012207031,87.62821197509766,0,0,0,0,0,0,0,0,0,1,1,1,1,1,1,1,1,0,0,0,0,0,0,0,0
2008-07-26 15:30:00+00:00,30,7,15,,210.31845092773438,0,0,0,0,0,0,0,0,0,0,0,0,0,0,0,0,0,0,0,0,0,0,0,0,0
2008-07-26 15:30:00+00:00,30,7,15,,240.59786987304688,0,0,0,0,0,0,0,0,0,0,0,0,0,0,0,0,0,0,0,0,0,0,0,0,0
2008-07-26 15:45:00+00:00,30,7,15,330.01654052734375,299.7077941894531,0,0,0,0,0,0,0,0,0,0,0,0,0,0,0,0,1,0,0,0,0,0,0,0,0
2008-07-26 15:45:00+00:00,30,7,15,216.79737854003906,190.72012329101562,0,0,0,0,0,0,0,0,0,0,0,0,0,0,1,1,1,0,0,0,0,0,0,0,0
2008-07-26 15:45:00+00:00,30,7,15,121.22421264648438,130.29685974121094,0,0,0,0,0,0,0,0,0,0,0,1,1,1,1,1,1,0,0,0,0,0,0,0,0
2008-07-26 16:00:00+00:00,30,7,16,230.23489379882812,212.7432403564453,0,0,0,0,0,0,0,0,0,0,0,0,0,0,1,1,1,0,0,0,0,0,0,0,0
2008-07-26 16:00:00+00:00,30,7,16,205.91046142578125,218.75413513183594,0,0,0,0,0,0,0,0,0,0,0,0,0,0,1,1,1,0,0,0,0,0,0,0,0
2008-07-26 16:00:00+00:00,30,7,16,33.645103454589844,12.626171112060547,0,0,0,0,0,1,1,1,1,1,1,1,1,1,1,1,1,0,1,1,1,1,1,1,1
2008-07-26 16:00:00+00:00,30,7,16,332.66986083984375,388.64874267578125,0,0,0,0,0,0,0,0,0,0,0,0,0,0,0,0,1,0,0,0,0,0,0,0,0
2008-07-26 16:00:00+00:00,30,7,16,350.5645446777344,302.056640625,0,0,0,0,0,0,0,0,0,0,0,0,0,0,0,0,0,0,0,0,0,0,0,0,0
2008-07-26 16:15:00+00:00,30,7,16,49.1135139465332,55.590972900390625,0,0,0,0,0,0,1,1,1,1,1,1,1,1,1,1,1,0,0,0,0,0,0,0,1
2008-07-26 16:15:00+00:00,30,7,16,283.2239685058594,358.7020263671875,0,0,0,0,0,0,0,0,0,0,0,0,0,0,0,1,1,0,0,0,0,0,0,0,0
2008-07-26 16:15:00+00:00,30,7,16,213.4369354248047,234.1806182861328,0,0,0,0,0,0,0,0,0,0,0,0,0,0,1,1,1,0,0,0,0,0,0,0,0
2008-07-26 16:15:00+00:00,30,7,16,387.0795593261719,195.23779296875,0,0,0,0,0,0,0,0,0,0,0,0,0,0,0,0,0,0,0,0,0,0,0,0,0
2008-07-26 16:15:00+00:00,30,7,16,35.60685729980469,43.4835205078125,0,0,0,0,0,1,1,1,1,1,1,1,1,1,1,1,1,0,0,0,0,0,0,1,1
2008-07-26 16:15:00+00:00,30,7,16,169.435302734375,88.97190856933594,0,0,0,0,0,0,0,0,0,0,0,0,1,1,1,1,1,0,0,0,0,0,0,0,0
2008-07-26 16:15:00+00:00,30,7,16,190.1262969970703,51.469112396240234,0,0,0,0,0,0,0,0,0,0,0,0,0,1,1,1,1,0,0,0,0,0,0,0,1
2008-07-26 16:15:00+00:00,30,7,16,50.4638671875,76.98638916015625,0,0,0,0,0,0,0,1,1,1,1,1,1,1,1,1,1,0,0,0,0,0,0,0,0
2008-07-26 16:15:00+00:00,30,7,16,112.24331665039062,117.01236724853516,0,0,0,0,0,0,0,0,0,0,1,1,1,1,1,1,1,0,0,0,0,0,0,0,0
2008-07-26 16:15:00+00:00,30,7,16,35.21030044555664,66.93199920654297,0,0,0,0,0,1,1,1,1,1,1,1,1,1,1,1,1,0,0,0,0,0,0,0,0
2008-07-26 16:15:00+00:00,30,7,16,,,0,0,0,0,0,0,0,0,0,0,0,0,0,0,0,0,0,0,0,0,0,0,0,0,0
2008-07-26 16:30:00+00:00,30,7,16,126.05208587646484,94.51222229003906,0,0,0,0,0,0,0,0,0,0,0,1,1,1,1,1,1,0,0,0,0,0,0,0,0
2008-07-26 16:30:00+00:00,30,7,16,218.8592529296875,190.44039916992188,0,0,0,0,0,0,0,0,0,0,0,0,0,0,1,1,1,0,0,0,0,0,0,0,0
2008-07-26 16:30:00+00:00,30,7,16,365.2913818359375,,0,0,0,0,0,0,0,0,0,0,0,0,0,0,0,0,0,0,0,0,0,0,0,0,0
2008-07-26 16:30:00+00:00,30,7,16,342.983642578125,327.2774658203125,0,0,0,0,0,0,0,0,0,0,0,0,0,0,0,0,1,0,0,0,0,0,0,0,0
2008-07-26 16:30:00+00:00,30,7,16,48.577510833740234,76.78366088867188,0,0,0,0,0,0,1,1,1,1,1,1,1,1,1,1,1,0,0,0,0,0,0,0,0
2008-07-26 16:30:00+00:00,30,7,16,229.37867736816406,33.2624626159668,0,0,0,0,0,0,0,0,0,0,0,0,0,0,1,1,1,0,0,0,0,0,1,1,1
2008-07-26 16:30:00+00:00,30,7,16,252.2588653564453,231.44541931152344,0,0,0,0,0,0,0,0,0,0,0,0,0,0,0,1,1,0,0,0,0,0,0,0,0
2008-07-26 16:30:00+00:00,30,7,16,86.08916473388672,180.79336547851562,0,0,0,0,0,0,0,0,0,1,1,1,1,1,1,1,1,0,0,0,0,0,0,0,0
2008-07-26 16:30:00+00:00,30,7,16,270.85601806640625,259.95977783203125,0,0,0,0,0,0,0,0,0,0,0,0,0,0,0,1,1,0,0,0,0,0,0,0,0
2008-07-26 16:45:00+00:00,30,7,16,397.2029724121094,231.14630126953125,0,0,0,0,0,0,0,0,0,0,0,0,0,0,0,0,0,0,0,0,0,0,0,0,0
2008-07-26 16:45:00+00:00,30,7,16,316.1895446777344,399.6377868652344,0,0,0,0,0,0,0,0,0,0,0,0,0,0,0,0,1,0,0,0,0,0,0,0,0
2008-07-26 16:45:00+00:00,30,7,16,156.10498046875,151.287353515625,0,0,0,0,0,0,0,0,0,0,0,0,1,1,1,1,1,0,0,0,0,0,0,0,0
2008-07-26 16:45:00+00:00,30,7,16,84.70266723632812,79.43040466308594,0,0,0,0,0,0,0,0,0,1,1,1,1,1,1,1,1,0,0,0,0,0,0,0,0
2008-07-26 16:45:00+00:00,30,7,16,94.75330352783203,136.53109741210938,0,0,0,0,0,0,0,0,0,1,1,1,1,1,1,1,1,0,0,0,0,0,0,0,0
2008-07-26 17:00:00+00:00,30,7,17,111.17201232910156,216.61697387695312,0,0,0,0,0,0,0,0,0,0,1,1,1,1,1,1,1,0,0,0,0,0,0,0,0
2008-07-26 17:00:00+00:00,30,7,17,366.34381103515625,380.60675048828125,0,0,0,0,0,0,0,0,0,0,0,0,0,0,0,0,0,0,0,0,0,0,0,0,0
2008-07-26 17:00:00+00:00,30,7,17,138.02081298828125,143.2244110107422,0,0,0,0,0,0,0,0,0,0,0,1,1,1,1,1,1,0,0,0,0,0,0,0,0
2008-07-26 17:15:00+00:00,30,7,17,94.42131805419922,68.62401580810547,0,0,0,0,0,0,0,0,0,1,1,1,1,1,1,1,1,0,0,0,0,0,0,0,0
2008-07-26 17:15:00+00:00,30,7,17,59.68928146362305,84.59703063964844,0,0,0,0,0,0,0,1,1,1,1,1,1,1,1,1,1,0,0,0,0,0,0,0,0
2008-07-26 17:45:00+00:00,30,7,17,,,0,0,0,0,0,0,0,0,0,0,0,0,0,0,0,0,0,0,0,0,0,0,0,0,0
2008-07-26 17:45:00+00:00,30,7,17,208.41250610351562,362.7462463378906,0,0,0,0,0,0,0,0,0,0,0,0,0,0,1,1,1,0,0,0,0,0,0,0,0
2008-07-26 17:45:00+00:00,30,7,17,167.48170471191406,96.04094696044922,0,0,0,0,0,0,0,0,0,0,0,0,1,1,1,1,1,0,0,0,0,0,0,0,0
2008-07-26 17:45:00+00:00,30,7,17,173.45689392089844,121.08184051513672,0,0,0,0,0,0,0,0,0,0,0,0,1,1,1,1,1,0,0,0,0,0,0,0,0
2008-07-26 17:45:00+00:00,30,7,17,169.86758422851562,174.79510498046875,0,0,0,0,0,0,0,0,0,0,0,0,1,1,1,1,1,0,0,0,0,0,0,0,0
2008-07-27 10:00:00+00:00,30,7,10,,,0,0,0,0,0,0,0,0,0,0,0,0,0,0,0,0,0,0,0,0,0,0,0,0,0
2008-07-27 10:00:00+00:00,30,7,10,,,0,0,0,0,0,0,0,0,0,0,0,0,0,0,0,0,0,0,0,0,0,0,0,0,0
2008-07-27 10:00:00+00:00,30,7,10,184.22137451171875,190.3642578125,0,0,0,0,0,0,0,0,0,0,0,0,0,1,1,1,1,0,0,0,0,0,0,0,0
2008-07-27 10:00:00+00:00,30,7,10,,,0,0,0,0,0,0,0,0,0,0,0,0,0,0,0,0,0,0,0,0,0,0,0,0,0
2008-07-27 10:00:00+00:00,30,7,10,,107.40975189208984,0,0,0,0,0,0,0,0,0,0,0,0,0,0,0,0,0,0,0,0,0,0,0,0,0
2008-07-27 10:00:00+00:00,30,7,10,,248.5851593017578,0,0,0,0,0,0,0,0,0,0,0,0,0,0,0,0,0,0,0,0,0,0,0,0,0
2008-07-27 10:00:00+00:00,30,7,10,,,0,0,0,0,0,0,0,0,0,0,0,0,0,0,0,0,0,0,0,0,0,0,0,0,0
2008-07-27 10:15:00+00:00,30,7,10,,,0,0,0,0,0,0,0,0,0,0,0,0,0,0,0,0,0,0,0,0,0,0,0,0,0
2008-07-27 10:15:00+00:00,30,7,10,,,0,0,0,0,0,0,0,0,0,0,0,0,0,0,0,0,0,0,0,0,0,0,0,0,0
2008-07-27 10:15:00+00:00,30,7,10,,,0,0,0,0,0,0,0,0,0,0,0,0,0,0,0,0,0,0,0,0,0,0,0,0,0
2008-07-27 10:15:00+00:00,30,7,10,,,0,0,0,0,0,0,0,0,0,0,0,0,0,0,0,0,0,0,0,0,0,0,0,0,0
2008-07-27 10:15:00+00:00,30,7,10,,,0,0,0,0,0,0,0,0,0,0,0,0,0,0,0,0,0,0,0,0,0,0,0,0,0
2008-07-27 10:15:00+00:00,30,7,10,140.11363220214844,135.87051391601562,0,0,0,0,0,0,0,0,0,0,0,1,1,1,1,1,1,0,0,0,0,0,0,0,0
2008-07-27 10:15:00+00:00,30,7,10,,,0,0,0,0,0,0,0,0,0,0,0,0,0,0,0,0,0,0,0,0,0,0,0,0,0
2008-07-27 10:30:00+00:00,30,7,10,,300.87445068359375,0,0,0,0,0,0,0,0,0,0,0,0,0,0,0,0,0,0,0,0,0,0,0,0,0
2008-07-27 10:30:00+00:00,30,7,10,,306.0552062988281,0,0,0,0,0,0,0,0,0,0,0,0,0,0,0,0,0,0,0,0,0,0,0,0,0
2008-07-27 10:30:00+00:00,30,7,10,,,0,0,0,0,0,0,0,0,0,0,0,0,0,0,0,0,0,0,0,0,0,0,0,0,0
2008-07-27 10:30:00+00:00,30,7,10,265.03076171875,,0,0,0,0,0,0,0,0,0,0,0,0,0,0,0,1,1,0,0,0,0,0,0,0,0
2008-07-27 10:30:00+00:00,30,7,10,,,0,0,0,0,0,0,0,0,0,0,0,0,0,0,0,0,0,0,0,0,0,0,0,0,0
2008-07-27 10:30:00+00:00,30,7,10,,,0,0,0,0,0,0,0,0,0,0,0,0,0,0,0,0,0,0,0,0,0,0,0,0,0
2008-07-27 10:30:00+00:00,30,7,10,,,0,0,0,0,0,0,0,0,0,0,0,0,0,0,0,0,0,0,0,0,0,0,0,0,0
2008-07-27 10:30:00+00:00,30,7,10,336.3214111328125,344.0770263671875,0,0,0,0,0,0,0,0,0,0,0,0,0,0,0,0,1,0,0,0,0,0,0,0,0
2008-07-27 10:30:00+00:00,30,7,10,,,0,0,0,0,0,0,0,0,0,0,0,0,0,0,0,0,0,0,0,0,0,0,0,0,0
2008-07-27 10:45:00+00:00,30,7,10,,304.1300048828125,0,0,0,0,0,0,0,0,0,0,0,0,0,0,0,0,0,0,0,0,0,0,0,0,0
2008-07-27 10:45:00+00:00,30,7,10,,248.0069580078125,0,0,0,0,0,0,0,0,0,0,0,0,0,0,0,0,0,0,0,0,0,0,0,0,0
2008-07-27 10:45:00+00:00,30,7,10,,78.05278015136719,0,0,0,0,0,0,0,0,0,0,0,0,0,0,0,0,0,0,0,0,0,0,0,0,0
2008-07-27 10:45:00+00:00,30,7,10,337.7406921386719,,0,0,0,0,0,0,0,0,0,0,0,0,0,0,0,0,1,0,0,0,0,0,0,0,0
2008-07-27 10:45:00+00:00,30,7,10,216.89276123046875,,0,0,0,0,0,0,0,0,0,0,0,0,0,0,1,1,1,0,0,0,0,0,0,0,0
2008-07-27 10:45:00+00:00,30,7,10,275.0398254394531,,0,0,0,0,0,0,0,0,0,0,0,0,0,0,0,1,1,0,0,0,0,0,0,0,0
2008-07-27 10:45:00+00:00,30,7,10,,,0,0,0,0,0,0,0,0,0,0,0,0,0,0,0,0,0,0,0,0,0,0,0,0,0
2008-07-27 10:45:00+00:00,30,7,10,,,0,0,0,0,0,0,0,0,0,0,0,0,0,0,0,0,0,0,0,0,0,0,0,0,0
2008-07-27 10:45:00+00:00,30,7,10,,,0,0,0,0,0,0,0,0,0,0,0,0,0,0,0,0,0,0,0,0,0,0,0,0,0
2008-07-27 10:45:00+00:00,30,7,10,,,0,0,0,0,0,0,0,0,0,0,0,0,0,0,0,0,0,0,0,0,0,0,0,0,0
2008-07-27 10:45:00+00:00,30,7,10,,,0,0,0,0,0,0,0,0,0,0,0,0,0,0,0,0,0,0,0,0,0,0,0,0,0
2008-07-27 10:45:00+00:00,30,7,10,259.3890686035156,,0,0,0,0,0,0,0,0,0,0,0,0,0,0,0,1,1,0,0,0,0,0,0,0,0
2008-07-27 10:45:00+00:00,30,7,10,251.12100219726562,,0,0,0,0,0,0,0,0,0,0,0,0,0,0,0,1,1,0,0,0,0,0,0,0,0
2008-07-27 10:45:00+00:00,30,7,10,109.62909698486328,141.38021850585938,0,0,0,0,0,0,0,0,0,0,1,1,1,1,1,1,1,0,0,0,0,0,0,0,0
2008-07-27 11:00:00+00:00,30,7,11,445.70538330078125,440.8974304199219,0,0,0,0,0,0,0,0,0,0,0,0,0,0,0,0,0,0,0,0,0,0,0,0,0
2008-07-27 11:00:00+00:00,30,7,11,511.39837646484375,506.3446350097656,0,0,0,0,0,0,0,0,0,0,0,0,0,0,0,0,0,0,0,0,0,0,0,0,0
2008-07-27 11:00:00+00:00,30,7,11,397.7962646484375,391.8279724121094,0,0,0,0,0,0,0,0,0,0,0,0,0,0,0,0,0,0,0,0,0,0,0,0,0
2008-07-27 11:00:00+00:00,30,7,11,,,0,0,0,0,0,0,0,0,0,0,0,0,0,0,0,0,0,0,0,0,0,0,0,0,0
2008-07-27 11:00:00+00:00,30,7,11,,285.290771484375,0,0,0,0,0,0,0,0,0,0,0,0,0,0,0,0,0,0,0,0,0,0,0,0,0
2008-07-27 11:00:00+00:00,30,7,11,,209.43942260742188,0,0,0,0,0,0,0,0,0,0,0,0,0,0,0,0,0,0,0,0,0,0,0,0,0
2008-07-27 11:00:00+00:00,30,7,11,,369.261962890625,0,0,0,0,0,0,0,0,0,0,0,0,0,0,0,0,0,0,0,0,0,0,0,0,0
2008-07-27 11:00:00+00:00,30,7,11,,284.58203125,0,0,0,0,0,0,0,0,0,0,0,0,0,0,0,0,0,0,0,0,0,0,0,0,0
2008-07-27 11:00:00+00:00,30,7,11,,,0,0,0,0,0,0,0,0,0,0,0,0,0,0,0,0,0,0,0,0,0,0,0,0,0
2008-07-27 11:00:00+00:00,30,7,11,,,0,0,0,0,0,0,0,0,0,0,0,0,0,0,0,0,0,0,0,0,0,0,0,0,0
2008-07-27 11:00:00+00:00,30,7,11,292.0268859863281,218.4661102294922,0,0,0,0,0,0,0,0,0,0,0,0,0,0,0,1,1,0,0,0,0,0,0,0,0
2008-07-27 11:00:00+00:00,30,7,11,,,0,0,0,0,0,0,0,0,0,0,0,0,0,0,0,0,0,0,0,0,0,0,0,0,0
2008-07-27 11:15:00+00:00,30,7,11,,,0,0,0,0,0,0,0,0,0,0,0,0,0,0,0,0,0,0,0,0,0,0,0,0,0
2008-07-27 11:15:00+00:00,30,7,11,113.4090805053711,107.19127655029297,0,0,0,0,0,0,0,0,0,0,1,1,1,1,1,1,1,0,0,0,0,0,0,0,0
2008-07-27 11:15:00+00:00,30,7,11,,123.72117614746094,0,0,0,0,0,0,0,0,0,0,0,0,0,0,0,0,0,0,0,0,0,0,0,0,0
2008-07-27 11:15:00+00:00,30,7,11,,,0,0,0,0,0,0,0,0,0,0,0,0,0,0,0,0,0,0,0,0,0,0,0,0,0
2008-07-27 11:15:00+00:00,30,7,11,,,0,0,0,0,0,0,0,0,0,0,0,0,0,0,0,0,0,0,0,0,0,0,0,0,0
2008-07-27 11:15:00+00:00,30,7,11,,337.159423828125,0,0,0,0,0,0,0,0,0,0,0,0,0,0,0,0,0,0,0,0,0,0,0,0,0
2008-07-27 11:30:00+00:00,30,7,11,,,0,0,0,0,0,0,0,0,0,0,0,0,0,0,0,0,0,0,0,0,0,0,0,0,0
2008-07-27 11:30:00+00:00,30,7,11,404.0684509277344,,0,0,0,0,0,0,0,0,0,0,0,0,0,0,0,0,0,0,0,0,0,0,0,0,0
2008-07-27 11:30:00+00:00,30,7,11,,,0,0,0,0,0,0,0,0,0,0,0,0,0,0,0,0,0,0,0,0,0,0,0,0,0
2008-07-27 11:30:00+00:00,30,7,11,381.5050048828125,260.1296081542969,0,0,0,0,0,0,0,0,0,0,0,0,0,0,0,0,0,0,0,0,0,0,0,0,0
2008-07-27 11:30:00+00:00,30,7,11,,,0,0,0,0,0,0,0,0,0,0,0,0,0,0,0,0,0,0,0,0,0,0,0,0,0
2008-07-27 11:30:00+00:00,30,7,11,,,0,0,0,0,0,0,0,0,0,0,0,0,0,0,0,0,0,0,0,0,0,0,0,0,0
2008-07-27 11:30:00+00:00,30,7,11,,,0,0,0,0,0,0,0,0,0,0,0,0,0,0,0,0,0,0,0,0,0,0,0,0,0
2008-07-27 11:30:00+00:00,30,7,11,183.73056030273438,0.0,0,0,0,0,0,0,0,0,0,0,0,0,0,1,1,1,1,1,1,1,1,1,1,1,1
2008-07-27 11:30:00+00:00,30,7,11,221.01272583007812,8.668217658996582,0,0,0,0,0,0,0,0,0,0,0,0,0,0,1,1,1,1,1,1,1,1,1,1,1
2008-07-27 11:30:00+00:00,30,7,11,302.4727783203125,256.9949951171875,0,0,0,0,0,0,0,0,0,0,0,0,0,0,0,0,1,0,0,0,0,0,0,0,0
2008-07-27 11:30:00+00:00,30,7,11,251.27577209472656,18.413423538208008,0,0,0,0,0,0,0,0,0,0,0,0,0,0,0,1,1,0,0,1,1,1,1,1,1
2008-07-27 11:30:00+00:00,30,7,11,,,0,0,0,0,0,0,0,0,0,0,0,0,0,0,0,0,0,0,0,0,0,0,0,0,0
2008-07-27 11:30:00+00:00,30,7,11,,,0,0,0,0,0,0,0,0,0,0,0,0,0,0,0,0,0,0,0,0,0,0,0,0,0
2008-07-27 11:30:00+00:00,30,7,11,,,0,0,0,0,0,0,0,0,0,0,0,0,0,0,0,0,0,0,0,0,0,0,0,0,0
2008-07-27 11:45:00+00:00,30,7,11,,,0,0,0,0,0,0,0,0,0,0,0,0,0,0,0,0,0,0,0,0,0,0,0,0,0
2008-07-27 11:45:00+00:00,30,7,11,475.6517028808594,470.9490966796875,0,0,0,0,0,0,0,0,0,0,0,0,0,0,0,0,0,0,0,0,0,0,0,0,0
2008-07-27 11:45:00+00:00,30,7,11,303.7990417480469,306.7189636230469,0,0,0,0,0,0,0,0,0,0,0,0,0,0,0,0,1,0,0,0,0,0,0,0,0
2008-07-27 11:45:00+00:00,30,7,11,,,0,0,0,0,0,0,0,0,0,0,0,0,0,0,0,0,0,0,0,0,0,0,0,0,0
2008-07-27 11:45:00+00:00,30,7,11,536.698974609375,,0,0,0,0,0,0,0,0,0,0,0,0,0,0,0,0,0,0,0,0,0,0,0,0,0
2008-07-27 11:45:00+00:00,30,7,11,,,0,0,0,0,0,0,0,0,0,0,0,0,0,0,0,0,0,0,0,0,0,0,0,0,0
2008-07-27 11:45:00+00:00,30,7,11,256.5467529296875,,0,0,0,0,0,0,0,0,0,0,0,0,0,0,0,1,1,0,0,0,0,0,0,0,0
2008-07-27 11:45:00+00:00,30,7,11,81.02344512939453,496.98419189453125,0,0,0,0,0,0,0,0,0,1,1,1,1,1,1,1,1,0,0,0,0,0,0,0,0
2008-07-27 11:45:00+00:00,30,7,11,,,0,0,0,0,0,0,0,0,0,0,0,0,0,0,0,0,0,0,0,0,0,0,0,0,0
2008-07-27 11:45:00+00:00,30,7,11,335.8657531738281,206.6529998779297,0,0,0,0,0,0,0,0,0,0,0,0,0,0,0,0,1,0,0,0,0,0,0,0,0
2008-07-27 11:45:00+00:00,30,7,11,,,0,0,0,0,0,0,0,0,0,0,0,0,0,0,0,0,0,0,0,0,0,0,0,0,0
2008-07-27 11:45:00+00:00,30,7,11,,,0,0,0,0,0,0,0,0,0,0,0,0,0,0,0,0,0,0,0,0,0,0,0,0,0
2008-07-27 11:45:00+00:00,30,7,11,283.1327209472656,273.1885986328125,0,0,0,0,0,0,0,0,0,0,0,0,0,0,0,1,1,0,0,0,0,0,0,0,0
2008-07-27 11:45:00+00:00,30,7,11,,,0,0,0,0,0,0,0,0,0,0,0,0,0,0,0,0,0,0,0,0,0,0,0,0,0
2008-07-27 12:00:00+00:00,30,7,12,,,0,0,0,0,0,0,0,0,0,0,0,0,0,0,0,0,0,0,0,0,0,0,0,0,0
2008-07-27 12:00:00+00:00,30,7,12,,,0,0,0,0,0,0,0,0,0,0,0,0,0,0,0,0,0,0,0,0,0,0,0,0,0
2008-07-27 12:00:00+00:00,30,7,12,,227.4041748046875,0,0,0,0,0,0,0,0,0,0,0,0,0,0,0,0,0,0,0,0,0,0,0,0,0
2008-07-27 12:00:00+00:00,30,7,12,,,0,0,0,0,0,0,0,0,0,0,0,0,0,0,0,0,0,0,0,0,0,0,0,0,0
2008-07-27 12:00:00+00:00,30,7,12,,147.9003448486328,0,0,0,0,0,0,0,0,0,0,0,0,0,0,0,0,0,0,0,0,0,0,0,0,0
2008-07-27 12:00:00+00:00,30,7,12,191.7859344482422,401.85284423828125,0,0,0,0,0,0,0,0,0,0,0,0,0,1,1,1,1,0,0,0,0,0,0,0,0
2008-07-27 12:00:00+00:00,30,7,12,,,0,0,0,0,0,0,0,0,0,0,0,0,0,0,0,0,0,0,0,0,0,0,0,0,0
2008-07-27 12:00:00+00:00,30,7,12,,,0,0,0,0,0,0,0,0,0,0,0,0,0,0,0,0,0,0,0,0,0,0,0,0,0
2008-07-27 12:00:00+00:00,30,7,12,106.42279815673828,64.35877990722656,0,0,0,0,0,0,0,0,0,0,1,1,1,1,1,1,1,0,0,0,0,0,0,0,0
2008-07-27 12:00:00+00:00,30,7,12,,,0,0,0,0,0,0,0,0,0,0,0,0,0,0,0,0,0,0,0,0,0,0,0,0,0
2008-07-27 12:00:00+00:00,30,7,12,,322.4095764160156,0,0,0,0,0,0,0,0,0,0,0,0,0,0,0,0,0,0,0,0,0,0,0,0,0
2008-07-27 12:00:00+00:00,30,7,12,,223.7394256591797,0,0,0,0,0,0,0,0,0,0,0,0,0,0,0,0,0,0,0,0,0,0,0,0,0
2008-07-27 12:00:00+00:00,30,7,12,,,0,0,0,0,0,0,0,0,0,0,0,0,0,0,0,0,0,0,0,0,0,0,0,0,0
2008-07-27 12:00:00+00:00,30,7,12,,,0,0,0,0,0,0,0,0,0,0,0,0,0,0,0,0,0,0,0,0,0,0,0,0,0
2008-07-27 12:00:00+00:00,30,7,12,,,0,0,0,0,0,0,0,0,0,0,0,0,0,0,0,0,0,0,0,0,0,0,0,0,0
2008-07-27 12:00:00+00:00,30,7,12,383.5184326171875,160.7051239013672,0,0,0,0,0,0,0,0,0,0,0,0,0,0,0,0,0,0,0,0,0,0,0,0,0
2008-07-27 12:00:00+00:00,30,7,12,,,0,0,0,0,0,0,0,0,0,0,0,0,0,0,0,0,0,0,0,0,0,0,0,0,0
2008-07-27 12:15:00+00:00,30,7,12,,,0,0,0,0,0,0,0,0,0,0,0,0,0,0,0,0,0,0,0,0,0,0,0,0,0
2008-07-27 12:15:00+00:00,30,7,12,,,0,0,0,0,0,0,0,0,0,0,0,0,0,0,0,0,0,0,0,0,0,0,0,0,0
2008-07-27 12:15:00+00:00,30,7,12,310.8587646484375,298.5911865234375,0,0,0,0,0,0,0,0,0,0,0,0,0,0,0,0,1,0,0,0,0,0,0,0,0
2008-07-27 12:15:00+00:00,30,7,12,,,0,0,0,0,0,0,0,0,0,0,0,0,0,0,0,0,0,0,0,0,0,0,0,0,0
2008-07-27 12:15:00+00:00,30,7,12,398.6063537597656,190.01393127441406,0,0,0,0,0,0,0,0,0,0,0,0,0,0,0,0,0,0,0,0,0,0,0,0,0
2008-07-27 12:15:00+00:00,30,7,12,357.23333740234375,116.05645751953125,0,0,0,0,0,0,0,0,0,0,0,0,0,0,0,0,0,0,0,0,0,0,0,0,0
2008-07-27 12:15:00+00:00,30,7,12,,,0,0,0,0,0,0,0,0,0,0,0,0,0,0,0,0,0,0,0,0,0,0,0,0,0
2008-07-27 12:15:00+00:00,30,7,12,,,0,0,0,0,0,0,0,0,0,0,0,0,0,0,0,0,0,0,0,0,0,0,0,0,0
2008-07-27 12:15:00+00:00,30,7,12,,212.36630249023438,0,0,0,0,0,0,0,0,0,0,0,0,0,0,0,0,0,0,0,0,0,0,0,0,0
2008-07-27 12:15:00+00:00,30,7,12,,476.4794006347656,0,0,0,0,0,0,0,0,0,0,0,0,0,0,0,0,0,0,0,0,0,0,0,0,0
2008-07-27 12:15:00+00:00,30,7,12,126.06304931640625,4.299636363983154,0,0,0,0,0,0,0,0,0,0,0,1,1,1,1,1,1,1,1,1,1,1,1,1,1
2008-07-27 12:15:00+00:00,30,7,12,,,0,0,0,0,0,0,0,0,0,0,0,0,0,0,0,0,0,0,0,0,0,0,0,0,0
2008-07-27 12:15:00+00:00,30,7,12,113.02626037597656,0.0,0,0,0,0,0,0,0,0,0,0,1,1,1,1,1,1,1,1,1,1,1,1,1,1,1
2008-07-27 12:15:00+00:00,30,7,12,,403.27105712890625,0,0,0,0,0,0,0,0,0,0,0,0,0,0,0,0,0,0,0,0,0,0,0,0,0
2008-07-27 12:15:00+00:00,30,7,12,,53.321075439453125,0,0,0,0,0,0,0,0,0,0,0,0,0,0,0,0,0,0,0,0,0,0,0,0,1
2008-07-27 12:30:00+00:00,30,7,12,,,0,0,0,0,0,0,0,0,0,0,0,0,0,0,0,0,0,0,0,0,0,0,0,0,0
2008-07-27 12:30:00+00:00,30,7,12,441.46014404296875,466.4107666015625,0,0,0,0,0,0,0,0,0,0,0,0,0,0,0,0,0,0,0,0,0,0,0,0,0
2008-07-27 12:30:00+00:00,30,7,12,265.1631774902344,157.87367248535156,0,0,0,0,0,0,0,0,0,0,0,0,0,0,0,1,1,0,0,0,0,0,0,0,0
2008-07-27 12:30:00+00:00,30,7,12,,517.3494262695312,0,0,0,0,0,0,0,0,0,0,0,0,0,0,0,0,0,0,0,0,0,0,0,0,0
2008-07-27 12:30:00+00:00,30,7,12,353.8762512207031,181.4557647705078,0,0,0,0,0,0,0,0,0,0,0,0,0,0,0,0,0,0,0,0,0,0,0,0,0
2008-07-27 12:30:00+00:00,30,7,12,,246.16160583496094,0,0,0,0,0,0,0,0,0,0,0,0,0,0,0,0,0,0,0,0,0,0,0,0,0
2008-07-27 12:30:00+00:00,30,7,12,,,0,0,0,0,0,0,0,0,0,0,0,0,0,0,0,0,0,0,0,0,0,0,0,0,0
2008-07-27 12:30:00+00:00,30,7,12,,,0,0,0,0,0,0,0,0,0,0,0,0,0,0,0,0,0,0,0,0,0,0,0,0,0
2008-07-27 12:30:00+00:00,30,7,12,,,0,0,0,0,0,0,0,0,0,0,0,0,0,0,0,0,0,0,0,0,0,0,0,0,0
2008-07-27 12:30:00+00:00,30,7,12,,113.68395233154297,0,0,0,0,0,0,0,0,0,0,0,0,0,0,0,0,0,0,0,0,0,0,0,0,0
2008-07-27 12:30:00+00:00,30,7,12,,56.328250885009766,0,0,0,0,0,0,0,0,0,0,0,0,0,0,0,0,0,0,0,0,0,0,0,0,1
2008-07-27 12:30:00+00:00,30,7,12,317.68133544921875,108.48385620117188,0,0,0,0,0,0,0,0,0,0,0,0,0,0,0,0,1,0,0,0,0,0,0,0,0
2008-07-27 12:30:00+00:00,30,7,12,76.07801818847656,129.53829956054688,0,0,0,0,0,0,0,0,1,1,1,1,1,1,1,1,1,0,0,0,0,0,0,0,0
2008-07-27 12:30:00+00:00,30,7,12,374.0541687011719,183.3189697265625,0,0,0,0,0,0,0,0,0,0,0,0,0,0,0,0,0,0,0,0,0,0,0,0,0
2008-07-27 12:30:00+00:00,30,7,12,186.4947967529297,242.93748474121094,0,0,0,0,0,0,0,0,0,0,0,0,0,1,1,1,1,0,0,0,0,0,0,0,0
2008-07-27 12:30:00+00:00,30,7,12,54.30550765991211,14.366511344909668,0,0,0,0,0,0,0,1,1,1,1,1,1,1,1,1,1,0,1,1,1,1,1,1,1
2008-07-27 12:30:00+00:00,30,7,12,236.09397888183594,155.139404296875,0,0,0,0,0,0,0,0,0,0,0,0,0,0,1,1,1,0,0,0,0,0,0,0,0
2008-07-27 12:30:00+00:00,30,7,12,,,0,0,0,0,0,0,0,0,0,0,0,0,0,0,0,0,0,0,0,0,0,0,0,0,0
2008-07-27 12:30:00+00:00,30,7,12,,,0,0,0,0,0,0,0,0,0,0,0,0,0,0,0,0,0,0,0,0,0,0,0,0,0
2008-07-27 12:45:00+00:00,30,7,12,,,0,0,0,0,0,0,0,0,0,0,0,0,0,0,0,0,0,0,0,0,0,0,0,0,0
2008-07-27 12:45:00+00:00,30,7,12,,,0,0,0,0,0,0,0,0,0,0,0,0,0,0,0,0,0,0,0,0,0,0,0,0,0
2008-07-27 12:45:00+00:00,30,7,12,,,0,0,0,0,0,0,0,0,0,0,0,0,0,0,0,0,0,0,0,0,0,0,0,0,0
2008-07-27 12:45:00+00:00,30,7,12,,,0,0,0,0,0,0,0,0,0,0,0,0,0,0,0,0,0,0,0,0,0,0,0,0,0
2008-07-27 12:45:00+00:00,30,7,12,,,0,0,0,0,0,0,0,0,0,0,0,0,0,0,0,0,0,0,0,0,0,0,0,0,0
2008-07-27 12:45:00+00:00,30,7,12,498.1766357421875,300.8187255859375,0,0,0,0,0,0,0,0,0,0,0,0,0,0,0,0,0,0,0,0,0,0,0,0,0
2008-07-27 12:45:00+00:00,30,7,12,155.93124389648438,131.96665954589844,0,0,0,0,0,0,0,0,0,0,0,0,1,1,1,1,1,0,0,0,0,0,0,0,0
2008-07-27 12:45:00+00:00,30,7,12,232.12548828125,198.3112030029297,0,0,0,0,0,0,0,0,0,0,0,0,0,0,1,1,1,0,0,0,0,0,0,0,0
2008-07-27 12:45:00+00:00,30,7,12,,321.5180969238281,0,0,0,0,0,0,0,0,0,0,0,0,0,0,0,0,0,0,0,0,0,0,0,0,0
2008-07-27 12:45:00+00:00,30,7,12,,262.5853271484375,0,0,0,0,0,0,0,0,0,0,0,0,0,0,0,0,0,0,0,0,0,0,0,0,0
2008-07-27 12:45:00+00:00,30,7,12,,20.25634002685547,0,0,0,0,0,0,0,0,0,0,0,0,0,0,0,0,0,0,0,0,1,1,1,1,1
2008-07-27 12:45:00+00:00,30,7,12,299.329833984375,241.67311096191406,0,0,0,0,0,0,0,0,0,0,0,0,0,0,0,1,1,0,0,0,0,0,0,0,0
2008-07-27 12:45:00+00:00,30,7,12,304.9656066894531,185.0365447998047,0,0,0,0,0,0,0,0,0,0,0,0,0,0,0,0,1,0,0,0,0,0,0,0,0
2008-07-27 12:45:00+00:00,30,7,12,,125.65550231933594,0,0,0,0,0,0,0,0,0,0,0,0,0,0,0,0,0,0,0,0,0,0,0,0,0
2008-07-27 12:45:00+00:00,30,7,12,,,0,0,0,0,0,0,0,0,0,0,0,0,0,0,0,0,0,0,0,0,0,0,0,0,0
2008-07-27 12:45:00+00:00,30,7,12,,,0,0,0,0,0,0,0,0,0,0,0,0,0,0,0,0,0,0,0,0,0,0,0,0,0
2008-07-27 12:45:00+00:00,30,7,12,,80.23453521728516,0,0,0,0,0,0,0,0,0,0,0,0,0,0,0,0,0,0,0,0,0,0,0,0,0
2008-07-27 12:45:00+00:00,30,7,12,147.8965606689453,188.71987915039062,0,0,0,0,0,0,0,0,0,0,0,1,1,1,1,1,1,0,0,0,0,0,0,0,0
2008-07-27 12:45:00+00:00,30,7,12,,,0,0,0,0,0,0,0,0,0,0,0,0,0,0,0,0,0,0,0,0,0,0,0,0,0
2008-07-27 12:45:00+00:00,30,7,12,73.68202209472656,58.417266845703125,0,0,0,0,0,0,0,0,1,1,1,1,1,1,1,1,1,0,0,0,0,0,0,0,1
2008-07-27 12:45:00+00:00,30,7,12,,,0,0,0,0,0,0,0,0,0,0,0,0,0,0,0,0,0,0,0,0,0,0,0,0,0
2008-07-27 12:45:00+00:00,30,7,12,,,0,0,0,0,0,0,0,0,0,0,0,0,0,0,0,0,0,0,0,0,0,0,0,0,0
2008-07-27 12:45:00+00:00,30,7,12,315.52093505859375,335.0753173828125,0,0,0,0,0,0,0,0,0,0,0,0,0,0,0,0,1,0,0,0,0,0,0,0,0
2008-07-27 12:45:00+00:00,30,7,12,366.486083984375,261.77972412109375,0,0,0,0,0,0,0,0,0,0,0,0,0,0,0,0,0,0,0,0,0,0,0,0,0
2008-07-27 12:45:00+00:00,30,7,12,,68.55655670166016,0,0,0,0,0,0,0,0,0,0,0,0,0,0,0,0,0,0,0,0,0,0,0,0,0
2008-07-27 12:45:00+00:00,30,7,12,,,0,0,0,0,0,0,0,0,0,0,0,0,0,0,0,0,0,0,0,0,0,0,0,0,0
2008-07-27 12:45:00+00:00,30,7,12,,66.4719009399414,0,0,0,0,0,0,0,0,0,0,0,0,0,0,0,0,0,0,0,0,0,0,0,0,0
2008-07-27 12:45:00+00:00,30,7,12,,3.5123772621154785,0,0,0,0,0,0,0,0,0,0,0,0,0,0,0,0,0,1,1,1,1,1,1,1,1
2008-07-27 12:45:00+00:00,30,7,12,,,0,0,0,0,0,0,0,0,0,0,0,0,0,0,0,0,0,0,0,0,0,0,0,0,0
2008-07-27 12:45:00+00:00,30,7,12,266.3042297363281,234.3770294189453,0,0,0,0,0,0,0,0,0,0,0,0,0,0,0,1,1,0,0,0,0,0,0,0,0
2008-07-27 12:45:00+00:00,30,7,12,,579.5260620117188,0,0,0,0,0,0,0,0,0,0,0,0,0,0,0,0,0,0,0,0,0,0,0,0,0
2008-07-27 13:00:00+00:00,30,7,13,135.17315673828125,122.73609161376953,0,0,0,0,0,0,0,0,0,0,0,1,1,1,1,1,1,0,0,0,0,0,0,0,0
2008-07-27 13:00:00+00:00,30,7,13,414.57623291015625,320.85443115234375,0,0,0,0,0,0,0,0,0,0,0,0,0,0,0,0,0,0,0,0,0,0,0,0,0
2008-07-27 13:00:00+00:00,30,7,13,,,0,0,0,0,0,0,0,0,0,0,0,0,0,0,0,0,0,0,0,0,0,0,0,0,0
2008-07-27 13:00:00+00:00,30,7,13,,,0,0,0,0,0,0,0,0,0,0,0,0,0,0,0,0,0,0,0,0,0,0,0,0,0
2008-07-27 13:00:00+00:00,30,7,13,135.41339111328125,48.39079666137695,0,0,0,0,0,0,0,0,0,0,0,1,1,1,1,1,1,0,0,0,0,0,0,1,1
2008-07-27 13:00:00+00:00,30,7,13,348.31561279296875,293.13873291015625,0,0,0,0,0,0,0,0,0,0,0,0,0,0,0,0,1,0,0,0,0,0,0,0,0
2008-07-27 13:00:00+00:00,30,7,13,,,0,0,0,0,0,0,0,0,0,0,0,0,0,0,0,0,0,0,0,0,0,0,0,0,0
2008-07-27 13:00:00+00:00,30,7,13,538.7352294921875,483.3016052246094,0,0,0,0,0,0,0,0,0,0,0,0,0,0,0,0,0,0,0,0,0,0,0,0,0
2008-07-27 13:00:00+00:00,30,7,13,,,0,0,0,0,0,0,0,0,0,0,0,0,0,0,0,0,0,0,0,0,0,0,0,0,0
2008-07-27 13:00:00+00:00,30,7,13,148.19041442871094,,0,0,0,0,0,0,0,0,0,0,0,1,1,1,1,1,1,0,0,0,0,0,0,0,0
2008-07-27 13:00:00+00:00,30,7,13,,170.99818420410156,0,0,0,0,0,0,0,0,0,0,0,0,0,0,0,0,0,0,0,0,0,0,0,0,0
2008-07-27 13:00:00+00:00,30,7,13,324.7281494140625,162.5021209716797,0,0,0,0,0,0,0,0,0,0,0,0,0,0,0,0,1,0,0,0,0,0,0,0,0
2008-07-27 13:00:00+00:00,30,7,13,,128.78335571289062,0,0,0,0,0,0,0,0,0,0,0,0,0,0,0,0,0,0,0,0,0,0,0,0,0
2008-07-27 13:00:00+00:00,30,7,13,112.99239349365234,86.87165069580078,0,0,0,0,0,0,0,0,0,0,1,1,1,1,1,1,1,0,0,0,0,0,0,0,0
2008-07-27 13:00:00+00:00,30,7,13,,,0,0,0,0,0,0,0,0,0,0,0,0,0,0,0,0,0,0,0,0,0,0,0,0,0
2008-07-27 13:00:00+00:00,30,7,13,,267.9852294921875,0,0,0,0,0,0,0,0,0,0,0,0,0,0,0,0,0,0,0,0,0,0,0,0,0
2008-07-27 13:00:00+00:00,30,7,13,88.50255584716797,43.44145584106445,0,0,0,0,0,0,0,0,0,1,1,1,1,1,1,1,1,0,0,0,0,0,0,1,1
2008-07-27 13:00:00+00:00,30,7,13,382.2547607421875,18.24175453186035,0,0,0,0,0,0,0,0,0,0,0,0,0,0,0,0,0,0,0,1,1,1,1,1,1
2008-07-27 13:00:00+00:00,30,7,13,100.64410400390625,103.58040618896484,0,0,0,0,0,0,0,0,0,0,1,1,1,1,1,1,1,0,0,0,0,0,0,0,0
2008-07-27 13:00:00+00:00,30,7,13,391.58392333984375,274.7963562011719,0,0,0,0,0,0,0,0,0,0,0,0,0,0,0,0,0,0,0,0,0,0,0,0,0
2008-07-27 13:00:00+00:00,30,7,13,222.5384979248047,196.99485778808594,0,0,0,0,0,0,0,0,0,0,0,0,0,0,1,1,1,0,0,0,0,0,0,0,0
2008-07-27 13:00:00+00:00,30,7,13,,336.9029541015625,0,0,0,0,0,0,0,0,0,0,0,0,0,0,0,0,0,0,0,0,0,0,0,0,0
2008-07-27 13:00:00+00:00,30,7,13,474.9812316894531,379.7528991699219,0,0,0,0,0,0,0,0,0,0,0,0,0,0,0,0,0,0,0,0,0,0,0,0,0
2008-07-27 13:00:00+00:00,30,7,13,,293.65924072265625,0,0,0,0,0,0,0,0,0,0,0,0,0,0,0,0,0,0,0,0,0,0,0,0,0
2008-07-27 13:00:00+00:00,30,7,13,350.4884948730469,321.4732360839844,0,0,0,0,0,0,0,0,0,0,0,0,0,0,0,0,0,0,0,0,0,0,0,0,0
2008-07-27 13:00:00+00:00,30,7,13,,639.0925903320312,0,0,0,0,0,0,0,0,0,0,0,0,0,0,0,0,0,0,0,0,0,0,0,0,0
2008-07-27 13:00:00+00:00,30,7,13,86.48469543457031,79.8475112915039,0,0,0,0,0,0,0,0,0,1,1,1,1,1,1,1,1,0,0,0,0,0,0,0,0
2008-07-27 13:15:00+00:00,30,7,13,,162.8468780517578,0,0,0,0,0,0,0,0,0,0,0,0,0,0,0,0,0,0,0,0,0,0,0,0,0
2008-07-27 13:15:00+00:00,30,7,13,,0.0,0,0,0,0,0,0,0,0,0,0,0,0,0,0,0,0,0,1,1,1,1,1,1,1,1
2008-07-27 13:15:00+00:00,30,7,13,276.80596923828125,,0,0,0,0,0,0,0,0,0,0,0,0,0,0,0,1,1,0,0,0,0,0,0,0,0
2008-07-27 13:15:00+00:00,30,7,13,309.0843811035156,299.54193115234375,0,0,0,0,0,0,0,0,0,0,0,0,0,0,0,0,1,0,0,0,0,0,0,0,0
2008-07-27 13:15:00+00:00,30,7,13,290.92816162109375,281.44903564453125,0,0,0,0,0,0,0,0,0,0,0,0,0,0,0,1,1,0,0,0,0,0,0,0,0
2008-07-27 13:15:00+00:00,30,7,13,348.9405822753906,332.67645263671875,0,0,0,0,0,0,0,0,0,0,0,0,0,0,0,0,1,0,0,0,0,0,0,0,0
2008-07-27 13:15:00+00:00,30,7,13,140.33294677734375,149.5395050048828,0,0,0,0,0,0,0,0,0,0,0,1,1,1,1,1,1,0,0,0,0,0,0,0,0
2008-07-27 13:15:00+00:00,30,7,13,159.04684448242188,171.35757446289062,0,0,0,0,0,0,0,0,0,0,0,0,1,1,1,1,1,0,0,0,0,0,0,0,0
2008-07-27 13:15:00+00:00,30,7,13,,,0,0,0,0,0,0,0,0,0,0,0,0,0,0,0,0,0,0,0,0,0,0,0,0,0
2008-07-27 13:15:00+00:00,30,7,13,75.42529296875,57.661380767822266,0,0,0,0,0,0,0,0,1,1,1,1,1,1,1,1,1,0,0,0,0,0,0,0,1
2008-07-27 13:15:00+00:00,30,7,13,,,0,0,0,0,0,0,0,0,0,0,0,0,0,0,0,0,0,0,0,0,0,0,0,0,0
2008-07-27 13:15:00+00:00,30,7,13,191.12303161621094,197.257568359375,0,0,0,0,0,0,0,0,0,0,0,0,0,1,1,1,1,0,0,0,0,0,0,0,0
2008-07-27 13:15:00+00:00,30,7,13,257.99462890625,,0,0,0,0,0,0,0,0,0,0,0,0,0,0,0,1,1,0,0,0,0,0,0,0,0
2008-07-27 13:15:00+00:00,30,7,13,164.66168212890625,168.69525146484375,0,0,0,0,0,0,0,0,0,0,0,0,1,1,1,1,1,0,0,0,0,0,0,0,0
2008-07-27 13:15:00+00:00,30,7,13,39.365325927734375,0.0,0,0,0,0,0,1,1,1,1,1,1,1,1,1,1,1,1,1,1,1,1,1,1,1,1
2008-07-27 13:15:00+00:00,30,7,13,215.4763946533203,210.68394470214844,0,0,0,0,0,0,0,0,0,0,0,0,0,0,1,1,1,0,0,0,0,0,0,0,0
2008-07-27 13:15:00+00:00,30,7,13,60.391666412353516,67.20506286621094,0,0,0,0,0,0,0,0,1,1,1,1,1,1,1,1,1,0,0,0,0,0,0,0,0
2008-07-27 13:15:00+00:00,30,7,13,266.9966125488281,72.98577880859375,0,0,0,0,0,0,0,0,0,0,0,0,0,0,0,1,1,0,0,0,0,0,0,0,0
2008-07-27 13:15:00+00:00,30,7,13,,86.4838638305664,0,0,0,0,0,0,0,0,0,0,0,0,0,0,0,0,0,0,0,0,0,0,0,0,0
2008-07-27 13:15:00+00:00,30,7,13,199.3159942626953,151.59341430664062,0,0,0,0,0,0,0,0,0,0,0,0,0,1,1,1,1,0,0,0,0,0,0,0,0
2008-07-27 13:15:00+00:00,30,7,13,392.4354553222656,250.20155334472656,0,0,0,0,0,0,0,0,0,0,0,0,0,0,0,0,0,0,0,0,0,0,0,0,0
2008-07-27 13:15:00+00:00,30,7,13,315.1000671386719,103.52422332763672,0,0,0,0,0,0,0,0,0,0,0,0,0,0,0,0,1,0,0,0,0,0,0,0,0
2008-07-27 13:15:00+00:00,30,7,13,,345.8524475097656,0,0,0,0,0,0,0,0,0,0,0,0,0,0,0,0,0,0,0,0,0,0,0,0,0
2008-07-27 13:15:00+00:00,30,7,13,109.25299835205078,96.92567443847656,0,0,0,0,0,0,0,0,0,0,1,1,1,1,1,1,1,0,0,0,0,0,0,0,0
2008-07-27 13:15:00+00:00,30,7,13,145.3431396484375,122.267822265625,0,0,0,0,0,0,0,0,0,0,0,1,1,1,1,1,1,0,0,0,0,0,0,0,0
2008-07-27 13:30:00+00:00,30,7,13,45.351749420166016,48.8010139465332,0,0,0,0,0,0,1,1,1,1,1,1,1,1,1,1,1,0,0,0,0,0,0,1,1
2008-07-27 13:30:00+00:00,30,7,13,75.0198974609375,58.83841323852539,0,0,0,0,0,0,0,0,1,1,1,1,1,1,1,1,1,0,0,0,0,0,0,0,1
2008-07-27 13:30:00+00:00,30,7,13,57.323577880859375,47.474769592285156,0,0,0,0,0,0,0,1,1,1,1,1,1,1,1,1,1,0,0,0,0,0,0,1,1
2008-07-27 13:30:00+00:00,30,7,13,88.21137237548828,7.020495891571045,0,0,0,0,0,0,0,0,0,1,1,1,1,1,1,1,1,1,1,1,1,1,1,1,1
2008-07-27 13:30:00+00:00,30,7,13,186.083984375,41.81380844116211,0,0,0,0,0,0,0,0,0,0,0,0,0,1,1,1,1,0,0,0,0,0,0,1,1
2008-07-27 13:30:00+00:00,30,7,13,272.742431640625,64.55948638916016,0,0,0,0,0,0,0,0,0,0,0,0,0,0,0,1,1,0,0,0,0,0,0,0,0
2008-07-27 13:30:00+00:00,30,7,13,,269.35430908203125,0,0,0,0,0,0,0,0,0,0,0,0,0,0,0,0,0,0,0,0,0,0,0,0,0
2008-07-27 13:30:00+00:00,30,7,13,157.72113037109375,177.33934020996094,0,0,0,0,0,0,0,0,0,0,0,0,1,1,1,1,1,0,0,0,0,0,0,0,0
2008-07-27 13:30:00+00:00,30,7,13,,,0,0,0,0,0,0,0,0,0,0,0,0,0,0,0,0,0,0,0,0,0,0,0,0,0
2008-07-27 13:30:00+00:00,30,7,13,223.273681640625,235.06565856933594,0,0,0,0,0,0,0,0,0,0,0,0,0,0,1,1,1,0,0,0,0,0,0,0,0
2008-07-27 13:30:00+00:00,30,7,13,307.0223693847656,293.9472351074219,0,0,0,0,0,0,0,0,0,0,0,0,0,0,0,0,1,0,0,0,0,0,0,0,0
2008-07-27 13:30:00+00:00,30,7,13,219.87100219726562,262.1809387207031,0,0,0,0,0,0,0,0,0,0,0,0,0,0,1,1,1,0,0,0,0,0,0,0,0
2008-07-27 13:30:00+00:00,30,7,13,238.12298583984375,94.29894256591797,0,0,0,0,0,0,0,0,0,0,0,0,0,0,1,1,1,0,0,0,0,0,0,0,0
2008-07-27 13:30:00+00:00,30,7,13,276.1235046386719,128.979248046875,0,0,0,0,0,0,0,0,0,0,0,0,0,0,0,1,1,0,0,0,0,0,0,0,0
2008-07-27 13:30:00+00:00,30,7,13,160.93057250976562,132.74966430664062,0,0,0,0,0,0,0,0,0,0,0,0,1,1,1,1,1,0,0,0,0,0,0,0,0
2008-07-27 13:30:00+00:00,30,7,13,85.48778533935547,49.19862365722656,0,0,0,0,0,0,0,0,0,1,1,1,1,1,1,1,1,0,0,0,0,0,0,1,1
2008-07-27 13:45:00+00:00,30,7,13,341.0047607421875,,0,0,0,0,0,0,0,0,0,0,0,0,0,0,0,0,1,0,0,0,0,0,0,0,0
2008-07-27 13:45:00+00:00,30,7,13,80.5967788696289,16.715688705444336,0,0,0,0,0,0,0,0,0,1,1,1,1,1,1,1,1,0,0,1,1,1,1,1,1
2008-07-27 13:45:00+00:00,30,7,13,80.66726684570312,60.647125244140625,0,0,0,0,0,0,0,0,0,1,1,1,1,1,1,1,1,0,0,0,0,0,0,0,0
2008-07-27 13:45:00+00:00,30,7,13,,346.0475769042969,0,0,0,0,0,0,0,0,0,0,0,0,0,0,0,0,0,0,0,0,0,0,0,0,0
2008-07-27 13:45:00+00:00,30,7,13,,,0,0,0,0,0,0,0,0,0,0,0,0,0,0,0,0,0,0,0,0,0,0,0,0,0
2008-07-27 13:45:00+00:00,30,7,13,,324.84222412109375,0,0,0,0,0,0,0,0,0,0,0,0,0,0,0,0,0,0,0,0,0,0,0,0,0
2008-07-27 13:45:00+00:00,30,7,13,,516.47119140625,0,0,0,0,0,0,0,0,0,0,0,0,0,0,0,0,0,0,0,0,0,0,0,0,0
2008-07-27 13:45:00+00:00,30,7,13,367.4081115722656,393.9442138671875,0,0,0,0,0,0,0,0,0,0,0,0,0,0,0,0,0,0,0,0,0,0,0,0,0
2008-07-27 13:45:00+00:00,30,7,13,,,0,0,0,0,0,0,0,0,0,0,0,0,0,0,0,0,0,0,0,0,0,0,0,0,0
2008-07-27 13:45:00+00:00,30,7,13,177.07418823242188,174.44215393066406,0,0,0,0,0,0,0,0,0,0,0,0,1,1,1,1,1,0,0,0,0,0,0,0,0
2008-07-27 13:45:00+00:00,30,7,13,133.7579345703125,110.26002502441406,0,0,0,0,0,0,0,0,0,0,0,1,1,1,1,1,1,0,0,0,0,0,0,0,0
2008-07-27 13:45:00+00:00,30,7,13,186.5973663330078,176.0399169921875,0,0,0,0,0,0,0,0,0,0,0,0,0,1,1,1,1,0,0,0,0,0,0,0,0
2008-07-27 13:45:00+00:00,30,7,13,114.8438491821289,40.44297790527344,0,0,0,0,0,0,0,0,0,0,1,1,1,1,1,1,1,0,0,0,0,0,0,1,1
2008-07-27 13:45:00+00:00,30,7,13,,,0,0,0,0,0,0,0,0,0,0,0,0,0,0,0,0,0,0,0,0,0,0,0,0,0
2008-07-27 13:45:00+00:00,30,7,13,200.4081573486328,92.34890747070312,0,0,0,0,0,0,0,0,0,0,0,0,0,0,1,1,1,0,0,0,0,0,0,0,0
2008-07-27 13:45:00+00:00,30,7,13,138.4102783203125,11.350634574890137,0,0,0,0,0,0,0,0,0,0,0,1,1,1,1,1,1,0,1,1,1,1,1,1,1
2008-07-27 13:45:00+00:00,30,7,13,353.841552734375,328.8404235839844,0,0,0,0,0,0,0,0,0,0,0,0,0,0,0,0,0,0,0,0,0,0,0,0,0
2008-07-27 13:45:00+00:00,30,7,13,63.83573532104492,6.541160583496094,0,0,0,0,0,0,0,0,1,1,1,1,1,1,1,1,1,1,1,1,1,1,1,1,1
2008-07-27 13:45:00+00:00,30,7,13,60.997886657714844,8.042473793029785,0,0,0,0,0,0,0,0,1,1,1,1,1,1,1,1,1,1,1,1,1,1,1,1,1
2008-07-27 13:45:00+00:00,30,7,13,287.3200988769531,219.72203063964844,0,0,0,0,0,0,0,0,0,0,0,0,0,0,0,1,1,0,0,0,0,0,0,0,0
2008-07-27 13:45:00+00:00,30,7,13,,,0,0,0,0,0,0,0,0,0,0,0,0,0,0,0,0,0,0,0,0,0,0,0,0,0
2008-07-27 14:00:00+00:00,30,7,14,363.7249755859375,430.1894226074219,0,0,0,0,0,0,0,0,0,0,0,0,0,0,0,0,0,0,0,0,0,0,0,0,0
2008-07-27 14:00:00+00:00,30,7,14,276.8966369628906,219.9827423095703,0,0,0,0,0,0,0,0,0,0,0,0,0,0,0,1,1,0,0,0,0,0,0,0,0
2008-07-27 14:00:00+00:00,30,7,14,60.46521759033203,62.828033447265625,0,0,0,0,0,0,0,0,1,1,1,1,1,1,1,1,1,0,0,0,0,0,0,0,0
2008-07-27 14:00:00+00:00,30,7,14,68.19659423828125,67.06460571289062,0,0,0,0,0,0,0,0,1,1,1,1,1,1,1,1,1,0,0,0,0,0,0,0,0
2008-07-27 14:00:00+00:00,30,7,14,228.964599609375,249.31820678710938,0,0,0,0,0,0,0,0,0,0,0,0,0,0,1,1,1,0,0,0,0,0,0,0,0
2008-07-27 14:00:00+00:00,30,7,14,336.388427734375,324.0682067871094,0,0,0,0,0,0,0,0,0,0,0,0,0,0,0,0,1,0,0,0,0,0,0,0,0
2008-07-27 14:00:00+00:00,30,7,14,318.6451416015625,296.37353515625,0,0,0,0,0,0,0,0,0,0,0,0,0,0,0,0,1,0,0,0,0,0,0,0,0
2008-07-27 14:00:00+00:00,30,7,14,,279.7993469238281,0,0,0,0,0,0,0,0,0,0,0,0,0,0,0,0,0,0,0,0,0,0,0,0,0
2008-07-27 14:00:00+00:00,30,7,14,245.56338500976562,341.3482971191406,0,0,0,0,0,0,0,0,0,0,0,0,0,0,1,1,1,0,0,0,0,0,0,0,0
2008-07-27 14:00:00+00:00,30,7,14,,66.4046401977539,0,0,0,0,0,0,0,0,0,0,0,0,0,0,0,0,0,0,0,0,0,0,0,0,0
2008-07-27 14:00:00+00:00,30,7,14,319.43072509765625,253.5045166015625,0,0,0,0,0,0,0,0,0,0,0,0,0,0,0,0,1,0,0,0,0,0,0,0,0
2008-07-27 14:00:00+00:00,30,7,14,148.70266723632812,128.1324920654297,0,0,0,0,0,0,0,0,0,0,0,1,1,1,1,1,1,0,0,0,0,0,0,0,0
2008-07-27 14:00:00+00:00,30,7,14,278.6048278808594,246.57476806640625,0,0,0,0,0,0,0,0,0,0,0,0,0,0,0,1,1,0,0,0,0,0,0,0,0
2008-07-27 14:00:00+00:00,30,7,14,,4.471621036529541,0,0,0,0,0,0,0,0,0,0,0,0,0,0,0,0,0,1,1,1,1,1,1,1,1
2008-07-27 14:00:00+00:00,30,7,14,54.328617095947266,62.6907844543457,0,0,0,0,0,0,0,1,1,1,1,1,1,1,1,1,1,0,0,0,0,0,0,0,0
2008-07-27 14:00:00+00:00,30,7,14,187.2073211669922,201.72604370117188,0,0,0,0,0,0,0,0,0,0,0,0,0,1,1,1,1,0,0,0,0,0,0,0,0
2008-07-27 14:00:00+00:00,30,7,14,83.61055755615234,86.54280090332031,0,0,0,0,0,0,0,0,0,1,1,1,1,1,1,1,1,0,0,0,0,0,0,0,0
2008-07-27 14:00:00+00:00,30,7,14,144.00328063964844,94.61861419677734,0,0,0,0,0,0,0,0,0,0,0,1,1,1,1,1,1,0,0,0,0,0,0,0,0
2008-07-27 14:00:00+00:00,30,7,14,110.91921997070312,115.09814453125,0,0,0,0,0,0,0,0,0,0,1,1,1,1,1,1,1,0,0,0,0,0,0,0,0
2008-07-27 14:00:00+00:00,30,7,14,97.2877197265625,100.47938537597656,0,0,0,0,0,0,0,0,0,1,1,1,1,1,1,1,1,0,0,0,0,0,0,0,0
2008-07-27 14:00:00+00:00,30,7,14,233.09848022460938,176.5010223388672,0,0,0,0,0,0,0,0,0,0,0,0,0,0,1,1,1,0,0,0,0,0,0,0,0
2008-07-27 14:00:00+00:00,30,7,14,101.4574966430664,187.32244873046875,0,0,0,0,0,0,0,0,0,0,1,1,1,1,1,1,1,0,0,0,0,0,0,0,0
2008-07-27 14:00:00+00:00,30,7,14,364.38275146484375,228.53750610351562,0,0,0,0,0,0,0,0,0,0,0,0,0,0,0,0,0,0,0,0,0,0,0,0,0
2008-07-27 14:00:00+00:00,30,7,14,664.5090942382812,709.7169189453125,0,0,0,0,0,0,0,0,0,0,0,0,0,0,0,0,0,0,0,0,0,0,0,0,0
2008-07-27 14:00:00+00:00,30,7,14,240.79153442382812,234.89486694335938,0,0,0,0,0,0,0,0,0,0,0,0,0,0,1,1,1,0,0,0,0,0,0,0,0
2008-07-27 14:00:00+00:00,30,7,14,438.68841552734375,431.1666564941406,0,0,0,0,0,0,0,0,0,0,0,0,0,0,0,0,0,0,0,0,0,0,0,0,0
2008-07-27 14:00:00+00:00,30,7,14,,,0,0,0,0,0,0,0,0,0,0,0,0,0,0,0,0,0,0,0,0,0,0,0,0,0
2008-07-27 14:15:00+00:00,30,7,14,58.74494934082031,57.13578414916992,0,0,0,0,0,0,0,1,1,1,1,1,1,1,1,1,1,0,0,0,0,0,0,0,1
2008-07-27 14:15:00+00:00,30,7,14,,,0,0,0,0,0,0,0,0,0,0,0,0,0,0,0,0,0,0,0,0,0,0,0,0,0
2008-07-27 14:15:00+00:00,30,7,14,346.35400390625,,0,0,0,0,0,0,0,0,0,0,0,0,0,0,0,0,1,0,0,0,0,0,0,0,0
2008-07-27 14:15:00+00:00,30,7,14,211.844482421875,209.34568786621094,0,0,0,0,0,0,0,0,0,0,0,0,0,0,1,1,1,0,0,0,0,0,0,0,0
2008-07-27 14:15:00+00:00,30,7,14,358.2249755859375,338.2265625,0,0,0,0,0,0,0,0,0,0,0,0,0,0,0,0,0,0,0,0,0,0,0,0,0
2008-07-27 14:15:00+00:00,30,7,14,238.6293487548828,229.857177734375,0,0,0,0,0,0,0,0,0,0,0,0,0,0,1,1,1,0,0,0,0,0,0,0,0
2008-07-27 14:15:00+00:00,30,7,14,,,0,0,0,0,0,0,0,0,0,0,0,0,0,0,0,0,0,0,0,0,0,0,0,0,0
2008-07-27 14:15:00+00:00,30,7,14,176.16441345214844,205.28060913085938,0,0,0,0,0,0,0,0,0,0,0,0,1,1,1,1,1,0,0,0,0,0,0,0,0
2008-07-27 14:15:00+00:00,30,7,14,94.39303588867188,97.11555480957031,0,0,0,0,0,0,0,0,0,1,1,1,1,1,1,1,1,0,0,0,0,0,0,0,0
2008-07-27 14:15:00+00:00,30,7,14,118.16697692871094,80.4688491821289,0,0,0,0,0,0,0,0,0,0,1,1,1,1,1,1,1,0,0,0,0,0,0,0,0
2008-07-27 14:15:00+00:00,30,7,14,219.33236694335938,208.5286102294922,0,0,0,0,0,0,0,0,0,0,0,0,0,0,1,1,1,0,0,0,0,0,0,0,0
2008-07-27 14:15:00+00:00,30,7,14,67.28959655761719,41.62406921386719,0,0,0,0,0,0,0,0,1,1,1,1,1,1,1,1,1,0,0,0,0,0,0,1,1
2008-07-27 14:15:00+00:00,30,7,14,77.26866912841797,54.204185485839844,0,0,0,0,0,0,0,0,1,1,1,1,1,1,1,1,1,0,0,0,0,0,0,0,1
2008-07-27 14:15:00+00:00,30,7,14,177.61866760253906,69.8304214477539,0,0,0,0,0,0,0,0,0,0,0,0,1,1,1,1,1,0,0,0,0,0,0,0,0
2008-07-27 14:15:00+00:00,30,7,14,173.35060119628906,98.8502197265625,0,0,0,0,0,0,0,0,0,0,0,0,1,1,1,1,1,0,0,0,0,0,0,0,0
2008-07-27 14:15:00+00:00,30,7,14,145.2576904296875,48.02267837524414,0,0,0,0,0,0,0,0,0,0,0,1,1,1,1,1,1,0,0,0,0,0,0,1,1
2008-07-27 14:15:00+00:00,30,7,14,209.2534637451172,101.83592987060547,0,0,0,0,0,0,0,0,0,0,0,0,0,0,1,1,1,0,0,0,0,0,0,0,0
2008-07-27 14:15:00+00:00,30,7,14,188.1658477783203,100.8889389038086,0,0,0,0,0,0,0,0,0,0,0,0,0,1,1,1,1,0,0,0,0,0,0,0,0
2008-07-27 14:15:00+00:00,30,7,14,164.9809112548828,112.33390045166016,0,0,0,0,0,0,0,0,0,0,0,0,1,1,1,1,1,0,0,0,0,0,0,0,0
2008-07-27 14:30:00+00:00,30,7,14,328.4130859375,295.490966796875,0,0,0,0,0,0,0,0,0,0,0,0,0,0,0,0,1,0,0,0,0,0,0,0,0
2008-07-27 14:30:00+00:00,30,7,14,202.93658447265625,114.35193634033203,0,0,0,0,0,0,0,0,0,0,0,0,0,0,1,1,1,0,0,0,0,0,0,0,0
2008-07-27 14:30:00+00:00,30,7,14,474.83612060546875,139.1555633544922,0,0,0,0,0,0,0,0,0,0,0,0,0,0,0,0,0,0,0,0,0,0,0,0,0
2008-07-27 14:30:00+00:00,30,7,14,492.0316162109375,168.5393524169922,0,0,0,0,0,0,0,0,0,0,0,0,0,0,0,0,0,0,0,0,0,0,0,0,0
2008-07-27 14:30:00+00:00,30,7,14,,375.9439392089844,0,0,0,0,0,0,0,0,0,0,0,0,0,0,0,0,0,0,0,0,0,0,0,0,0
2008-07-27 14:30:00+00:00,30,7,14,,374.8410949707031,0,0,0,0,0,0,0,0,0,0,0,0,0,0,0,0,0,0,0,0,0,0,0,0,0
2008-07-27 14:30:00+00:00,30,7,14,82.06438446044922,58.7784538269043,0,0,0,0,0,0,0,0,0,1,1,1,1,1,1,1,1,0,0,0,0,0,0,0,1
2008-07-27 14:30:00+00:00,30,7,14,,,0,0,0,0,0,0,0,0,0,0,0,0,0,0,0,0,0,0,0,0,0,0,0,0,0
2008-07-27 14:30:00+00:00,30,7,14,115.4066390991211,77.85009765625,0,0,0,0,0,0,0,0,0,0,1,1,1,1,1,1,1,0,0,0,0,0,0,0,0
2008-07-27 14:30:00+00:00,30,7,14,147.8763427734375,128.32774353027344,0,0,0,0,0,0,0,0,0,0,0,1,1,1,1,1,1,0,0,0,0,0,0,0,0
2008-07-27 14:30:00+00:00,30,7,14,365.6109313964844,362.69244384765625,0,0,0,0,0,0,0,0,0,0,0,0,0,0,0,0,0,0,0,0,0,0,0,0,0
2008-07-27 14:30:00+00:00,30,7,14,107.38743591308594,109.30046844482422,0,0,0,0,0,0,0,0,0,0,1,1,1,1,1,1,1,0,0,0,0,0,0,0,0
2008-07-27 14:45:00+00:00,30,7,14,368.2364807128906,156.13746643066406,0,0,0,0,0,0,0,0,0,0,0,0,0,0,0,0,0,0,0,0,0,0,0,0,0
2008-07-27 14:45:00+00:00,30,7,14,247.20819091796875,173.18798828125,0,0,0,0,0,0,0,0,0,0,0,0,0,0,1,1,1,0,0,0,0,0,0,0,0
2008-07-27 14:45:00+00:00,30,7,14,374.57769775390625,20.25213050842285,0,0,0,0,0,0,0,0,0,0,0,0,0,0,0,0,0,0,0,0,1,1,1,1,1
2008-07-27 14:45:00+00:00,30,7,14,,207.407470703125,0,0,0,0,0,0,0,0,0,0,0,0,0,0,0,0,0,0,0,0,0,0,0,0,0
2008-07-27 14:45:00+00:00,30,7,14,381.9808349609375,92.021240234375,0,0,0,0,0,0,0,0,0,0,0,0,0,0,0,0,0,0,0,0,0,0,0,0,0
2008-07-27 14:45:00+00:00,30,7,14,358.80596923828125,107.5420913696289,0,0,0,0,0,0,0,0,0,0,0,0,0,0,0,0,0,0,0,0,0,0,0,0,0
2008-07-27 14:45:00+00:00,30,7,14,296.8840637207031,21.247285842895508,0,0,0,0,0,0,0,0,0,0,0,0,0,0,0,1,1,0,0,0,1,1,1,1,1
2008-07-27 14:45:00+00:00,30,7,14,171.16754150390625,138.24212646484375,0,0,0,0,0,0,0,0,0,0,0,0,1,1,1,1,1,0,0,0,0,0,0,0,0
2008-07-27 14:45:00+00:00,30,7,14,172.6960906982422,77.1750717163086,0,0,0,0,0,0,0,0,0,0,0,0,1,1,1,1,1,0,0,0,0,0,0,0,0
2008-07-27 14:45:00+00:00,30,7,14,266.4563293457031,55.267093658447266,0,0,0,0,0,0,0,0,0,0,0,0,0,0,0,1,1,0,0,0,0,0,0,0,1
2008-07-27 14:45:00+00:00,30,7,14,205.0115203857422,6.440001964569092,0,0,0,0,0,0,0,0,0,0,0,0,0,0,1,1,1,1,1,1,1,1,1,1,1
2008-07-27 14:45:00+00:00,30,7,14,147.8921356201172,139.61386108398438,0,0,0,0,0,0,0,0,0,0,0,1,1,1,1,1,1,0,0,0,0,0,0,0,0
2008-07-27 14:45:00+00:00,30,7,14,354.1949462890625,344.1951599121094,0,0,0,0,0,0,0,0,0,0,0,0,0,0,0,0,0,0,0,0,0,0,0,0,0
2008-07-27 14:45:00+00:00,30,7,14,90.18506622314453,105.4512710571289,0,0,0,0,0,0,0,0,0,1,1,1,1,1,1,1,1,0,0,0,0,0,0,0,0
2008-07-27 14:45:00+00:00,30,7,14,47.35879135131836,55.99162292480469,0,0,0,0,0,0,1,1,1,1,1,1,1,1,1,1,1,0,0,0,0,0,0,0,1
2008-07-27 14:45:00+00:00,30,7,14,,,0,0,0,0,0,0,0,0,0,0,0,0,0,0,0,0,0,0,0,0,0,0,0,0,0
2008-07-27 15:00:00+00:00,30,7,15,88.96607208251953,59.2284049987793,0,0,0,0,0,0,0,0,0,1,1,1,1,1,1,1,1,0,0,0,0,0,0,0,1
2008-07-27 15:00:00+00:00,30,7,15,128.2886199951172,98.55226135253906,0,0,0,0,0,0,0,0,0,0,0,1,1,1,1,1,1,0,0,0,0,0,0,0,0
2008-07-27 15:00:00+00:00,30,7,15,65.21268463134766,224.8389892578125,0,0,0,0,0,0,0,0,1,1,1,1,1,1,1,1,1,0,0,0,0,0,0,0,0
2008-07-27 15:00:00+00:00,30,7,15,117.16108703613281,225.63772583007812,0,0,0,0,0,0,0,0,0,0,1,1,1,1,1,1,1,0,0,0,0,0,0,0,0
2008-07-27 15:00:00+00:00,30,7,15,109.1319580078125,115.5209732055664,0,0,0,0,0,0,0,0,0,0,1,1,1,1,1,1,1,0,0,0,0,0,0,0,0
2008-07-27 15:00:00+00:00,30,7,15,103.86036682128906,97.93167877197266,0,0,0,0,0,0,0,0,0,0,1,1,1,1,1,1,1,0,0,0,0,0,0,0,0
2008-07-27 15:00:00+00:00,30,7,15,100.91878509521484,180.75411987304688,0,0,0,0,0,0,0,0,0,0,1,1,1,1,1,1,1,0,0,0,0,0,0,0,0
2008-07-27 15:00:00+00:00,30,7,15,231.94454956054688,196.96922302246094,0,0,0,0,0,0,0,0,0,0,0,0,0,0,1,1,1,0,0,0,0,0,0,0,0
2008-07-27 15:00:00+00:00,30,7,15,235.3231964111328,229.43392944335938,0,0,0,0,0,0,0,0,0,0,0,0,0,0,1,1,1,0,0,0,0,0,0,0,0
2008-07-27 15:00:00+00:00,30,7,15,95.31281280517578,3.121312141418457,0,0,0,0,0,0,0,0,0,1,1,1,1,1,1,1,1,1,1,1,1,1,1,1,1
2008-07-27 15:00:00+00:00,30,7,15,60.44662857055664,60.1845703125,0,0,0,0,0,0,0,0,1,1,1,1,1,1,1,1,1,0,0,0,0,0,0,0,0
2008-07-27 15:00:00+00:00,30,7,15,300.3115234375,315.8782958984375,0,0,0,0,0,0,0,0,0,0,0,0,0,0,0,0,1,0,0,0,0,0,0,0,0
2008-07-27 15:00:00+00:00,30,7,15,175.56756591796875,190.9705810546875,0,0,0,0,0,0,0,0,0,0,0,0,1,1,1,1,1,0,0,0,0,0,0,0,0
2008-07-27 15:00:00+00:00,30,7,15,178.62625122070312,170.13235473632812,0,0,0,0,0,0,0,0,0,0,0,0,1,1,1,1,1,0,0,0,0,0,0,0,0
2008-07-27 15:00:00+00:00,30,7,15,44.26547622680664,58.48277282714844,0,0,0,0,0,0,1,1,1,1,1,1,1,1,1,1,1,0,0,0,0,0,0,0,1
2008-07-27 15:00:00+00:00,30,7,15,135.4776153564453,137.24026489257812,0,0,0,0,0,0,0,0,0,0,0,1,1,1,1,1,1,0,0,0,0,0,0,0,0
2008-07-27 15:00:00+00:00,30,7,15,,,0,0,0,0,0,0,0,0,0,0,0,0,0,0,0,0,0,0,0,0,0,0,0,0,0
2008-07-27 15:15:00+00:00,30,7,15,,,0,0,0,0,0,0,0,0,0,0,0,0,0,0,0,0,0,0,0,0,0,0,0,0,0
2008-07-27 15:15:00+00:00,30,7,15,321.9578552246094,352.4698791503906,0,0,0,0,0,0,0,0,0,0,0,0,0,0,0,0,1,0,0,0,0,0,0,0,0
2008-07-27 15:15:00+00:00,30,7,15,332.8368225097656,354.9916076660156,0,0,0,0,0,0,0,0,0,0,0,0,0,0,0,0,1,0,0,0,0,0,0,0,0
2008-07-27 15:15:00+00:00,30,7,15,211.10617065429688,191.76837158203125,0,0,0,0,0,0,0,0,0,0,0,0,0,0,1,1,1,0,0,0,0,0,0,0,0
2008-07-27 15:15:00+00:00,30,7,15,217.07516479492188,191.28860473632812,0,0,0,0,0,0,0,0,0,0,0,0,0,0,1,1,1,0,0,0,0,0,0,0,0
2008-07-27 15:15:00+00:00,30,7,15,201.27598571777344,242.02102661132812,0,0,0,0,0,0,0,0,0,0,0,0,0,0,1,1,1,0,0,0,0,0,0,0,0
2008-07-27 15:15:00+00:00,30,7,15,64.50385284423828,53.040855407714844,0,0,0,0,0,0,0,0,1,1,1,1,1,1,1,1,1,0,0,0,0,0,0,0,1
2008-07-27 15:15:00+00:00,30,7,15,193.96563720703125,208.43939208984375,0,0,0,0,0,0,0,0,0,0,0,0,0,1,1,1,1,0,0,0,0,0,0,0,0
2008-07-27 15:15:00+00:00,30,7,15,148.733642578125,125.9758529663086,0,0,0,0,0,0,0,0,0,0,0,1,1,1,1,1,1,0,0,0,0,0,0,0,0
2008-07-27 15:15:00+00:00,30,7,15,156.13739013671875,146.83456420898438,0,0,0,0,0,0,0,0,0,0,0,0,1,1,1,1,1,0,0,0,0,0,0,0,0
2008-07-27 15:15:00+00:00,30,7,15,,,0,0,0,0,0,0,0,0,0,0,0,0,0,0,0,0,0,0,0,0,0,0,0,0,0
2008-07-27 15:15:00+00:00,30,7,15,,,0,0,0,0,0,0,0,0,0,0,0,0,0,0,0,0,0,0,0,0,0,0,0,0,0
2008-07-27 15:15:00+00:00,30,7,15,124.75690460205078,141.0394287109375,0,0,0,0,0,0,0,0,0,0,0,1,1,1,1,1,1,0,0,0,0,0,0,0,0
2008-07-27 15:15:00+00:00,30,7,15,,,0,0,0,0,0,0,0,0,0,0,0,0,0,0,0,0,0,0,0,0,0,0,0,0,0
2008-07-27 15:30:00+00:00,30,7,15,192.468505859375,185.25729370117188,0,0,0,0,0,0,0,0,0,0,0,0,0,1,1,1,1,0,0,0,0,0,0,0,0
2008-07-27 15:30:00+00:00,30,7,15,,,0,0,0,0,0,0,0,0,0,0,0,0,0,0,0,0,0,0,0,0,0,0,0,0,0
2008-07-27 15:30:00+00:00,30,7,15,106.23377227783203,98.7053451538086,0,0,0,0,0,0,0,0,0,0,1,1,1,1,1,1,1,0,0,0,0,0,0,0,0
2008-07-27 15:30:00+00:00,30,7,15,331.8921203613281,309.3894958496094,0,0,0,0,0,0,0,0,0,0,0,0,0,0,0,0,1,0,0,0,0,0,0,0,0
2008-07-27 15:30:00+00:00,30,7,15,285.8014221191406,281.1976013183594,0,0,0,0,0,0,0,0,0,0,0,0,0,0,0,1,1,0,0,0,0,0,0,0,0
2008-07-27 15:30:00+00:00,30,7,15,281.2856750488281,293.5041809082031,0,0,0,0,0,0,0,0,0,0,0,0,0,0,0,1,1,0,0,0,0,0,0,0,0
2008-07-27 15:30:00+00:00,30,7,15,219.01943969726562,230.3492431640625,0,0,0,0,0,0,0,0,0,0,0,0,0,0,1,1,1,0,0,0,0,0,0,0,0
2008-07-27 15:30:00+00:00,30,7,15,260.7019348144531,207.77914428710938,0,0,0,0,0,0,0,0,0,0,0,0,0,0,0,1,1,0,0,0,0,0,0,0,0
2008-07-27 15:30:00+00:00,30,7,15,73.47810363769531,66.38676452636719,0,0,0,0,0,0,0,0,1,1,1,1,1,1,1,1,1,0,0,0,0,0,0,0,0
2008-07-27 15:30:00+00:00,30,7,15,60.844573974609375,48.84197998046875,0,0,0,0,0,0,0,0,1,1,1,1,1,1,1,1,1,0,0,0,0,0,0,1,1
2008-07-27 15:30:00+00:00,30,7,15,401.0351257324219,387.6322937011719,0,0,0,0,0,0,0,0,0,0,0,0,0,0,0,0,0,0,0,0,0,0,0,0,0
2008-07-27 15:30:00+00:00,30,7,15,88.4212417602539,0.0,0,0,0,0,0,0,0,0,0,1,1,1,1,1,1,1,1,1,1,1,1,1,1,1,1
2008-07-27 15:30:00+00:00,30,7,15,298.89501953125,356.2720642089844,0,0,0,0,0,0,0,0,0,0,0,0,0,0,0,1,1,0,0,0,0,0,0,0,0
2008-07-27 15:30:00+00:00,30,7,15,383.4957275390625,,0,0,0,0,0,0,0,0,0,0,0,0,0,0,0,0,0,0,0,0,0,0,0,0,0
2008-07-27 15:30:00+00:00,30,7,15,,,0,0,0,0,0,0,0,0,0,0,0,0,0,0,0,0,0,0,0,0,0,0,0,0,0
2008-07-27 15:45:00+00:00,30,7,15,183.06834411621094,184.3018035888672,0,0,0,0,0,0,0,0,0,0,0,0,0,1,1,1,1,0,0,0,0,0,0,0,0
2008-07-27 15:45:00+00:00,30,7,15,,,0,0,0,0,0,0,0,0,0,0,0,0,0,0,0,0,0,0,0,0,0,0,0,0,0
2008-07-27 15:45:00+00:00,30,7,15,,,0,0,0,0,0,0,0,0,0,0,0,0,0,0,0,0,0,0,0,0,0,0,0,0,0
2008-07-27 15:45:00+00:00,30,7,15,103.29895782470703,179.69796752929688,0,0,0,0,0,0,0,0,0,0,1,1,1,1,1,1,1,0,0,0,0,0,0,0,0
2008-07-27 15:45:00+00:00,30,7,15,254.57716369628906,251.17373657226562,0,0,0,0,0,0,0,0,0,0,0,0,0,0,0,1,1,0,0,0,0,0,0,0,0
2008-07-27 15:45:00+00:00,30,7,15,139.56103515625,189.85931396484375,0,0,0,0,0,0,0,0,0,0,0,1,1,1,1,1,1,0,0,0,0,0,0,0,0
2008-07-27 15:45:00+00:00,30,7,15,126.46395111083984,184.4322052001953,0,0,0,0,0,0,0,0,0,0,0,1,1,1,1,1,1,0,0,0,0,0,0,0,0
2008-07-27 15:45:00+00:00,30,7,15,122.88026428222656,134.92764282226562,0,0,0,0,0,0,0,0,0,0,0,1,1,1,1,1,1,0,0,0,0,0,0,0,0
2008-07-27 15:45:00+00:00,30,7,15,,,0,0,0,0,0,0,0,0,0,0,0,0,0,0,0,0,0,0,0,0,0,0,0,0,0
2008-07-27 15:45:00+00:00,30,7,15,117.68998718261719,66.33663940429688,0,0,0,0,0,0,0,0,0,0,1,1,1,1,1,1,1,0,0,0,0,0,0,0,0
2008-07-27 15:45:00+00:00,30,7,15,260.1381530761719,275.3644714355469,0,0,0,0,0,0,0,0,0,0,0,0,0,0,0,1,1,0,0,0,0,0,0,0,0
2008-07-27 15:45:00+00:00,30,7,15,84.62486267089844,62.37500762939453,0,0,0,0,0,0,0,0,0,1,1,1,1,1,1,1,1,0,0,0,0,0,0,0,0
2008-07-27 15:45:00+00:00,30,7,15,81.19739532470703,55.38009262084961,0,0,0,0,0,0,0,0,0,1,1,1,1,1,1,1,1,0,0,0,0,0,0,0,1
2008-07-27 15:45:00+00:00,30,7,15,375.7875061035156,355.55133056640625,0,0,0,0,0,0,0,0,0,0,0,0,0,0,0,0,0,0,0,0,0,0,0,0,0
2008-07-27 15:45:00+00:00,30,7,15,92.64120483398438,102.14664459228516,0,0,0,0,0,0,0,0,0,1,1,1,1,1,1,1,1,0,0,0,0,0,0,0,0
2008-07-27 16:00:00+00:00,30,7,16,,,0,0,0,0,0,0,0,0,0,0,0,0,0,0,0,0,0,0,0,0,0,0,0,0,0
2008-07-27 16:00:00+00:00,30,7,16,222.5364990234375,295.1180419921875,0,0,0,0,0,0,0,0,0,0,0,0,0,0,1,1,1,0,0,0,0,0,0,0,0
2008-07-27 16:00:00+00:00,30,7,16,206.55609130859375,227.1719970703125,0,0,0,0,0,0,0,0,0,0,0,0,0,0,1,1,1,0,0,0,0,0,0,0,0
2008-07-27 16:00:00+00:00,30,7,16,127.93212890625,102.15605163574219,0,0,0,0,0,0,0,0,0,0,0,1,1,1,1,1,1,0,0,0,0,0,0,0,0
2008-07-27 16:00:00+00:00,30,7,16,93.99136352539062,81.15501403808594,0,0,0,0,0,0,0,0,0,1,1,1,1,1,1,1,1,0,0,0,0,0,0,0,0
2008-07-27 16:15:00+00:00,30,7,16,288.62689208984375,287.0980224609375,0,0,0,0,0,0,0,0,0,0,0,0,0,0,0,1,1,0,0,0,0,0,0,0,0
2008-07-27 16:15:00+00:00,30,7,16,338.4654846191406,287.27593994140625,0,0,0,0,0,0,0,0,0,0,0,0,0,0,0,0,1,0,0,0,0,0,0,0,0
2008-07-27 16:15:00+00:00,30,7,16,116.28543090820312,108.81822204589844,0,0,0,0,0,0,0,0,0,0,1,1,1,1,1,1,1,0,0,0,0,0,0,0,0
2008-07-27 16:15:00+00:00,30,7,16,111.56116485595703,120.40782928466797,0,0,0,0,0,0,0,0,0,0,1,1,1,1,1,1,1,0,0,0,0,0,0,0,0
2008-07-27 16:15:00+00:00,30,7,16,135.3262176513672,177.28421020507812,0,0,0,0,0,0,0,0,0,0,0,1,1,1,1,1,1,0,0,0,0,0,0,0,0
2008-07-27 16:15:00+00:00,30,7,16,45.85790252685547,52.946388244628906,0,0,0,0,0,0,1,1,1,1,1,1,1,1,1,1,1,0,0,0,0,0,0,0,1
2008-07-27 16:15:00+00:00,30,7,16,168.9505157470703,164.92523193359375,0,0,0,0,0,0,0,0,0,0,0,0,1,1,1,1,1,0,0,0,0,0,0,0,0
2008-07-27 16:15:00+00:00,30,7,16,,,0,0,0,0,0,0,0,0,0,0,0,0,0,0,0,0,0,0,0,0,0,0,0,0,0
2008-07-27 16:30:00+00:00,30,7,16,447.9768371582031,451.1792907714844,0,0,0,0,0,0,0,0,0,0,0,0,0,0,0,0,0,0,0,0,0,0,0,0,0
2008-07-27 16:30:00+00:00,30,7,16,239.28538513183594,201.3177490234375,0,0,0,0,0,0,0,0,0,0,0,0,0,0,1,1,1,0,0,0,0,0,0,0,0
2008-07-27 16:30:00+00:00,30,7,16,221.37408447265625,232.20858764648438,0,0,0,0,0,0,0,0,0,0,0,0,0,0,1,1,1,0,0,0,0,0,0,0,0
2008-07-27 16:30:00+00:00,30,7,16,165.7067108154297,145.21299743652344,0,0,0,0,0,0,0,0,0,0,0,0,1,1,1,1,1,0,0,0,0,0,0,0,0
2008-07-27 16:30:00+00:00,30,7,16,173.0675506591797,407.8876647949219,0,0,0,0,0,0,0,0,0,0,0,0,1,1,1,1,1,0,0,0,0,0,0,0,0
2008-07-27 16:30:00+00:00,30,7,16,320.6531677246094,334.44378662109375,0,0,0,0,0,0,0,0,0,0,0,0,0,0,0,0,1,0,0,0,0,0,0,0,0
2008-07-27 16:45:00+00:00,30,7,16,357.4250183105469,345.4571228027344,0,0,0,0,0,0,0,0,0,0,0,0,0,0,0,0,0,0,0,0,0,0,0,0,0
2008-07-27 16:45:00+00:00,30,7,16,413.4564208984375,403.61224365234375,0,0,0,0,0,0,0,0,0,0,0,0,0,0,0,0,0,0,0,0,0,0,0,0,0
2008-07-27 16:45:00+00:00,30,7,16,174.38125610351562,348.58880615234375,0,0,0,0,0,0,0,0,0,0,0,0,1,1,1,1,1,0,0,0,0,0,0,0,0
2008-07-27 16:45:00+00:00,30,7,16,182.7946319580078,180.4773712158203,0,0,0,0,0,0,0,0,0,0,0,0,0,1,1,1,1,0,0,0,0,0,0,0,0
2008-07-27 16:45:00+00:00,30,7,16,135.7366943359375,118.85708618164062,0,0,0,0,0,0,0,0,0,0,0,1,1,1,1,1,1,0,0,0,0,0,0,0,0
2008-07-27 16:45:00+00:00,30,7,16,255.483154296875,258.33245849609375,0,0,0,0,0,0,0,0,0,0,0,0,0,0,0,1,1,0,0,0,0,0,0,0,0
2008-07-27 17:00:00+00:00,30,7,17,159.2591552734375,155.5761260986328,0,0,0,0,0,0,0,0,0,0,0,0,1,1,1,1,1,0,0,0,0,0,0,0,0
2008-07-27 17:00:00+00:00,30,7,17,103.69572448730469,84.46293640136719,0,0,0,0,0,0,0,0,0,0,1,1,1,1,1,1,1,0,0,0,0,0,0,0,0
2008-07-27 17:00:00+00:00,30,7,17,237.8036346435547,144.55059814453125,0,0,0,0,0,0,0,0,0,0,0,0,0,0,1,1,1,0,0,0,0,0,0,0,0
2008-07-27 17:00:00+00:00,30,7,17,407.41815185546875,144.30621337890625,0,0,0,0,0,0,0,0,0,0,0,0,0,0,0,0,0,0,0,0,0,0,0,0,0
2008-07-27 17:00:00+00:00,30,7,17,57.52519607543945,61.59576416015625,0,0,0,0,0,0,0,1,1,1,1,1,1,1,1,1,1,0,0,0,0,0,0,0,0
2008-07-27 17:00:00+00:00,30,7,17,162.01220703125,140.43797302246094,0,0,0,0,0,0,0,0,0,0,0,0,1,1,1,1,1,0,0,0,0,0,0,0,0
2008-07-27 17:00:00+00:00,30,7,17,167.7859344482422,120.49671173095703,0,0,0,0,0,0,0,0,0,0,0,0,1,1,1,1,1,0,0,0,0,0,0,0,0
2008-07-27 17:00:00+00:00,30,7,17,192.1986846923828,206.76336669921875,0,0,0,0,0,0,0,0,0,0,0,0,0,1,1,1,1,0,0,0,0,0,0,0,0
2008-07-27 17:15:00+00:00,30,7,17,332.6957702636719,314.9577941894531,0,0,0,0,0,0,0,0,0,0,0,0,0,0,0,0,1,0,0,0,0,0,0,0,0
2008-07-27 17:15:00+00:00,30,7,17,204.89425659179688,60.80455017089844,0,0,0,0,0,0,0,0,0,0,0,0,0,0,1,1,1,0,0,0,0,0,0,0,0
2008-07-27 17:15:00+00:00,30,7,17,130.4834442138672,0.0,0,0,0,0,0,0,0,0,0,0,0,1,1,1,1,1,1,1,1,1,1,1,1,1,1
2008-07-27 17:15:00+00:00,30,7,17,52.49127960205078,94.04117584228516,0,0,0,0,0,0,0,1,1,1,1,1,1,1,1,1,1,0,0,0,0,0,0,0,0
2008-07-27 17:15:00+00:00,30,7,17,218.5504608154297,229.920166015625,0,0,0,0,0,0,0,0,0,0,0,0,0,0,1,1,1,0,0,0,0,0,0,0,0
2008-07-27 17:15:00+00:00,30,7,17,165.58328247070312,185.375,0,0,0,0,0,0,0,0,0,0,0,0,1,1,1,1,1,0,0,0,0,0,0,0,0
2008-07-27 17:15:00+00:00,30,7,17,,,0,0,0,0,0,0,0,0,0,0,0,0,0,0,0,0,0,0,0,0,0,0,0,0,0
2008-07-27 17:30:00+00:00,30,7,17,339.37896728515625,194.7396240234375,0,0,0,0,0,0,0,0,0,0,0,0,0,0,0,0,1,0,0,0,0,0,0,0,0
2008-07-27 17:30:00+00:00,30,7,17,160.16940307617188,175.62059020996094,0,0,0,0,0,0,0,0,0,0,0,0,1,1,1,1,1,0,0,0,0,0,0,0,0
2008-07-27 17:30:00+00:00,30,7,17,94.5721206665039,68.97479248046875,0,0,0,0,0,0,0,0,0,1,1,1,1,1,1,1,1,0,0,0,0,0,0,0,0
2008-07-27 17:45:00+00:00,30,7,17,223.66502380371094,251.3230438232422,0,0,0,0,0,0,0,0,0,0,0,0,0,0,1,1,1,0,0,0,0,0,0,0,0
2008-07-27 17:45:00+00:00,30,7,17,44.028324127197266,74.22301483154297,0,0,0,0,0,0,1,1,1,1,1,1,1,1,1,1,1,0,0,0,0,0,0,0,0
2008-07-27 17:45:00+00:00,30,7,17,224.52694702148438,,0,0,0,0,0,0,0,0,0,0,0,0,0,0,1,1,1,0,0,0,0,0,0,0,0
2008-07-27 17:45:00+00:00,30,7,17,142.8307647705078,115.18213653564453,0,0,0,0,0,0,0,0,0,0,0,1,1,1,1,1,1,0,0,0,0,0,0,0,0
2008-07-27 17:45:00+00:00,30,7,17,,,0,0,0,0,0,0,0,0,0,0,0,0,0,0,0,0,0,0,0,0,0,0,0,0,0
2008-07-28 10:00:00+00:00,30,7,10,348.88818359375,,0,0,0,0,0,0,0,0,0,0,0,0,0,0,0,0,1,0,0,0,0,0,0,0,0
2008-07-28 10:00:00+00:00,30,7,10,458.81512451171875,503.75982666015625,0,0,0,0,0,0,0,0,0,0,0,0,0,0,0,0,0,0,0,0,0,0,0,0,0
2008-07-28 10:00:00+00:00,30,7,10,132.09024047851562,115.51918029785156,0,0,0,0,0,0,0,0,0,0,0,1,1,1,1,1,1,0,0,0,0,0,0,0,0
2008-07-28 10:00:00+00:00,30,7,10,,,0,0,0,0,0,0,0,0,0,0,0,0,0,0,0,0,0,0,0,0,0,0,0,0,0
2008-07-28 10:00:00+00:00,30,7,10,,,0,0,0,0,0,0,0,0,0,0,0,0,0,0,0,0,0,0,0,0,0,0,0,0,0
2008-07-28 10:00:00+00:00,30,7,10,,,0,0,0,0,0,0,0,0,0,0,0,0,0,0,0,0,0,0,0,0,0,0,0,0,0
2008-07-28 10:00:00+00:00,30,7,10,,,0,0,0,0,0,0,0,0,0,0,0,0,0,0,0,0,0,0,0,0,0,0,0,0,0
2008-07-28 10:15:00+00:00,30,7,10,,,0,0,0,0,0,0,0,0,0,0,0,0,0,0,0,0,0,0,0,0,0,0,0,0,0
2008-07-28 10:15:00+00:00,30,7,10,207.9838409423828,218.41009521484375,0,0,0,0,0,0,0,0,0,0,0,0,0,0,1,1,1,0,0,0,0,0,0,0,0
2008-07-28 10:15:00+00:00,30,7,10,399.89874267578125,320.2434997558594,0,0,0,0,0,0,0,0,0,0,0,0,0,0,0,0,0,0,0,0,0,0,0,0,0
2008-07-28 10:30:00+00:00,30,7,10,375.2977294921875,,0,0,0,0,0,0,0,0,0,0,0,0,0,0,0,0,0,0,0,0,0,0,0,0,0
2008-07-28 10:30:00+00:00,30,7,10,,322.4046936035156,0,0,0,0,0,0,0,0,0,0,0,0,0,0,0,0,0,0,0,0,0,0,0,0,0
2008-07-28 10:30:00+00:00,30,7,10,368.6427917480469,344.2882080078125,0,0,0,0,0,0,0,0,0,0,0,0,0,0,0,0,0,0,0,0,0,0,0,0,0
2008-07-28 10:30:00+00:00,30,7,10,440.236328125,325.6475830078125,0,0,0,0,0,0,0,0,0,0,0,0,0,0,0,0,0,0,0,0,0,0,0,0,0
2008-07-28 10:45:00+00:00,30,7,10,,209.59800720214844,0,0,0,0,0,0,0,0,0,0,0,0,0,0,0,0,0,0,0,0,0,0,0,0,0
2008-07-28 10:45:00+00:00,30,7,10,481.1858215332031,98.25276184082031,0,0,0,0,0,0,0,0,0,0,0,0,0,0,0,0,0,0,0,0,0,0,0,0,0
2008-07-28 10:45:00+00:00,30,7,10,,,0,0,0,0,0,0,0,0,0,0,0,0,0,0,0,0,0,0,0,0,0,0,0,0,0
2008-07-28 10:45:00+00:00,30,7,10,248.2239990234375,209.27944946289062,0,0,0,0,0,0,0,0,0,0,0,0,0,0,1,1,1,0,0,0,0,0,0,0,0
2008-07-28 10:45:00+00:00,30,7,10,436.2455749511719,144.3037872314453,0,0,0,0,0,0,0,0,0,0,0,0,0,0,0,0,0,0,0,0,0,0,0,0,0
2008-07-28 10:45:00+00:00,30,7,10,,,0,0,0,0,0,0,0,0,0,0,0,0,0,0,0,0,0,0,0,0,0,0,0,0,0
2008-07-28 10:45:00+00:00,30,7,10,313.9487609863281,277.26348876953125,0,0,0,0,0,0,0,0,0,0,0,0,0,0,0,0,1,0,0,0,0,0,0,0,0
2008-07-28 11:00:00+00:00,30,7,11,,,0,0,0,0,0,0,0,0,0,0,0,0,0,0,0,0,0,0,0,0,0,0,0,0,0
2008-07-28 11:00:00+00:00,30,7,11,404.1728820800781,202.629638671875,0,0,0,0,0,0,0,0,0,0,0,0,0,0,0,0,0,0,0,0,0,0,0,0,0
2008-07-28 11:00:00+00:00,30,7,11,371.40155029296875,244.15504455566406,0,0,0,0,0,0,0,0,0,0,0,0,0,0,0,0,0,0,0,0,0,0,0,0,0
2008-07-28 11:00:00+00:00,30,7,11,,217.8941650390625,0,0,0,0,0,0,0,0,0,0,0,0,0,0,0,0,0,0,0,0,0,0,0,0,0
2008-07-28 11:00:00+00:00,30,7,11,476.3453674316406,83.67315673828125,0,0,0,0,0,0,0,0,0,0,0,0,0,0,0,0,0,0,0,0,0,0,0,0,0
2008-07-28 11:00:00+00:00,30,7,11,101.47589874267578,470.5511779785156,0,0,0,0,0,0,0,0,0,0,1,1,1,1,1,1,1,0,0,0,0,0,0,0,0
2008-07-28 11:00:00+00:00,30,7,11,,,0,0,0,0,0,0,0,0,0,0,0,0,0,0,0,0,0,0,0,0,0,0,0,0,0
2008-07-28 11:00:00+00:00,30,7,11,,,0,0,0,0,0,0,0,0,0,0,0,0,0,0,0,0,0,0,0,0,0,0,0,0,0
2008-07-28 11:00:00+00:00,30,7,11,,,0,0,0,0,0,0,0,0,0,0,0,0,0,0,0,0,0,0,0,0,0,0,0,0,0
2008-07-28 11:00:00+00:00,30,7,11,217.44049072265625,238.21051025390625,0,0,0,0,0,0,0,0,0,0,0,0,0,0,1,1,1,0,0,0,0,0,0,0,0
2008-07-28 11:00:00+00:00,30,7,11,,539.0814208984375,0,0,0,0,0,0,0,0,0,0,0,0,0,0,0,0,0,0,0,0,0,0,0,0,0
2008-07-28 11:15:00+00:00,30,7,11,333.6141357421875,355.706787109375,0,0,0,0,0,0,0,0,0,0,0,0,0,0,0,0,1,0,0,0,0,0,0,0,0
2008-07-28 11:15:00+00:00,30,7,11,260.1004638671875,276.7320556640625,0,0,0,0,0,0,0,0,0,0,0,0,0,0,0,1,1,0,0,0,0,0,0,0,0
2008-07-28 11:15:00+00:00,30,7,11,233.0480194091797,220.93206787109375,0,0,0,0,0,0,0,0,0,0,0,0,0,0,1,1,1,0,0,0,0,0,0,0,0
2008-07-28 11:15:00+00:00,30,7,11,337.64080810546875,310.6501159667969,0,0,0,0,0,0,0,0,0,0,0,0,0,0,0,0,1,0,0,0,0,0,0,0,0
2008-07-28 11:15:00+00:00,30,7,11,131.18167114257812,54.474365234375,0,0,0,0,0,0,0,0,0,0,0,1,1,1,1,1,1,0,0,0,0,0,0,0,1
2008-07-28 11:15:00+00:00,30,7,11,382.35614013671875,319.81390380859375,0,0,0,0,0,0,0,0,0,0,0,0,0,0,0,0,0,0,0,0,0,0,0,0,0
2008-07-28 11:15:00+00:00,30,7,11,,,0,0,0,0,0,0,0,0,0,0,0,0,0,0,0,0,0,0,0,0,0,0,0,0,0
2008-07-28 11:15:00+00:00,30,7,11,416.8800354003906,371.37274169921875,0,0,0,0,0,0,0,0,0,0,0,0,0,0,0,0,0,0,0,0,0,0,0,0,0
2008-07-28 11:30:00+00:00,30,7,11,,137.84921264648438,0,0,0,0,0,0,0,0,0,0,0,0,0,0,0,0,0,0,0,0,0,0,0,0,0
2008-07-28 11:30:00+00:00,30,7,11,,,0,0,0,0,0,0,0,0,0,0,0,0,0,0,0,0,0,0,0,0,0,0,0,0,0
2008-07-28 11:30:00+00:00,30,7,11,,,0,0,0,0,0,0,0,0,0,0,0,0,0,0,0,0,0,0,0,0,0,0,0,0,0
2008-07-28 11:30:00+00:00,30,7,11,118.2197494506836,103.81836700439453,0,0,0,0,0,0,0,0,0,0,1,1,1,1,1,1,1,0,0,0,0,0,0,0,0
2008-07-28 11:30:00+00:00,30,7,11,390.08160400390625,331.2098083496094,0,0,0,0,0,0,0,0,0,0,0,0,0,0,0,0,0,0,0,0,0,0,0,0,0
2008-07-28 11:30:00+00:00,30,7,11,,247.30490112304688,0,0,0,0,0,0,0,0,0,0,0,0,0,0,0,0,0,0,0,0,0,0,0,0,0
2008-07-28 11:30:00+00:00,30,7,11,,,0,0,0,0,0,0,0,0,0,0,0,0,0,0,0,0,0,0,0,0,0,0,0,0,0
2008-07-28 11:30:00+00:00,30,7,11,292.6670227050781,250.9246063232422,0,0,0,0,0,0,0,0,0,0,0,0,0,0,0,1,1,0,0,0,0,0,0,0,0
2008-07-28 11:45:00+00:00,30,7,11,,,0,0,0,0,0,0,0,0,0,0,0,0,0,0,0,0,0,0,0,0,0,0,0,0,0
2008-07-28 11:45:00+00:00,30,7,11,286.17919921875,380.43560791015625,0,0,0,0,0,0,0,0,0,0,0,0,0,0,0,1,1,0,0,0,0,0,0,0,0
2008-07-28 11:45:00+00:00,30,7,11,,,0,0,0,0,0,0,0,0,0,0,0,0,0,0,0,0,0,0,0,0,0,0,0,0,0
2008-07-28 11:45:00+00:00,30,7,11,407.76556396484375,489.9761657714844,0,0,0,0,0,0,0,0,0,0,0,0,0,0,0,0,0,0,0,0,0,0,0,0,0
2008-07-28 11:45:00+00:00,30,7,11,381.3165588378906,440.33306884765625,0,0,0,0,0,0,0,0,0,0,0,0,0,0,0,0,0,0,0,0,0,0,0,0,0
2008-07-28 11:45:00+00:00,30,7,11,345.97802734375,233.03805541992188,0,0,0,0,0,0,0,0,0,0,0,0,0,0,0,0,1,0,0,0,0,0,0,0,0
2008-07-28 11:45:00+00:00,30,7,11,155.7666015625,217.06521606445312,0,0,0,0,0,0,0,0,0,0,0,0,1,1,1,1,1,0,0,0,0,0,0,0,0
2008-07-28 12:00:00+00:00,30,7,12,357.31341552734375,,0,0,0,0,0,0,0,0,0,0,0,0,0,0,0,0,0,0,0,0,0,0,0,0,0
2008-07-28 12:00:00+00:00,30,7,12,78.88645935058594,71.84269714355469,0,0,0,0,0,0,0,0,1,1,1,1,1,1,1,1,1,0,0,0,0,0,0,0,0
2008-07-28 12:00:00+00:00,30,7,12,234.396728515625,3.174302577972412,0,0,0,0,0,0,0,0,0,0,0,0,0,0,1,1,1,1,1,1,1,1,1,1,1
2008-07-28 12:00:00+00:00,30,7,12,,,0,0,0,0,0,0,0,0,0,0,0,0,0,0,0,0,0,0,0,0,0,0,0,0,0
2008-07-28 12:00:00+00:00,30,7,12,371.7018737792969,388.40081787109375,0,0,0,0,0,0,0,0,0,0,0,0,0,0,0,0,0,0,0,0,0,0,0,0,0
2008-07-28 12:00:00+00:00,30,7,12,81.56498718261719,52.89793014526367,0,0,0,0,0,0,0,0,0,1,1,1,1,1,1,1,1,0,0,0,0,0,0,0,1
2008-07-28 12:00:00+00:00,30,7,12,97.47879028320312,117.7012710571289,0,0,0,0,0,0,0,0,0,1,1,1,1,1,1,1,1,0,0,0,0,0,0,0,0
2008-07-28 12:15:00+00:00,30,7,12,325.998046875,286.1523742675781,0,0,0,0,0,0,0,0,0,0,0,0,0,0,0,0,1,0,0,0,0,0,0,0,0
2008-07-28 12:15:00+00:00,30,7,12,,,0,0,0,0,0,0,0,0,0,0,0,0,0,0,0,0,0,0,0,0,0,0,0,0,0
2008-07-28 12:15:00+00:00,30,7,12,,,0,0,0,0,0,0,0,0,0,0,0,0,0,0,0,0,0,0,0,0,0,0,0,0,0
2008-07-28 12:15:00+00:00,30,7,12,,,0,0,0,0,0,0,0,0,0,0,0,0,0,0,0,0,0,0,0,0,0,0,0,0,0
2008-07-28 12:15:00+00:00,30,7,12,,,0,0,0,0,0,0,0,0,0,0,0,0,0,0,0,0,0,0,0,0,0,0,0,0,0
2008-07-28 12:15:00+00:00,30,7,12,,,0,0,0,0,0,0,0,0,0,0,0,0,0,0,0,0,0,0,0,0,0,0,0,0,0
2008-07-28 12:15:00+00:00,30,7,12,117.67252349853516,63.69594192504883,0,0,0,0,0,0,0,0,0,0,1,1,1,1,1,1,1,0,0,0,0,0,0,0,0
2008-07-28 12:30:00+00:00,30,7,12,448.4382629394531,430.8277893066406,0,0,0,0,0,0,0,0,0,0,0,0,0,0,0,0,0,0,0,0,0,0,0,0,0
2008-07-28 12:30:00+00:00,30,7,12,,459.6234130859375,0,0,0,0,0,0,0,0,0,0,0,0,0,0,0,0,0,0,0,0,0,0,0,0,0
2008-07-28 12:30:00+00:00,30,7,12,,273.8901672363281,0,0,0,0,0,0,0,0,0,0,0,0,0,0,0,0,0,0,0,0,0,0,0,0,0
2008-07-28 12:30:00+00:00,30,7,12,230.62669372558594,208.7530059814453,0,0,0,0,0,0,0,0,0,0,0,0,0,0,1,1,1,0,0,0,0,0,0,0,0
2008-07-28 12:30:00+00:00,30,7,12,253.5614471435547,204.4584503173828,0,0,0,0,0,0,0,0,0,0,0,0,0,0,0,1,1,0,0,0,0,0,0,0,0
2008-07-28 12:30:00+00:00,30,7,12,277.2593688964844,250.6568145751953,0,0,0,0,0,0,0,0,0,0,0,0,0,0,0,1,1,0,0,0,0,0,0,0,0
2008-07-28 12:30:00+00:00,30,7,12,,,0,0,0,0,0,0,0,0,0,0,0,0,0,0,0,0,0,0,0,0,0,0,0,0,0
2008-07-28 12:30:00+00:00,30,7,12,137.41744995117188,108.56871795654297,0,0,0,0,0,0,0,0,0,0,0,1,1,1,1,1,1,0,0,0,0,0,0,0,0
2008-07-28 12:30:00+00:00,30,7,12,311.1334228515625,292.7784423828125,0,0,0,0,0,0,0,0,0,0,0,0,0,0,0,0,1,0,0,0,0,0,0,0,0
2008-07-28 12:30:00+00:00,30,7,12,76.0012435913086,70.51065063476562,0,0,0,0,0,0,0,0,1,1,1,1,1,1,1,1,1,0,0,0,0,0,0,0,0
2008-07-28 12:30:00+00:00,30,7,12,40.8684196472168,41.321624755859375,0,0,0,0,0,0,1,1,1,1,1,1,1,1,1,1,1,0,0,0,0,0,0,1,1
2008-07-28 12:30:00+00:00,30,7,12,210.79713439941406,209.623046875,0,0,0,0,0,0,0,0,0,0,0,0,0,0,1,1,1,0,0,0,0,0,0,0,0
2008-07-28 12:30:00+00:00,30,7,12,315.9420471191406,307.5439147949219,0,0,0,0,0,0,0,0,0,0,0,0,0,0,0,0,1,0,0,0,0,0,0,0,0
2008-07-28 12:45:00+00:00,30,7,12,346.5775146484375,73.78620910644531,0,0,0,0,0,0,0,0,0,0,0,0,0,0,0,0,1,0,0,0,0,0,0,0,0
2008-07-28 12:45:00+00:00,30,7,12,178.18994140625,163.8877716064453,0,0,0,0,0,0,0,0,0,0,0,0,1,1,1,1,1,0,0,0,0,0,0,0,0
2008-07-28 12:45:00+00:00,30,7,12,318.95068359375,295.3443603515625,0,0,0,0,0,0,0,0,0,0,0,0,0,0,0,0,1,0,0,0,0,0,0,0,0
2008-07-28 12:45:00+00:00,30,7,12,,,0,0,0,0,0,0,0,0,0,0,0,0,0,0,0,0,0,0,0,0,0,0,0,0,0
2008-07-28 12:45:00+00:00,30,7,12,,543.574951171875,0,0,0,0,0,0,0,0,0,0,0,0,0,0,0,0,0,0,0,0,0,0,0,0,0
2008-07-28 12:45:00+00:00,30,7,12,120.31719970703125,183.7109832763672,0,0,0,0,0,0,0,0,0,0,0,1,1,1,1,1,1,0,0,0,0,0,0,0,0
2008-07-28 12:45:00+00:00,30,7,12,551.7927856445312,539.1973876953125,0,0,0,0,0,0,0,0,0,0,0,0,0,0,0,0,0,0,0,0,0,0,0,0,0
2008-07-28 12:45:00+00:00,30,7,12,155.4330596923828,220.07411193847656,0,0,0,0,0,0,0,0,0,0,0,0,1,1,1,1,1,0,0,0,0,0,0,0,0
2008-07-28 12:45:00+00:00,30,7,12,,,0,0,0,0,0,0,0,0,0,0,0,0,0,0,0,0,0,0,0,0,0,0,0,0,0
2008-07-28 12:45:00+00:00,30,7,12,254.15757751464844,247.83384704589844,0,0,0,0,0,0,0,0,0,0,0,0,0,0,0,1,1,0,0,0,0,0,0,0,0
2008-07-28 12:45:00+00:00,30,7,12,45.169307708740234,27.54215431213379,0,0,0,0,0,0,1,1,1,1,1,1,1,1,1,1,1,0,0,0,0,1,1,1,1
2008-07-28 13:00:00+00:00,30,7,13,176.42860412597656,163.19927978515625,0,0,0,0,0,0,0,0,0,0,0,0,1,1,1,1,1,0,0,0,0,0,0,0,0
2008-07-28 13:00:00+00:00,30,7,13,304.9681701660156,78.87156677246094,0,0,0,0,0,0,0,0,0,0,0,0,0,0,0,0,1,0,0,0,0,0,0,0,0
2008-07-28 13:00:00+00:00,30,7,13,273.32720947265625,133.31028747558594,0,0,0,0,0,0,0,0,0,0,0,0,0,0,0,1,1,0,0,0,0,0,0,0,0
2008-07-28 13:00:00+00:00,30,7,13,283.7554931640625,283.864501953125,0,0,0,0,0,0,0,0,0,0,0,0,0,0,0,1,1,0,0,0,0,0,0,0,0
2008-07-28 13:00:00+00:00,30,7,13,487.21856689453125,527.6630859375,0,0,0,0,0,0,0,0,0,0,0,0,0,0,0,0,0,0,0,0,0,0,0,0,0
2008-07-28 13:00:00+00:00,30,7,13,480.8330993652344,521.303466796875,0,0,0,0,0,0,0,0,0,0,0,0,0,0,0,0,0,0,0,0,0,0,0,0,0
2008-07-28 13:00:00+00:00,30,7,13,320.7846374511719,318.17388916015625,0,0,0,0,0,0,0,0,0,0,0,0,0,0,0,0,1,0,0,0,0,0,0,0,0
2008-07-28 13:00:00+00:00,30,7,13,,,0,0,0,0,0,0,0,0,0,0,0,0,0,0,0,0,0,0,0,0,0,0,0,0,0
2008-07-28 13:00:00+00:00,30,7,13,,,0,0,0,0,0,0,0,0,0,0,0,0,0,0,0,0,0,0,0,0,0,0,0,0,0
2008-07-28 13:00:00+00:00,30,7,13,300.9503479003906,297.7936096191406,0,0,0,0,0,0,0,0,0,0,0,0,0,0,0,0,1,0,0,0,0,0,0,0,0
2008-07-28 13:00:00+00:00,30,7,13,,,0,0,0,0,0,0,0,0,0,0,0,0,0,0,0,0,0,0,0,0,0,0,0,0,0
2008-07-28 13:00:00+00:00,30,7,13,274.2091979980469,270.5570068359375,0,0,0,0,0,0,0,0,0,0,0,0,0,0,0,1,1,0,0,0,0,0,0,0,0
2008-07-28 13:15:00+00:00,30,7,13,221.8545379638672,210.9158935546875,0,0,0,0,0,0,0,0,0,0,0,0,0,0,1,1,1,0,0,0,0,0,0,0,0
2008-07-28 13:15:00+00:00,30,7,13,124.10116577148438,122.03716278076172,0,0,0,0,0,0,0,0,0,0,0,1,1,1,1,1,1,0,0,0,0,0,0,0,0
2008-07-28 13:15:00+00:00,30,7,13,491.8280334472656,,0,0,0,0,0,0,0,0,0,0,0,0,0,0,0,0,0,0,0,0,0,0,0,0,0
2008-07-28 13:15:00+00:00,30,7,13,133.58697509765625,62.763423919677734,0,0,0,0,0,0,0,0,0,0,0,1,1,1,1,1,1,0,0,0,0,0,0,0,0
2008-07-28 13:15:00+00:00,30,7,13,58.14035415649414,51.712406158447266,0,0,0,0,0,0,0,1,1,1,1,1,1,1,1,1,1,0,0,0,0,0,0,0,1
2008-07-28 13:15:00+00:00,30,7,13,,,0,0,0,0,0,0,0,0,0,0,0,0,0,0,0,0,0,0,0,0,0,0,0,0,0
2008-07-28 13:15:00+00:00,30,7,13,,,0,0,0,0,0,0,0,0,0,0,0,0,0,0,0,0,0,0,0,0,0,0,0,0,0
2008-07-28 13:15:00+00:00,30,7,13,,,0,0,0,0,0,0,0,0,0,0,0,0,0,0,0,0,0,0,0,0,0,0,0,0,0
2008-07-28 13:15:00+00:00,30,7,13,68.8716049194336,58.11389923095703,0,0,0,0,0,0,0,0,1,1,1,1,1,1,1,1,1,0,0,0,0,0,0,0,1
2008-07-28 13:15:00+00:00,30,7,13,69.89185333251953,66.1501235961914,0,0,0,0,0,0,0,0,1,1,1,1,1,1,1,1,1,0,0,0,0,0,0,0,0
2008-07-28 13:15:00+00:00,30,7,13,,,0,0,0,0,0,0,0,0,0,0,0,0,0,0,0,0,0,0,0,0,0,0,0,0,0
2008-07-28 13:15:00+00:00,30,7,13,164.79978942871094,158.1674346923828,0,0,0,0,0,0,0,0,0,0,0,0,1,1,1,1,1,0,0,0,0,0,0,0,0
2008-07-28 13:15:00+00:00,30,7,13,,,0,0,0,0,0,0,0,0,0,0,0,0,0,0,0,0,0,0,0,0,0,0,0,0,0
2008-07-28 13:15:00+00:00,30,7,13,190.21299743652344,76.14408111572266,0,0,0,0,0,0,0,0,0,0,0,0,0,1,1,1,1,0,0,0,0,0,0,0,0
2008-07-28 13:15:00+00:00,30,7,13,,,0,0,0,0,0,0,0,0,0,0,0,0,0,0,0,0,0,0,0,0,0,0,0,0,0
2008-07-28 13:15:00+00:00,30,7,13,151.9863739013672,142.88528442382812,0,0,0,0,0,0,0,0,0,0,0,0,1,1,1,1,1,0,0,0,0,0,0,0,0
2008-07-28 13:15:00+00:00,30,7,13,69.27999114990234,58.52436447143555,0,0,0,0,0,0,0,0,1,1,1,1,1,1,1,1,1,0,0,0,0,0,0,0,1
2008-07-28 13:30:00+00:00,30,7,13,335.2449645996094,147.00706481933594,0,0,0,0,0,0,0,0,0,0,0,0,0,0,0,0,1,0,0,0,0,0,0,0,0
2008-07-28 13:30:00+00:00,30,7,13,301.4527282714844,205.91763305664062,0,0,0,0,0,0,0,0,0,0,0,0,0,0,0,0,1,0,0,0,0,0,0,0,0
2008-07-28 13:30:00+00:00,30,7,13,,,0,0,0,0,0,0,0,0,0,0,0,0,0,0,0,0,0,0,0,0,0,0,0,0,0
2008-07-28 13:30:00+00:00,30,7,13,,,0,0,0,0,0,0,0,0,0,0,0,0,0,0,0,0,0,0,0,0,0,0,0,0,0
2008-07-28 13:30:00+00:00,30,7,13,,425.4747619628906,0,0,0,0,0,0,0,0,0,0,0,0,0,0,0,0,0,0,0,0,0,0,0,0,0
2008-07-28 13:30:00+00:00,30,7,13,281.4343566894531,163.94186401367188,0,0,0,0,0,0,0,0,0,0,0,0,0,0,0,1,1,0,0,0,0,0,0,0,0
2008-07-28 13:30:00+00:00,30,7,13,,,0,0,0,0,0,0,0,0,0,0,0,0,0,0,0,0,0,0,0,0,0,0,0,0,0
2008-07-28 13:45:00+00:00,30,7,13,322.5264587402344,209.3571319580078,0,0,0,0,0,0,0,0,0,0,0,0,0,0,0,0,1,0,0,0,0,0,0,0,0
2008-07-28 13:45:00+00:00,30,7,13,342.79248046875,44.174190521240234,0,0,0,0,0,0,0,0,0,0,0,0,0,0,0,0,1,0,0,0,0,0,0,1,1
2008-07-28 13:45:00+00:00,30,7,13,,,0,0,0,0,0,0,0,0,0,0,0,0,0,0,0,0,0,0,0,0,0,0,0,0,0
2008-07-28 13:45:00+00:00,30,7,13,,,0,0,0,0,0,0,0,0,0,0,0,0,0,0,0,0,0,0,0,0,0,0,0,0,0
2008-07-28 13:45:00+00:00,30,7,13,,,0,0,0,0,0,0,0,0,0,0,0,0,0,0,0,0,0,0,0,0,0,0,0,0,0
2008-07-28 13:45:00+00:00,30,7,13,,,0,0,0,0,0,0,0,0,0,0,0,0,0,0,0,0,0,0,0,0,0,0,0,0,0
2008-07-28 13:45:00+00:00,30,7,13,75.66043090820312,73.26535034179688,0,0,0,0,0,0,0,0,1,1,1,1,1,1,1,1,1,0,0,0,0,0,0,0,0
2008-07-28 13:45:00+00:00,30,7,13,,,0,0,0,0,0,0,0,0,0,0,0,0,0,0,0,0,0,0,0,0,0,0,0,0,0
2008-07-28 13:45:00+00:00,30,7,13,210.7428741455078,212.818115234375,0,0,0,0,0,0,0,0,0,0,0,0,0,0,1,1,1,0,0,0,0,0,0,0,0
2008-07-28 13:45:00+00:00,30,7,13,339.732177734375,341.6017761230469,0,0,0,0,0,0,0,0,0,0,0,0,0,0,0,0,1,0,0,0,0,0,0,0,0
2008-07-28 13:45:00+00:00,30,7,13,136.2107696533203,124.54045867919922,0,0,0,0,0,0,0,0,0,0,0,1,1,1,1,1,1,0,0,0,0,0,0,0,0
2008-07-28 14:00:00+00:00,30,7,14,106.71479034423828,94.93952178955078,0,0,0,0,0,0,0,0,0,0,1,1,1,1,1,1,1,0,0,0,0,0,0,0,0
2008-07-28 14:00:00+00:00,30,7,14,126.53612518310547,140.1719970703125,0,0,0,0,0,0,0,0,0,0,0,1,1,1,1,1,1,0,0,0,0,0,0,0,0
2008-07-28 14:00:00+00:00,30,7,14,,,0,0,0,0,0,0,0,0,0,0,0,0,0,0,0,0,0,0,0,0,0,0,0,0,0
2008-07-28 14:00:00+00:00,30,7,14,,424.88348388671875,0,0,0,0,0,0,0,0,0,0,0,0,0,0,0,0,0,0,0,0,0,0,0,0,0
2008-07-28 14:00:00+00:00,30,7,14,412.80816650390625,,0,0,0,0,0,0,0,0,0,0,0,0,0,0,0,0,0,0,0,0,0,0,0,0,0
2008-07-28 14:00:00+00:00,30,7,14,337.35540771484375,342.44854736328125,0,0,0,0,0,0,0,0,0,0,0,0,0,0,0,0,1,0,0,0,0,0,0,0,0
2008-07-28 14:00:00+00:00,30,7,14,359.2260437011719,363.49725341796875,0,0,0,0,0,0,0,0,0,0,0,0,0,0,0,0,0,0,0,0,0,0,0,0,0
2008-07-28 14:00:00+00:00,30,7,14,,,0,0,0,0,0,0,0,0,0,0,0,0,0,0,0,0,0,0,0,0,0,0,0,0,0
2008-07-28 14:00:00+00:00,30,7,14,385.39324951171875,382.65972900390625,0,0,0,0,0,0,0,0,0,0,0,0,0,0,0,0,0,0,0,0,0,0,0,0,0
2008-07-28 14:00:00+00:00,30,7,14,145.85208129882812,125.04849243164062,0,0,0,0,0,0,0,0,0,0,0,1,1,1,1,1,1,0,0,0,0,0,0,0,0
2008-07-28 14:15:00+00:00,30,7,14,145.43296813964844,139.17636108398438,0,0,0,0,0,0,0,0,0,0,0,1,1,1,1,1,1,0,0,0,0,0,0,0,0
2008-07-28 14:15:00+00:00,30,7,14,121.82313537597656,111.74028015136719,0,0,0,0,0,0,0,0,0,0,0,1,1,1,1,1,1,0,0,0,0,0,0,0,0
2008-07-28 14:15:00+00:00,30,7,14,227.421142578125,265.57379150390625,0,0,0,0,0,0,0,0,0,0,0,0,0,0,1,1,1,0,0,0,0,0,0,0,0
2008-07-28 14:15:00+00:00,30,7,14,163.30386352539062,150.25515747070312,0,0,0,0,0,0,0,0,0,0,0,0,1,1,1,1,1,0,0,0,0,0,0,0,0
2008-07-28 14:15:00+00:00,30,7,14,83.03157043457031,89.68626403808594,0,0,0,0,0,0,0,0,0,1,1,1,1,1,1,1,1,0,0,0,0,0,0,0,0
2008-07-28 14:15:00+00:00,30,7,14,231.8578643798828,238.2625274658203,0,0,0,0,0,0,0,0,0,0,0,0,0,0,1,1,1,0,0,0,0,0,0,0,0
2008-07-28 14:15:00+00:00,30,7,14,236.91104125976562,299.5148010253906,0,0,0,0,0,0,0,0,0,0,0,0,0,0,1,1,1,0,0,0,0,0,0,0,0
2008-07-28 14:15:00+00:00,30,7,14,,,0,0,0,0,0,0,0,0,0,0,0,0,0,0,0,0,0,0,0,0,0,0,0,0,0
2008-07-28 14:15:00+00:00,30,7,14,,,0,0,0,0,0,0,0,0,0,0,0,0,0,0,0,0,0,0,0,0,0,0,0,0,0
2008-07-28 14:15:00+00:00,30,7,14,399.2996520996094,302.93096923828125,0,0,0,0,0,0,0,0,0,0,0,0,0,0,0,0,0,0,0,0,0,0,0,0,0
2008-07-28 14:15:00+00:00,30,7,14,,,0,0,0,0,0,0,0,0,0,0,0,0,0,0,0,0,0,0,0,0,0,0,0,0,0
2008-07-28 14:15:00+00:00,30,7,14,,,0,0,0,0,0,0,0,0,0,0,0,0,0,0,0,0,0,0,0,0,0,0,0,0,0
2008-07-28 14:15:00+00:00,30,7,14,,,0,0,0,0,0,0,0,0,0,0,0,0,0,0,0,0,0,0,0,0,0,0,0,0,0
2008-07-28 14:15:00+00:00,30,7,14,,,0,0,0,0,0,0,0,0,0,0,0,0,0,0,0,0,0,0,0,0,0,0,0,0,0
2008-07-28 14:15:00+00:00,30,7,14,,,0,0,0,0,0,0,0,0,0,0,0,0,0,0,0,0,0,0,0,0,0,0,0,0,0
2008-07-28 14:30:00+00:00,30,7,14,71.0042495727539,62.18368911743164,0,0,0,0,0,0,0,0,1,1,1,1,1,1,1,1,1,0,0,0,0,0,0,0,0
2008-07-28 14:30:00+00:00,30,7,14,150.54364013671875,212.83824157714844,0,0,0,0,0,0,0,0,0,0,0,0,1,1,1,1,1,0,0,0,0,0,0,0,0
2008-07-28 14:30:00+00:00,30,7,14,46.870792388916016,63.18693923950195,0,0,0,0,0,0,1,1,1,1,1,1,1,1,1,1,1,0,0,0,0,0,0,0,0
2008-07-28 14:30:00+00:00,30,7,14,,,0,0,0,0,0,0,0,0,0,0,0,0,0,0,0,0,0,0,0,0,0,0,0,0,0
2008-07-28 14:30:00+00:00,30,7,14,338.8779296875,324.68170166015625,0,0,0,0,0,0,0,0,0,0,0,0,0,0,0,0,1,0,0,0,0,0,0,0,0
2008-07-28 14:30:00+00:00,30,7,14,,348.9332275390625,0,0,0,0,0,0,0,0,0,0,0,0,0,0,0,0,0,0,0,0,0,0,0,0,0
2008-07-28 14:30:00+00:00,30,7,14,288.9020080566406,271.1130065917969,0,0,0,0,0,0,0,0,0,0,0,0,0,0,0,1,1,0,0,0,0,0,0,0,0
2008-07-28 14:30:00+00:00,30,7,14,,,0,0,0,0,0,0,0,0,0,0,0,0,0,0,0,0,0,0,0,0,0,0,0,0,0
2008-07-28 14:30:00+00:00,30,7,14,,,0,0,0,0,0,0,0,0,0,0,0,0,0,0,0,0,0,0,0,0,0,0,0,0,0
2008-07-28 14:30:00+00:00,30,7,14,,,0,0,0,0,0,0,0,0,0,0,0,0,0,0,0,0,0,0,0,0,0,0,0,0,0
2008-07-28 14:30:00+00:00,30,7,14,217.41171264648438,82.29761505126953,0,0,0,0,0,0,0,0,0,0,0,0,0,0,1,1,1,0,0,0,0,0,0,0,0
2008-07-28 14:30:00+00:00,30,7,14,,,0,0,0,0,0,0,0,0,0,0,0,0,0,0,0,0,0,0,0,0,0,0,0,0,0
2008-07-28 14:30:00+00:00,30,7,14,,,0,0,0,0,0,0,0,0,0,0,0,0,0,0,0,0,0,0,0,0,0,0,0,0,0
2008-07-28 14:30:00+00:00,30,7,14,,,0,0,0,0,0,0,0,0,0,0,0,0,0,0,0,0,0,0,0,0,0,0,0,0,0
2008-07-28 14:30:00+00:00,30,7,14,,,0,0,0,0,0,0,0,0,0,0,0,0,0,0,0,0,0,0,0,0,0,0,0,0,0
2008-07-28 14:45:00+00:00,30,7,14,261.35693359375,299.87066650390625,0,0,0,0,0,0,0,0,0,0,0,0,0,0,0,1,1,0,0,0,0,0,0,0,0
2008-07-28 14:45:00+00:00,30,7,14,262.9683837890625,320.1597595214844,0,0,0,0,0,0,0,0,0,0,0,0,0,0,0,1,1,0,0,0,0,0,0,0,0
2008-07-28 14:45:00+00:00,30,7,14,224.7528839111328,254.39077758789062,0,0,0,0,0,0,0,0,0,0,0,0,0,0,1,1,1,0,0,0,0,0,0,0,0
2008-07-28 14:45:00+00:00,30,7,14,90.91755676269531,128.1758270263672,0,0,0,0,0,0,0,0,0,1,1,1,1,1,1,1,1,0,0,0,0,0,0,0,0
2008-07-28 14:45:00+00:00,30,7,14,324.8111877441406,300.21954345703125,0,0,0,0,0,0,0,0,0,0,0,0,0,0,0,0,1,0,0,0,0,0,0,0,0
2008-07-28 14:45:00+00:00,30,7,14,251.2745361328125,279.9187316894531,0,0,0,0,0,0,0,0,0,0,0,0,0,0,0,1,1,0,0,0,0,0,0,0,0
2008-07-28 14:45:00+00:00,30,7,14,,128.73727416992188,0,0,0,0,0,0,0,0,0,0,0,0,0,0,0,0,0,0,0,0,0,0,0,0,0
2008-07-28 14:45:00+00:00,30,7,14,,18.175233840942383,0,0,0,0,0,0,0,0,0,0,0,0,0,0,0,0,0,0,0,1,1,1,1,1,1
2008-07-28 15:00:00+00:00,30,7,15,259.9620056152344,85.73953247070312,0,0,0,0,0,0,0,0,0,0,0,0,0,0,0,1,1,0,0,0,0,0,0,0,0
2008-07-28 15:00:00+00:00,30,7,15,121.12042236328125,70.4163589477539,0,0,0,0,0,0,0,0,0,0,0,1,1,1,1,1,1,0,0,0,0,0,0,0,0
2008-07-28 15:00:00+00:00,30,7,15,,,0,0,0,0,0,0,0,0,0,0,0,0,0,0,0,0,0,0,0,0,0,0,0,0,0
2008-07-28 15:00:00+00:00,30,7,15,219.31556701660156,,0,0,0,0,0,0,0,0,0,0,0,0,0,0,1,1,1,0,0,0,0,0,0,0,0
2008-07-28 15:00:00+00:00,30,7,15,282.49615478515625,370.60235595703125,0,0,0,0,0,0,0,0,0,0,0,0,0,0,0,1,1,0,0,0,0,0,0,0,0
2008-07-28 15:00:00+00:00,30,7,15,,,0,0,0,0,0,0,0,0,0,0,0,0,0,0,0,0,0,0,0,0,0,0,0,0,0
2008-07-28 15:00:00+00:00,30,7,15,208.87828063964844,,0,0,0,0,0,0,0,0,0,0,0,0,0,0,1,1,1,0,0,0,0,0,0,0,0
2008-07-28 15:00:00+00:00,30,7,15,253.96119689941406,246.252197265625,0,0,0,0,0,0,0,0,0,0,0,0,0,0,0,1,1,0,0,0,0,0,0,0,0
2008-07-28 15:00:00+00:00,30,7,15,208.6602783203125,218.48155212402344,0,0,0,0,0,0,0,0,0,0,0,0,0,0,1,1,1,0,0,0,0,0,0,0,0
2008-07-28 15:00:00+00:00,30,7,15,,,0,0,0,0,0,0,0,0,0,0,0,0,0,0,0,0,0,0,0,0,0,0,0,0,0
2008-07-28 15:00:00+00:00,30,7,15,,,0,0,0,0,0,0,0,0,0,0,0,0,0,0,0,0,0,0,0,0,0,0,0,0,0
2008-07-28 15:15:00+00:00,30,7,15,,,0,0,0,0,0,0,0,0,0,0,0,0,0,0,0,0,0,0,0,0,0,0,0,0,0
2008-07-28 15:15:00+00:00,30,7,15,,,0,0,0,0,0,0,0,0,0,0,0,0,0,0,0,0,0,0,0,0,0,0,0,0,0
2008-07-28 15:15:00+00:00,30,7,15,170.90960693359375,193.2380828857422,0,0,0,0,0,0,0,0,0,0,0,0,1,1,1,1,1,0,0,0,0,0,0,0,0
2008-07-28 15:15:00+00:00,30,7,15,,,0,0,0,0,0,0,0,0,0,0,0,0,0,0,0,0,0,0,0,0,0,0,0,0,0
2008-07-28 15:15:00+00:00,30,7,15,,,0,0,0,0,0,0,0,0,0,0,0,0,0,0,0,0,0,0,0,0,0,0,0,0,0
2008-07-28 15:15:00+00:00,30,7,15,246.16151428222656,185.1327667236328,0,0,0,0,0,0,0,0,0,0,0,0,0,0,1,1,1,0,0,0,0,0,0,0,0
2008-07-28 15:15:00+00:00,30,7,15,275.3232421875,291.2176208496094,0,0,0,0,0,0,0,0,0,0,0,0,0,0,0,1,1,0,0,0,0,0,0,0,0
2008-07-28 15:15:00+00:00,30,7,15,183.35125732421875,182.55313110351562,0,0,0,0,0,0,0,0,0,0,0,0,0,1,1,1,1,0,0,0,0,0,0,0,0
2008-07-28 15:15:00+00:00,30,7,15,238.8205108642578,356.57171630859375,0,0,0,0,0,0,0,0,0,0,0,0,0,0,1,1,1,0,0,0,0,0,0,0,0
2008-07-28 15:15:00+00:00,30,7,15,401.822998046875,387.3572082519531,0,0,0,0,0,0,0,0,0,0,0,0,0,0,0,0,0,0,0,0,0,0,0,0,0
2008-07-28 15:15:00+00:00,30,7,15,96.8432846069336,78.97689819335938,0,0,0,0,0,0,0,0,0,1,1,1,1,1,1,1,1,0,0,0,0,0,0,0,0
2008-07-28 15:15:00+00:00,30,7,15,103.1688461303711,77.12987518310547,0,0,0,0,0,0,0,0,0,0,1,1,1,1,1,1,1,0,0,0,0,0,0,0,0
2008-07-28 15:15:00+00:00,30,7,15,354.3313293457031,331.8312072753906,0,0,0,0,0,0,0,0,0,0,0,0,0,0,0,0,0,0,0,0,0,0,0,0,0
2008-07-28 15:15:00+00:00,30,7,15,,,0,0,0,0,0,0,0,0,0,0,0,0,0,0,0,0,0,0,0,0,0,0,0,0,0
2008-07-28 15:15:00+00:00,30,7,15,168.95912170410156,145.23582458496094,0,0,0,0,0,0,0,0,0,0,0,0,1,1,1,1,1,0,0,0,0,0,0,0,0
2008-07-28 15:15:00+00:00,30,7,15,193.36241149902344,172.81021118164062,0,0,0,0,0,0,0,0,0,0,0,0,0,1,1,1,1,0,0,0,0,0,0,0,0
2008-07-28 15:15:00+00:00,30,7,15,,,0,0,0,0,0,0,0,0,0,0,0,0,0,0,0,0,0,0,0,0,0,0,0,0,0
2008-07-28 15:30:00+00:00,30,7,15,,,0,0,0,0,0,0,0,0,0,0,0,0,0,0,0,0,0,0,0,0,0,0,0,0,0
2008-07-28 15:30:00+00:00,30,7,15,,,0,0,0,0,0,0,0,0,0,0,0,0,0,0,0,0,0,0,0,0,0,0,0,0,0
2008-07-28 15:30:00+00:00,30,7,15,,,0,0,0,0,0,0,0,0,0,0,0,0,0,0,0,0,0,0,0,0,0,0,0,0,0
2008-07-28 15:30:00+00:00,30,7,15,299.75640869140625,314.5083923339844,0,0,0,0,0,0,0,0,0,0,0,0,0,0,0,1,1,0,0,0,0,0,0,0,0
2008-07-28 15:30:00+00:00,30,7,15,365.3576965332031,381.33837890625,0,0,0,0,0,0,0,0,0,0,0,0,0,0,0,0,0,0,0,0,0,0,0,0,0
2008-07-28 15:30:00+00:00,30,7,15,46.807289123535156,320.2080993652344,0,0,0,0,0,0,1,1,1,1,1,1,1,1,1,1,1,0,0,0,0,0,0,0,0
2008-07-28 15:30:00+00:00,30,7,15,,,0,0,0,0,0,0,0,0,0,0,0,0,0,0,0,0,0,0,0,0,0,0,0,0,0
2008-07-28 15:30:00+00:00,30,7,15,116.11957550048828,126.60858154296875,0,0,0,0,0,0,0,0,0,0,1,1,1,1,1,1,1,0,0,0,0,0,0,0,0
2008-07-28 15:30:00+00:00,30,7,15,268.357421875,356.82666015625,0,0,0,0,0,0,0,0,0,0,0,0,0,0,0,1,1,0,0,0,0,0,0,0,0
2008-07-28 15:30:00+00:00,30,7,15,,,0,0,0,0,0,0,0,0,0,0,0,0,0,0,0,0,0,0,0,0,0,0,0,0,0
2008-07-28 15:30:00+00:00,30,7,15,,,0,0,0,0,0,0,0,0,0,0,0,0,0,0,0,0,0,0,0,0,0,0,0,0,0
2008-07-28 15:30:00+00:00,30,7,15,,,0,0,0,0,0,0,0,0,0,0,0,0,0,0,0,0,0,0,0,0,0,0,0,0,0
2008-07-28 15:45:00+00:00,30,7,15,126.34078216552734,97.79936981201172,0,0,0,0,0,0,0,0,0,0,0,1,1,1,1,1,1,0,0,0,0,0,0,0,0
2008-07-28 15:45:00+00:00,30,7,15,162.5640869140625,259.263671875,0,0,0,0,0,0,0,0,0,0,0,0,1,1,1,1,1,0,0,0,0,0,0,0,0
2008-07-28 15:45:00+00:00,30,7,15,,,0,0,0,0,0,0,0,0,0,0,0,0,0,0,0,0,0,0,0,0,0,0,0,0,0
2008-07-28 15:45:00+00:00,30,7,15,287.61468505859375,,0,0,0,0,0,0,0,0,0,0,0,0,0,0,0,1,1,0,0,0,0,0,0,0,0
2008-07-28 15:45:00+00:00,30,7,15,218.22439575195312,213.8190155029297,0,0,0,0,0,0,0,0,0,0,0,0,0,0,1,1,1,0,0,0,0,0,0,0,0
2008-07-28 15:45:00+00:00,30,7,15,186.9867706298828,181.98561096191406,0,0,0,0,0,0,0,0,0,0,0,0,0,1,1,1,1,0,0,0,0,0,0,0,0
2008-07-28 15:45:00+00:00,30,7,15,397.4909973144531,407.369873046875,0,0,0,0,0,0,0,0,0,0,0,0,0,0,0,0,0,0,0,0,0,0,0,0,0
2008-07-28 15:45:00+00:00,30,7,15,304.0878601074219,313.13177490234375,0,0,0,0,0,0,0,0,0,0,0,0,0,0,0,0,1,0,0,0,0,0,0,0,0
2008-07-28 15:45:00+00:00,30,7,15,76.56912994384766,66.32443237304688,0,0,0,0,0,0,0,0,1,1,1,1,1,1,1,1,1,0,0,0,0,0,0,0,0
2008-07-28 15:45:00+00:00,30,7,15,,9.749750137329102,0,0,0,0,0,0,0,0,0,0,0,0,0,0,0,0,0,1,1,1,1,1,1,1,1
2008-07-28 15:45:00+00:00,30,7,15,348.36639404296875,9.643230438232422,0,0,0,0,0,0,0,0,0,0,0,0,0,0,0,0,1,1,1,1,1,1,1,1,1
2008-07-28 15:45:00+00:00,30,7,15,317.5013732910156,6.513513088226318,0,0,0,0,0,0,0,0,0,0,0,0,0,0,0,0,1,1,1,1,1,1,1,1,1
2008-07-28 15:45:00+00:00,30,7,15,296.3323059082031,13.73618221282959,0,0,0,0,0,0,0,0,0,0,0,0,0,0,0,1,1,0,1,1,1,1,1,1,1
2008-07-28 16:00:00+00:00,30,7,16,39.21969223022461,25.429405212402344,0,0,0,0,0,1,1,1,1,1,1,1,1,1,1,1,1,0,0,0,0,1,1,1,1
2008-07-28 16:00:00+00:00,30,7,16,132.45655822753906,123.63140106201172,0,0,0,0,0,0,0,0,0,0,0,1,1,1,1,1,1,0,0,0,0,0,0,0,0
2008-07-28 16:00:00+00:00,30,7,16,184.98052978515625,287.35565185546875,0,0,0,0,0,0,0,0,0,0,0,0,0,1,1,1,1,0,0,0,0,0,0,0,0
2008-07-28 16:00:00+00:00,30,7,16,290.0057067871094,358.84326171875,0,0,0,0,0,0,0,0,0,0,0,0,0,0,0,1,1,0,0,0,0,0,0,0,0
2008-07-28 16:00:00+00:00,30,7,16,455.93646240234375,467.34600830078125,0,0,0,0,0,0,0,0,0,0,0,0,0,0,0,0,0,0,0,0,0,0,0,0,0
2008-07-28 16:00:00+00:00,30,7,16,381.9416198730469,0.0,0,0,0,0,0,0,0,0,0,0,0,0,0,0,0,0,0,1,1,1,1,1,1,1,1
2008-07-28 16:00:00+00:00,30,7,16,217.23153686523438,207.769775390625,0,0,0,0,0,0,0,0,0,0,0,0,0,0,1,1,1,0,0,0,0,0,0,0,0
2008-07-28 16:15:00+00:00,30,7,16,,223.0074005126953,0,0,0,0,0,0,0,0,0,0,0,0,0,0,0,0,0,0,0,0,0,0,0,0,0
2008-07-28 16:15:00+00:00,30,7,16,,190.57249450683594,0,0,0,0,0,0,0,0,0,0,0,0,0,0,0,0,0,0,0,0,0,0,0,0,0
2008-07-28 16:15:00+00:00,30,7,16,257.9561767578125,251.0443878173828,0,0,0,0,0,0,0,0,0,0,0,0,0,0,0,1,1,0,0,0,0,0,0,0,0
2008-07-28 16:15:00+00:00,30,7,16,,302.51397705078125,0,0,0,0,0,0,0,0,0,0,0,0,0,0,0,0,0,0,0,0,0,0,0,0,0
2008-07-28 16:15:00+00:00,30,7,16,104.42816162109375,84.32830810546875,0,0,0,0,0,0,0,0,0,0,1,1,1,1,1,1,1,0,0,0,0,0,0,0,0
2008-07-28 16:15:00+00:00,30,7,16,332.81378173828125,103.33686828613281,0,0,0,0,0,0,0,0,0,0,0,0,0,0,0,0,1,0,0,0,0,0,0,0,0
2008-07-28 16:15:00+00:00,30,7,16,305.8563537597656,79.24993133544922,0,0,0,0,0,0,0,0,0,0,0,0,0,0,0,0,1,0,0,0,0,0,0,0,0
2008-07-28 16:15:00+00:00,30,7,16,229.81341552734375,182.3101806640625,0,0,0,0,0,0,0,0,0,0,0,0,0,0,1,1,1,0,0,0,0,0,0,0,0
2008-07-28 16:15:00+00:00,30,7,16,45.688716888427734,44.69951629638672,0,0,0,0,0,0,1,1,1,1,1,1,1,1,1,1,1,0,0,0,0,0,0,1,1
2008-07-28 16:15:00+00:00,30,7,16,17.45124626159668,0.0,0,0,1,1,1,1,1,1,1,1,1,1,1,1,1,1,1,1,1,1,1,1,1,1,1
2008-07-28 16:15:00+00:00,30,7,16,189.67153930664062,16.302658081054688,0,0,0,0,0,0,0,0,0,0,0,0,0,1,1,1,1,0,0,1,1,1,1,1,1
2008-07-28 16:15:00+00:00,30,7,16,270.1897277832031,162.71554565429688,0,0,0,0,0,0,0,0,0,0,0,0,0,0,0,1,1,0,0,0,0,0,0,0,0
2008-07-28 16:15:00+00:00,30,7,16,395.5281066894531,283.77001953125,0,0,0,0,0,0,0,0,0,0,0,0,0,0,0,0,0,0,0,0,0,0,0,0,0
2008-07-28 16:30:00+00:00,30,7,16,329.52178955078125,186.7738037109375,0,0,0,0,0,0,0,0,0,0,0,0,0,0,0,0,1,0,0,0,0,0,0,0,0
2008-07-28 16:30:00+00:00,30,7,16,245.11370849609375,,0,0,0,0,0,0,0,0,0,0,0,0,0,0,1,1,1,0,0,0,0,0,0,0,0
2008-07-28 16:30:00+00:00,30,7,16,117.14888763427734,99.21014404296875,0,0,0,0,0,0,0,0,0,0,1,1,1,1,1,1,1,0,0,0,0,0,0,0,0
2008-07-28 16:30:00+00:00,30,7,16,146.86399841308594,142.54331970214844,0,0,0,0,0,0,0,0,0,0,0,1,1,1,1,1,1,0,0,0,0,0,0,0,0
2008-07-28 16:30:00+00:00,30,7,16,131.08387756347656,30.759166717529297,0,0,0,0,0,0,0,0,0,0,0,1,1,1,1,1,1,0,0,0,0,0,1,1,1
2008-07-28 16:30:00+00:00,30,7,16,285.4762268066406,274.61077880859375,0,0,0,0,0,0,0,0,0,0,0,0,0,0,0,1,1,0,0,0,0,0,0,0,0
2008-07-28 16:30:00+00:00,30,7,16,313.27294921875,300.0789794921875,0,0,0,0,0,0,0,0,0,0,0,0,0,0,0,0,1,0,0,0,0,0,0,0,0
2008-07-28 16:45:00+00:00,30,7,16,146.37501525878906,142.60313415527344,0,0,0,0,0,0,0,0,0,0,0,1,1,1,1,1,1,0,0,0,0,0,0,0,0
2008-07-28 16:45:00+00:00,30,7,16,,,0,0,0,0,0,0,0,0,0,0,0,0,0,0,0,0,0,0,0,0,0,0,0,0,0
2008-07-28 16:45:00+00:00,30,7,16,261.3398742675781,250.5126495361328,0,0,0,0,0,0,0,0,0,0,0,0,0,0,0,1,1,0,0,0,0,0,0,0,0
2008-07-28 16:45:00+00:00,30,7,16,,,0,0,0,0,0,0,0,0,0,0,0,0,0,0,0,0,0,0,0,0,0,0,0,0,0
2008-07-28 16:45:00+00:00,30,7,16,243.8839874267578,232.8507080078125,0,0,0,0,0,0,0,0,0,0,0,0,0,0,1,1,1,0,0,0,0,0,0,0,0
2008-07-28 16:45:00+00:00,30,7,16,384.4073486328125,300.02740478515625,0,0,0,0,0,0,0,0,0,0,0,0,0,0,0,0,0,0,0,0,0,0,0,0,0
2008-07-28 16:45:00+00:00,30,7,16,80.75316619873047,73.38780975341797,0,0,0,0,0,0,0,0,0,1,1,1,1,1,1,1,1,0,0,0,0,0,0,0,0
2008-07-28 16:45:00+00:00,30,7,16,151.05401611328125,132.09022521972656,0,0,0,0,0,0,0,0,0,0,0,0,1,1,1,1,1,0,0,0,0,0,0,0,0
2008-07-28 16:45:00+00:00,30,7,16,443.2476806640625,430.3731384277344,0,0,0,0,0,0,0,0,0,0,0,0,0,0,0,0,0,0,0,0,0,0,0,0,0
2008-07-28 17:00:00+00:00,30,7,17,123.04147338867188,,0,0,0,0,0,0,0,0,0,0,0,1,1,1,1,1,1,0,0,0,0,0,0,0,0
2008-07-28 17:00:00+00:00,30,7,17,129.38424682617188,,0,0,0,0,0,0,0,0,0,0,0,1,1,1,1,1,1,0,0,0,0,0,0,0,0
2008-07-28 17:00:00+00:00,30,7,17,160.50563049316406,190.44955444335938,0,0,0,0,0,0,0,0,0,0,0,0,1,1,1,1,1,0,0,0,0,0,0,0,0
2008-07-28 17:00:00+00:00,30,7,17,307.4546813964844,287.77978515625,0,0,0,0,0,0,0,0,0,0,0,0,0,0,0,0,1,0,0,0,0,0,0,0,0
2008-07-28 17:00:00+00:00,30,7,17,347.49420166015625,334.9956970214844,0,0,0,0,0,0,0,0,0,0,0,0,0,0,0,0,1,0,0,0,0,0,0,0,0
2008-07-28 17:00:00+00:00,30,7,17,445.44482421875,389.6773376464844,0,0,0,0,0,0,0,0,0,0,0,0,0,0,0,0,0,0,0,0,0,0,0,0,0
2008-07-28 17:00:00+00:00,30,7,17,246.82049560546875,193.7753143310547,0,0,0,0,0,0,0,0,0,0,0,0,0,0,1,1,1,0,0,0,0,0,0,0,0
2008-07-28 17:00:00+00:00,30,7,17,365.7940979003906,354.2345886230469,0,0,0,0,0,0,0,0,0,0,0,0,0,0,0,0,0,0,0,0,0,0,0,0,0
2008-07-28 17:00:00+00:00,30,7,17,101.81073760986328,78.81105041503906,0,0,0,0,0,0,0,0,0,0,1,1,1,1,1,1,1,0,0,0,0,0,0,0,0
2008-07-28 17:00:00+00:00,30,7,17,228.72308349609375,212.34832763671875,0,0,0,0,0,0,0,0,0,0,0,0,0,0,1,1,1,0,0,0,0,0,0,0,0
2008-07-28 17:15:00+00:00,30,7,17,320.6445007324219,485.8686828613281,0,0,0,0,0,0,0,0,0,0,0,0,0,0,0,0,1,0,0,0,0,0,0,0,0
2008-07-28 17:15:00+00:00,30,7,17,428.4368896484375,333.8617248535156,0,0,0,0,0,0,0,0,0,0,0,0,0,0,0,0,0,0,0,0,0,0,0,0,0
2008-07-28 17:15:00+00:00,30,7,17,190.6258087158203,177.33392333984375,0,0,0,0,0,0,0,0,0,0,0,0,0,1,1,1,1,0,0,0,0,0,0,0,0
2008-07-28 17:15:00+00:00,30,7,17,115.98458099365234,145.75015258789062,0,0,0,0,0,0,0,0,0,0,1,1,1,1,1,1,1,0,0,0,0,0,0,0,0
2008-07-28 17:15:00+00:00,30,7,17,,,0,0,0,0,0,0,0,0,0,0,0,0,0,0,0,0,0,0,0,0,0,0,0,0,0
2008-07-28 17:15:00+00:00,30,7,17,171.46495056152344,179.8864288330078,0,0,0,0,0,0,0,0,0,0,0,0,1,1,1,1,1,0,0,0,0,0,0,0,0
2008-07-28 17:15:00+00:00,30,7,17,146.84304809570312,143.15892028808594,0,0,0,0,0,0,0,0,0,0,0,1,1,1,1,1,1,0,0,0,0,0,0,0,0
2008-07-28 17:15:00+00:00,30,7,17,267.995361328125,255.9636688232422,0,0,0,0,0,0,0,0,0,0,0,0,0,0,0,1,1,0,0,0,0,0,0,0,0
2008-07-28 17:30:00+00:00,30,7,17,,,0,0,0,0,0,0,0,0,0,0,0,0,0,0,0,0,0,0,0,0,0,0,0,0,0
2008-07-28 17:30:00+00:00,30,7,17,228.76625061035156,163.36683654785156,0,0,0,0,0,0,0,0,0,0,0,0,0,0,1,1,1,0,0,0,0,0,0,0,0
2008-07-28 17:30:00+00:00,30,7,17,221.34295654296875,236.8250732421875,0,0,0,0,0,0,0,0,0,0,0,0,0,0,1,1,1,0,0,0,0,0,0,0,0
2008-07-28 17:30:00+00:00,30,7,17,296.1802062988281,288.331787109375,0,0,0,0,0,0,0,0,0,0,0,0,0,0,0,1,1,0,0,0,0,0,0,0,0
2008-07-28 17:45:00+00:00,30,7,17,,,0,0,0,0,0,0,0,0,0,0,0,0,0,0,0,0,0,0,0,0,0,0,0,0,0
2008-07-28 17:45:00+00:00,30,7,17,37.860870361328125,10.233917236328125,0,0,0,0,0,1,1,1,1,1,1,1,1,1,1,1,1,0,1,1,1,1,1,1,1
2008-07-28 17:45:00+00:00,30,7,17,85.24078369140625,72.11843872070312,0,0,0,0,0,0,0,0,0,1,1,1,1,1,1,1,1,0,0,0,0,0,0,0,0
2008-07-28 17:45:00+00:00,30,7,17,97.8591537475586,83.49893188476562,0,0,0,0,0,0,0,0,0,1,1,1,1,1,1,1,1,0,0,0,0,0,0,0,0
2008-07-29 10:00:00+00:00,30,7,10,253.82952880859375,244.84466552734375,0,0,0,0,0,0,0,0,0,0,0,0,0,0,0,1,1,0,0,0,0,0,0,0,0
2008-07-29 10:00:00+00:00,30,7,10,375.84234619140625,357.9483337402344,0,0,0,0,0,0,0,0,0,0,0,0,0,0,0,0,0,0,0,0,0,0,0,0,0
2008-07-29 10:00:00+00:00,30,7,10,209.47108459472656,209.25125122070312,0,0,0,0,0,0,0,0,0,0,0,0,0,0,1,1,1,0,0,0,0,0,0,0,0
2008-07-29 10:00:00+00:00,30,7,10,183.77227783203125,187.11459350585938,0,0,0,0,0,0,0,0,0,0,0,0,0,1,1,1,1,0,0,0,0,0,0,0,0
2008-07-29 10:00:00+00:00,30,7,10,266.04541015625,257.08123779296875,0,0,0,0,0,0,0,0,0,0,0,0,0,0,0,1,1,0,0,0,0,0,0,0,0
2008-07-29 10:00:00+00:00,30,7,10,143.1916961669922,143.78445434570312,0,0,0,0,0,0,0,0,0,0,0,1,1,1,1,1,1,0,0,0,0,0,0,0,0
2008-07-29 10:00:00+00:00,30,7,10,362.25238037109375,,0,0,0,0,0,0,0,0,0,0,0,0,0,0,0,0,0,0,0,0,0,0,0,0,0
2008-07-29 10:00:00+00:00,30,7,10,311.7004699707031,,0,0,0,0,0,0,0,0,0,0,0,0,0,0,0,0,1,0,0,0,0,0,0,0,0
2008-07-29 10:00:00+00:00,30,7,10,,,0,0,0,0,0,0,0,0,0,0,0,0,0,0,0,0,0,0,0,0,0,0,0,0,0
2008-07-29 10:00:00+00:00,30,7,10,125.03242492675781,93.53787994384766,0,0,0,0,0,0,0,0,0,0,0,1,1,1,1,1,1,0,0,0,0,0,0,0,0
2008-07-29 10:15:00+00:00,30,7,10,500.417724609375,479.5128173828125,0,0,0,0,0,0,0,0,0,0,0,0,0,0,0,0,0,0,0,0,0,0,0,0,0
2008-07-29 10:15:00+00:00,30,7,10,264.04443359375,265.72576904296875,0,0,0,0,0,0,0,0,0,0,0,0,0,0,0,1,1,0,0,0,0,0,0,0,0
2008-07-29 10:15:00+00:00,30,7,10,148.85679626464844,166.51649475097656,0,0,0,0,0,0,0,0,0,0,0,1,1,1,1,1,1,0,0,0,0,0,0,0,0
2008-07-29 10:15:00+00:00,30,7,10,232.7670135498047,221.9711151123047,0,0,0,0,0,0,0,0,0,0,0,0,0,0,1,1,1,0,0,0,0,0,0,0,0
2008-07-29 10:15:00+00:00,30,7,10,301.0506591796875,286.8074645996094,0,0,0,0,0,0,0,0,0,0,0,0,0,0,0,0,1,0,0,0,0,0,0,0,0
2008-07-29 10:15:00+00:00,30,7,10,,,0,0,0,0,0,0,0,0,0,0,0,0,0,0,0,0,0,0,0,0,0,0,0,0,0
2008-07-29 10:15:00+00:00,30,7,10,235.50082397460938,,0,0,0,0,0,0,0,0,0,0,0,0,0,0,1,1,1,0,0,0,0,0,0,0,0
2008-07-29 10:30:00+00:00,30,7,10,,507.54656982421875,0,0,0,0,0,0,0,0,0,0,0,0,0,0,0,0,0,0,0,0,0,0,0,0,0
2008-07-29 10:30:00+00:00,30,7,10,350.54534912109375,334.6796569824219,0,0,0,0,0,0,0,0,0,0,0,0,0,0,0,0,0,0,0,0,0,0,0,0,0
2008-07-29 10:30:00+00:00,30,7,10,,,0,0,0,0,0,0,0,0,0,0,0,0,0,0,0,0,0,0,0,0,0,0,0,0,0
2008-07-29 10:30:00+00:00,30,7,10,242.18524169921875,,0,0,0,0,0,0,0,0,0,0,0,0,0,0,1,1,1,0,0,0,0,0,0,0,0
2008-07-29 10:30:00+00:00,30,7,10,,,0,0,0,0,0,0,0,0,0,0,0,0,0,0,0,0,0,0,0,0,0,0,0,0,0
2008-07-29 10:30:00+00:00,30,7,10,,,0,0,0,0,0,0,0,0,0,0,0,0,0,0,0,0,0,0,0,0,0,0,0,0,0
2008-07-29 10:30:00+00:00,30,7,10,,,0,0,0,0,0,0,0,0,0,0,0,0,0,0,0,0,0,0,0,0,0,0,0,0,0
2008-07-29 10:45:00+00:00,30,7,10,59.64455032348633,45.657352447509766,0,0,0,0,0,0,0,1,1,1,1,1,1,1,1,1,1,0,0,0,0,0,0,1,1
2008-07-29 10:45:00+00:00,30,7,10,253.2261199951172,261.9422607421875,0,0,0,0,0,0,0,0,0,0,0,0,0,0,0,1,1,0,0,0,0,0,0,0,0
2008-07-29 10:45:00+00:00,30,7,10,361.461669921875,355.0162048339844,0,0,0,0,0,0,0,0,0,0,0,0,0,0,0,0,0,0,0,0,0,0,0,0,0
2008-07-29 10:45:00+00:00,30,7,10,,,0,0,0,0,0,0,0,0,0,0,0,0,0,0,0,0,0,0,0,0,0,0,0,0,0
2008-07-29 10:45:00+00:00,30,7,10,617.869384765625,193.73629760742188,0,0,0,0,0,0,0,0,0,0,0,0,0,0,0,0,0,0,0,0,0,0,0,0,0
2008-07-29 10:45:00+00:00,30,7,10,,,0,0,0,0,0,0,0,0,0,0,0,0,0,0,0,0,0,0,0,0,0,0,0,0,0
2008-07-29 11:00:00+00:00,30,7,11,,,0,0,0,0,0,0,0,0,0,0,0,0,0,0,0,0,0,0,0,0,0,0,0,0,0
2008-07-29 11:00:00+00:00,30,7,11,462.4779357910156,403.4175720214844,0,0,0,0,0,0,0,0,0,0,0,0,0,0,0,0,0,0,0,0,0,0,0,0,0
2008-07-29 11:00:00+00:00,30,7,11,327.20867919921875,257.7628479003906,0,0,0,0,0,0,0,0,0,0,0,0,0,0,0,0,1,0,0,0,0,0,0,0,0
2008-07-29 11:00:00+00:00,30,7,11,56.16950607299805,150.76429748535156,0,0,0,0,0,0,0,1,1,1,1,1,1,1,1,1,1,0,0,0,0,0,0,0,0
2008-07-29 11:00:00+00:00,30,7,11,118.28073120117188,291.7149658203125,0,0,0,0,0,0,0,0,0,0,1,1,1,1,1,1,1,0,0,0,0,0,0,0,0
2008-07-29 11:00:00+00:00,30,7,11,231.1776123046875,193.395751953125,0,0,0,0,0,0,0,0,0,0,0,0,0,0,1,1,1,0,0,0,0,0,0,0,0
2008-07-29 11:00:00+00:00,30,7,11,349.27587890625,221.3587646484375,0,0,0,0,0,0,0,0,0,0,0,0,0,0,0,0,1,0,0,0,0,0,0,0,0
2008-07-29 11:00:00+00:00,30,7,11,324.0815124511719,339.05108642578125,0,0,0,0,0,0,0,0,0,0,0,0,0,0,0,0,1,0,0,0,0,0,0,0,0
2008-07-29 11:00:00+00:00,30,7,11,,,0,0,0,0,0,0,0,0,0,0,0,0,0,0,0,0,0,0,0,0,0,0,0,0,0
2008-07-29 11:00:00+00:00,30,7,11,,264.4925842285156,0,0,0,0,0,0,0,0,0,0,0,0,0,0,0,0,0,0,0,0,0,0,0,0,0
2008-07-29 11:00:00+00:00,30,7,11,,210.77383422851562,0,0,0,0,0,0,0,0,0,0,0,0,0,0,0,0,0,0,0,0,0,0,0,0,0
2008-07-29 11:00:00+00:00,30,7,11,,,0,0,0,0,0,0,0,0,0,0,0,0,0,0,0,0,0,0,0,0,0,0,0,0,0
2008-07-29 11:15:00+00:00,30,7,11,,,0,0,0,0,0,0,0,0,0,0,0,0,0,0,0,0,0,0,0,0,0,0,0,0,0
2008-07-29 11:15:00+00:00,30,7,11,97.01564025878906,198.21678161621094,0,0,0,0,0,0,0,0,0,1,1,1,1,1,1,1,1,0,0,0,0,0,0,0,0
2008-07-29 11:15:00+00:00,30,7,11,243.27182006835938,215.9394989013672,0,0,0,0,0,0,0,0,0,0,0,0,0,0,1,1,1,0,0,0,0,0,0,0,0
2008-07-29 11:15:00+00:00,30,7,11,,,0,0,0,0,0,0,0,0,0,0,0,0,0,0,0,0,0,0,0,0,0,0,0,0,0
2008-07-29 11:15:00+00:00,30,7,11,,,0,0,0,0,0,0,0,0,0,0,0,0,0,0,0,0,0,0,0,0,0,0,0,0,0
2008-07-29 11:15:00+00:00,30,7,11,268.93829345703125,270.4305419921875,0,0,0,0,0,0,0,0,0,0,0,0,0,0,0,1,1,0,0,0,0,0,0,0,0
2008-07-29 11:15:00+00:00,30,7,11,,128.0321807861328,0,0,0,0,0,0,0,0,0,0,0,0,0,0,0,0,0,0,0,0,0,0,0,0,0
2008-07-29 11:15:00+00:00,30,7,11,124.42611694335938,89.24056243896484,0,0,0,0,0,0,0,0,0,0,0,1,1,1,1,1,1,0,0,0,0,0,0,0,0
2008-07-29 11:15:00+00:00,30,7,11,,303.8946228027344,0,0,0,0,0,0,0,0,0,0,0,0,0,0,0,0,0,0,0,0,0,0,0,0,0
2008-07-29 11:15:00+00:00,30,7,11,247.50265502929688,102.44589233398438,0,0,0,0,0,0,0,0,0,0,0,0,0,0,1,1,1,0,0,0,0,0,0,0,0
2008-07-29 11:30:00+00:00,30,7,11,,278.632080078125,0,0,0,0,0,0,0,0,0,0,0,0,0,0,0,0,0,0,0,0,0,0,0,0,0
2008-07-29 11:30:00+00:00,30,7,11,236.8415985107422,215.0585174560547,0,0,0,0,0,0,0,0,0,0,0,0,0,0,1,1,1,0,0,0,0,0,0,0,0
2008-07-29 11:30:00+00:00,30,7,11,422.8121032714844,479.2539367675781,0,0,0,0,0,0,0,0,0,0,0,0,0,0,0,0,0,0,0,0,0,0,0,0,0
2008-07-29 11:30:00+00:00,30,7,11,,,0,0,0,0,0,0,0,0,0,0,0,0,0,0,0,0,0,0,0,0,0,0,0,0,0
2008-07-29 11:30:00+00:00,30,7,11,274.68438720703125,295.2732849121094,0,0,0,0,0,0,0,0,0,0,0,0,0,0,0,1,1,0,0,0,0,0,0,0,0
2008-07-29 11:30:00+00:00,30,7,11,,,0,0,0,0,0,0,0,0,0,0,0,0,0,0,0,0,0,0,0,0,0,0,0,0,0
2008-07-29 11:30:00+00:00,30,7,11,428.0735168457031,,0,0,0,0,0,0,0,0,0,0,0,0,0,0,0,0,0,0,0,0,0,0,0,0,0
2008-07-29 11:30:00+00:00,30,7,11,,413.3780822753906,0,0,0,0,0,0,0,0,0,0,0,0,0,0,0,0,0,0,0,0,0,0,0,0,0
2008-07-29 11:30:00+00:00,30,7,11,271.3643493652344,423.1970520019531,0,0,0,0,0,0,0,0,0,0,0,0,0,0,0,1,1,0,0,0,0,0,0,0,0
2008-07-29 11:30:00+00:00,30,7,11,,461.5175476074219,0,0,0,0,0,0,0,0,0,0,0,0,0,0,0,0,0,0,0,0,0,0,0,0,0
2008-07-29 11:45:00+00:00,30,7,11,,,0,0,0,0,0,0,0,0,0,0,0,0,0,0,0,0,0,0,0,0,0,0,0,0,0
2008-07-29 11:45:00+00:00,30,7,11,,,0,0,0,0,0,0,0,0,0,0,0,0,0,0,0,0,0,0,0,0,0,0,0,0,0
2008-07-29 11:45:00+00:00,30,7,11,277.4884948730469,265.254150390625,0,0,0,0,0,0,0,0,0,0,0,0,0,0,0,1,1,0,0,0,0,0,0,0,0
2008-07-29 11:45:00+00:00,30,7,11,104.54539489746094,131.24574279785156,0,0,0,0,0,0,0,0,0,0,1,1,1,1,1,1,1,0,0,0,0,0,0,0,0
2008-07-29 11:45:00+00:00,30,7,11,,,0,0,0,0,0,0,0,0,0,0,0,0,0,0,0,0,0,0,0,0,0,0,0,0,0
2008-07-29 11:45:00+00:00,30,7,11,,,0,0,0,0,0,0,0,0,0,0,0,0,0,0,0,0,0,0,0,0,0,0,0,0,0
2008-07-29 11:45:00+00:00,30,7,11,,,0,0,0,0,0,0,0,0,0,0,0,0,0,0,0,0,0,0,0,0,0,0,0,0,0
2008-07-29 11:45:00+00:00,30,7,11,,,0,0,0,0,0,0,0,0,0,0,0,0,0,0,0,0,0,0,0,0,0,0,0,0,0
2008-07-29 12:00:00+00:00,30,7,12,,,0,0,0,0,0,0,0,0,0,0,0,0,0,0,0,0,0,0,0,0,0,0,0,0,0
2008-07-29 12:00:00+00:00,30,7,12,,,0,0,0,0,0,0,0,0,0,0,0,0,0,0,0,0,0,0,0,0,0,0,0,0,0
2008-07-29 12:00:00+00:00,30,7,12,151.7486572265625,187.4718475341797,0,0,0,0,0,0,0,0,0,0,0,0,1,1,1,1,1,0,0,0,0,0,0,0,0
2008-07-29 12:00:00+00:00,30,7,12,260.9142761230469,220.50009155273438,0,0,0,0,0,0,0,0,0,0,0,0,0,0,0,1,1,0,0,0,0,0,0,0,0
2008-07-29 12:00:00+00:00,30,7,12,,,0,0,0,0,0,0,0,0,0,0,0,0,0,0,0,0,0,0,0,0,0,0,0,0,0
2008-07-29 12:00:00+00:00,30,7,12,,,0,0,0,0,0,0,0,0,0,0,0,0,0,0,0,0,0,0,0,0,0,0,0,0,0
2008-07-29 12:00:00+00:00,30,7,12,,282.8319396972656,0,0,0,0,0,0,0,0,0,0,0,0,0,0,0,0,0,0,0,0,0,0,0,0,0
2008-07-29 12:00:00+00:00,30,7,12,,,0,0,0,0,0,0,0,0,0,0,0,0,0,0,0,0,0,0,0,0,0,0,0,0,0
2008-07-29 12:00:00+00:00,30,7,12,,463.8363037109375,0,0,0,0,0,0,0,0,0,0,0,0,0,0,0,0,0,0,0,0,0,0,0,0,0
2008-07-29 12:00:00+00:00,30,7,12,,,0,0,0,0,0,0,0,0,0,0,0,0,0,0,0,0,0,0,0,0,0,0,0,0,0
2008-07-29 12:00:00+00:00,30,7,12,,,0,0,0,0,0,0,0,0,0,0,0,0,0,0,0,0,0,0,0,0,0,0,0,0,0
2008-07-29 12:00:00+00:00,30,7,12,446.8668518066406,453.0290222167969,0,0,0,0,0,0,0,0,0,0,0,0,0,0,0,0,0,0,0,0,0,0,0,0,0
2008-07-29 12:00:00+00:00,30,7,12,243.34552001953125,234.78274536132812,0,0,0,0,0,0,0,0,0,0,0,0,0,0,1,1,1,0,0,0,0,0,0,0,0
2008-07-29 12:00:00+00:00,30,7,12,98.47930908203125,107.82801818847656,0,0,0,0,0,0,0,0,0,1,1,1,1,1,1,1,1,0,0,0,0,0,0,0,0
2008-07-29 12:00:00+00:00,30,7,12,405.2350769042969,361.68048095703125,0,0,0,0,0,0,0,0,0,0,0,0,0,0,0,0,0,0,0,0,0,0,0,0,0
2008-07-29 12:15:00+00:00,30,7,12,,,0,0,0,0,0,0,0,0,0,0,0,0,0,0,0,0,0,0,0,0,0,0,0,0,0
2008-07-29 12:15:00+00:00,30,7,12,,329.9620361328125,0,0,0,0,0,0,0,0,0,0,0,0,0,0,0,0,0,0,0,0,0,0,0,0,0
2008-07-29 12:15:00+00:00,30,7,12,,288.0826110839844,0,0,0,0,0,0,0,0,0,0,0,0,0,0,0,0,0,0,0,0,0,0,0,0,0
2008-07-29 12:15:00+00:00,30,7,12,,25.912233352661133,0,0,0,0,0,0,0,0,0,0,0,0,0,0,0,0,0,0,0,0,0,1,1,1,1
2008-07-29 12:15:00+00:00,30,7,12,,220.62393188476562,0,0,0,0,0,0,0,0,0,0,0,0,0,0,0,0,0,0,0,0,0,0,0,0,0
2008-07-29 12:15:00+00:00,30,7,12,369.24957275390625,241.67550659179688,0,0,0,0,0,0,0,0,0,0,0,0,0,0,0,0,0,0,0,0,0,0,0,0,0
2008-07-29 12:15:00+00:00,30,7,12,,532.2310791015625,0,0,0,0,0,0,0,0,0,0,0,0,0,0,0,0,0,0,0,0,0,0,0,0,0
2008-07-29 12:15:00+00:00,30,7,12,,,0,0,0,0,0,0,0,0,0,0,0,0,0,0,0,0,0,0,0,0,0,0,0,0,0
2008-07-29 12:15:00+00:00,30,7,12,,,0,0,0,0,0,0,0,0,0,0,0,0,0,0,0,0,0,0,0,0,0,0,0,0,0
2008-07-29 12:15:00+00:00,30,7,12,,,0,0,0,0,0,0,0,0,0,0,0,0,0,0,0,0,0,0,0,0,0,0,0,0,0
2008-07-29 12:15:00+00:00,30,7,12,,281.867919921875,0,0,0,0,0,0,0,0,0,0,0,0,0,0,0,0,0,0,0,0,0,0,0,0,0
2008-07-29 12:15:00+00:00,30,7,12,,,0,0,0,0,0,0,0,0,0,0,0,0,0,0,0,0,0,0,0,0,0,0,0,0,0
2008-07-29 12:15:00+00:00,30,7,12,,,0,0,0,0,0,0,0,0,0,0,0,0,0,0,0,0,0,0,0,0,0,0,0,0,0
2008-07-29 12:15:00+00:00,30,7,12,,117.60205841064453,0,0,0,0,0,0,0,0,0,0,0,0,0,0,0,0,0,0,0,0,0,0,0,0,0
2008-07-29 12:15:00+00:00,30,7,12,,169.82891845703125,0,0,0,0,0,0,0,0,0,0,0,0,0,0,0,0,0,0,0,0,0,0,0,0,0
2008-07-29 12:15:00+00:00,30,7,12,335.53656005859375,291.4740295410156,0,0,0,0,0,0,0,0,0,0,0,0,0,0,0,0,1,0,0,0,0,0,0,0,0
2008-07-29 12:15:00+00:00,30,7,12,85.68677520751953,72.00367736816406,0,0,0,0,0,0,0,0,0,1,1,1,1,1,1,1,1,0,0,0,0,0,0,0,0
2008-07-29 12:15:00+00:00,30,7,12,,,0,0,0,0,0,0,0,0,0,0,0,0,0,0,0,0,0,0,0,0,0,0,0,0,0
2008-07-29 12:30:00+00:00,30,7,12,,512.3887329101562,0,0,0,0,0,0,0,0,0,0,0,0,0,0,0,0,0,0,0,0,0,0,0,0,0
2008-07-29 12:30:00+00:00,30,7,12,364.9718933105469,219.40206909179688,0,0,0,0,0,0,0,0,0,0,0,0,0,0,0,0,0,0,0,0,0,0,0,0,0
2008-07-29 12:30:00+00:00,30,7,12,,267.1860656738281,0,0,0,0,0,0,0,0,0,0,0,0,0,0,0,0,0,0,0,0,0,0,0,0,0
2008-07-29 12:30:00+00:00,30,7,12,233.37521362304688,25.081310272216797,0,0,0,0,0,0,0,0,0,0,0,0,0,0,1,1,1,0,0,0,0,1,1,1,1
2008-07-29 12:30:00+00:00,30,7,12,400.32305908203125,299.0569152832031,0,0,0,0,0,0,0,0,0,0,0,0,0,0,0,0,0,0,0,0,0,0,0,0,0
2008-07-29 12:30:00+00:00,30,7,12,83.68108367919922,80.5239486694336,0,0,0,0,0,0,0,0,0,1,1,1,1,1,1,1,1,0,0,0,0,0,0,0,0
2008-07-29 12:30:00+00:00,30,7,12,,470.8707275390625,0,0,0,0,0,0,0,0,0,0,0,0,0,0,0,0,0,0,0,0,0,0,0,0,0
2008-07-29 12:30:00+00:00,30,7,12,306.41253662109375,317.7169494628906,0,0,0,0,0,0,0,0,0,0,0,0,0,0,0,0,1,0,0,0,0,0,0,0,0
2008-07-29 12:30:00+00:00,30,7,12,,,0,0,0,0,0,0,0,0,0,0,0,0,0,0,0,0,0,0,0,0,0,0,0,0,0
2008-07-29 12:30:00+00:00,30,7,12,,,0,0,0,0,0,0,0,0,0,0,0,0,0,0,0,0,0,0,0,0,0,0,0,0,0
2008-07-29 12:30:00+00:00,30,7,12,,,0,0,0,0,0,0,0,0,0,0,0,0,0,0,0,0,0,0,0,0,0,0,0,0,0
2008-07-29 12:30:00+00:00,30,7,12,,384.2625732421875,0,0,0,0,0,0,0,0,0,0,0,0,0,0,0,0,0,0,0,0,0,0,0,0,0
2008-07-29 12:30:00+00:00,30,7,12,396.21600341796875,432.30255126953125,0,0,0,0,0,0,0,0,0,0,0,0,0,0,0,0,0,0,0,0,0,0,0,0,0
2008-07-29 12:30:00+00:00,30,7,12,145.5846405029297,103.6300048828125,0,0,0,0,0,0,0,0,0,0,0,1,1,1,1,1,1,0,0,0,0,0,0,0,0
2008-07-29 12:30:00+00:00,30,7,12,,170.2538299560547,0,0,0,0,0,0,0,0,0,0,0,0,0,0,0,0,0,0,0,0,0,0,0,0,0
2008-07-29 12:30:00+00:00,30,7,12,315.53570556640625,305.29693603515625,0,0,0,0,0,0,0,0,0,0,0,0,0,0,0,0,1,0,0,0,0,0,0,0,0
2008-07-29 12:30:00+00:00,30,7,12,404.8841857910156,330.7483215332031,0,0,0,0,0,0,0,0,0,0,0,0,0,0,0,0,0,0,0,0,0,0,0,0,0
2008-07-29 12:30:00+00:00,30,7,12,,9.730999946594238,0,0,0,0,0,0,0,0,0,0,0,0,0,0,0,0,0,1,1,1,1,1,1,1,1
2008-07-29 12:30:00+00:00,30,7,12,397.4722900390625,352.6756591796875,0,0,0,0,0,0,0,0,0,0,0,0,0,0,0,0,0,0,0,0,0,0,0,0,0
2008-07-29 12:30:00+00:00,30,7,12,141.39962768554688,113.28919982910156,0,0,0,0,0,0,0,0,0,0,0,1,1,1,1,1,1,0,0,0,0,0,0,0,0
2008-07-29 12:45:00+00:00,30,7,12,,446.4342346191406,0,0,0,0,0,0,0,0,0,0,0,0,0,0,0,0,0,0,0,0,0,0,0,0,0
2008-07-29 12:45:00+00:00,30,7,12,,373.4359130859375,0,0,0,0,0,0,0,0,0,0,0,0,0,0,0,0,0,0,0,0,0,0,0,0,0
2008-07-29 12:45:00+00:00,30,7,12,118.10250091552734,104.16397857666016,0,0,0,0,0,0,0,0,0,0,1,1,1,1,1,1,1,0,0,0,0,0,0,0,0
2008-07-29 12:45:00+00:00,30,7,12,121.81395721435547,280.1058349609375,0,0,0,0,0,0,0,0,0,0,0,1,1,1,1,1,1,0,0,0,0,0,0,0,0
2008-07-29 12:45:00+00:00,30,7,12,250.034912109375,330.4353942871094,0,0,0,0,0,0,0,0,0,0,0,0,0,0,0,1,1,0,0,0,0,0,0,0,0
2008-07-29 12:45:00+00:00,30,7,12,,,0,0,0,0,0,0,0,0,0,0,0,0,0,0,0,0,0,0,0,0,0,0,0,0,0
2008-07-29 12:45:00+00:00,30,7,12,,216.01611328125,0,0,0,0,0,0,0,0,0,0,0,0,0,0,0,0,0,0,0,0,0,0,0,0,0
2008-07-29 12:45:00+00:00,30,7,12,,310.92376708984375,0,0,0,0,0,0,0,0,0,0,0,0,0,0,0,0,0,0,0,0,0,0,0,0,0
2008-07-29 12:45:00+00:00,30,7,12,167.2556610107422,174.2913055419922,0,0,0,0,0,0,0,0,0,0,0,0,1,1,1,1,1,0,0,0,0,0,0,0,0
2008-07-29 12:45:00+00:00,30,7,12,284.84033203125,288.20458984375,0,0,0,0,0,0,0,0,0,0,0,0,0,0,0,1,1,0,0,0,0,0,0,0,0
2008-07-29 12:45:00+00:00,30,7,12,215.08193969726562,213.018310546875,0,0,0,0,0,0,0,0,0,0,0,0,0,0,1,1,1,0,0,0,0,0,0,0,0
2008-07-29 13:00:00+00:00,30,7,13,,269.6520690917969,0,0,0,0,0,0,0,0,0,0,0,0,0,0,0,0,0,0,0,0,0,0,0,0,0
2008-07-29 13:00:00+00:00,30,7,13,219.12942504882812,124.2903823852539,0,0,0,0,0,0,0,0,0,0,0,0,0,0,1,1,1,0,0,0,0,0,0,0,0
2008-07-29 13:00:00+00:00,30,7,13,309.6174621582031,212.97271728515625,0,0,0,0,0,0,0,0,0,0,0,0,0,0,0,0,1,0,0,0,0,0,0,0,0
2008-07-29 13:00:00+00:00,30,7,13,,,0,0,0,0,0,0,0,0,0,0,0,0,0,0,0,0,0,0,0,0,0,0,0,0,0
2008-07-29 13:00:00+00:00,30,7,13,400.8995056152344,282.81884765625,0,0,0,0,0,0,0,0,0,0,0,0,0,0,0,0,0,0,0,0,0,0,0,0,0
2008-07-29 13:00:00+00:00,30,7,13,213.2917022705078,203.7838134765625,0,0,0,0,0,0,0,0,0,0,0,0,0,0,1,1,1,0,0,0,0,0,0,0,0
2008-07-29 13:00:00+00:00,30,7,13,244.35775756835938,133.2760772705078,0,0,0,0,0,0,0,0,0,0,0,0,0,0,1,1,1,0,0,0,0,0,0,0,0
2008-07-29 13:00:00+00:00,30,7,13,190.51876831054688,173.6060333251953,0,0,0,0,0,0,0,0,0,0,0,0,0,1,1,1,1,0,0,0,0,0,0,0,0
2008-07-29 13:00:00+00:00,30,7,13,,356.9691467285156,0,0,0,0,0,0,0,0,0,0,0,0,0,0,0,0,0,0,0,0,0,0,0,0,0
2008-07-29 13:15:00+00:00,30,7,13,,,0,0,0,0,0,0,0,0,0,0,0,0,0,0,0,0,0,0,0,0,0,0,0,0,0
2008-07-29 13:15:00+00:00,30,7,13,199.3600616455078,181.62286376953125,0,0,0,0,0,0,0,0,0,0,0,0,0,1,1,1,1,0,0,0,0,0,0,0,0
2008-07-29 13:15:00+00:00,30,7,13,,,0,0,0,0,0,0,0,0,0,0,0,0,0,0,0,0,0,0,0,0,0,0,0,0,0
2008-07-29 13:15:00+00:00,30,7,13,389.6439514160156,317.8493957519531,0,0,0,0,0,0,0,0,0,0,0,0,0,0,0,0,0,0,0,0,0,0,0,0,0
2008-07-29 13:15:00+00:00,30,7,13,,,0,0,0,0,0,0,0,0,0,0,0,0,0,0,0,0,0,0,0,0,0,0,0,0,0
2008-07-29 13:15:00+00:00,30,7,13,262.1524963378906,237.78335571289062,0,0,0,0,0,0,0,0,0,0,0,0,0,0,0,1,1,0,0,0,0,0,0,0,0
2008-07-29 13:15:00+00:00,30,7,13,102.45828247070312,92.81461334228516,0,0,0,0,0,0,0,0,0,0,1,1,1,1,1,1,1,0,0,0,0,0,0,0,0
2008-07-29 13:15:00+00:00,30,7,13,142.96334838867188,141.7393798828125,0,0,0,0,0,0,0,0,0,0,0,1,1,1,1,1,1,0,0,0,0,0,0,0,0
2008-07-29 13:15:00+00:00,30,7,13,,,0,0,0,0,0,0,0,0,0,0,0,0,0,0,0,0,0,0,0,0,0,0,0,0,0
2008-07-29 13:30:00+00:00,30,7,13,,,0,0,0,0,0,0,0,0,0,0,0,0,0,0,0,0,0,0,0,0,0,0,0,0,0
2008-07-29 13:30:00+00:00,30,7,13,285.58770751953125,277.7550964355469,0,0,0,0,0,0,0,0,0,0,0,0,0,0,0,1,1,0,0,0,0,0,0,0,0
2008-07-29 13:30:00+00:00,30,7,13,144.15679931640625,195.7631378173828,0,0,0,0,0,0,0,0,0,0,0,1,1,1,1,1,1,0,0,0,0,0,0,0,0
2008-07-29 13:30:00+00:00,30,7,13,220.0870819091797,182.40093994140625,0,0,0,0,0,0,0,0,0,0,0,0,0,0,1,1,1,0,0,0,0,0,0,0,0
2008-07-29 13:30:00+00:00,30,7,13,,339.07611083984375,0,0,0,0,0,0,0,0,0,0,0,0,0,0,0,0,0,0,0,0,0,0,0,0,0
2008-07-29 13:30:00+00:00,30,7,13,171.8647003173828,152.75863647460938,0,0,0,0,0,0,0,0,0,0,0,0,1,1,1,1,1,0,0,0,0,0,0,0,0
2008-07-29 13:30:00+00:00,30,7,13,24.60224723815918,28.475614547729492,0,0,0,1,1,1,1,1,1,1,1,1,1,1,1,1,1,0,0,0,0,1,1,1,1
2008-07-29 13:30:00+00:00,30,7,13,279.710693359375,198.2877960205078,0,0,0,0,0,0,0,0,0,0,0,0,0,0,0,1,1,0,0,0,0,0,0,0,0
2008-07-29 13:30:00+00:00,30,7,13,,,0,0,0,0,0,0,0,0,0,0,0,0,0,0,0,0,0,0,0,0,0,0,0,0,0
2008-07-29 13:30:00+00:00,30,7,13,293.3234558105469,285.9615783691406,0,0,0,0,0,0,0,0,0,0,0,0,0,0,0,1,1,0,0,0,0,0,0,0,0
2008-07-29 13:30:00+00:00,30,7,13,206.44053649902344,241.19871520996094,0,0,0,0,0,0,0,0,0,0,0,0,0,0,1,1,1,0,0,0,0,0,0,0,0
2008-07-29 13:30:00+00:00,30,7,13,152.39039611816406,191.1197509765625,0,0,0,0,0,0,0,0,0,0,0,0,1,1,1,1,1,0,0,0,0,0,0,0,0
2008-07-29 13:30:00+00:00,30,7,13,174.7317657470703,160.80625915527344,0,0,0,0,0,0,0,0,0,0,0,0,1,1,1,1,1,0,0,0,0,0,0,0,0
2008-07-29 13:30:00+00:00,30,7,13,95.08839416503906,88.19099426269531,0,0,0,0,0,0,0,0,0,1,1,1,1,1,1,1,1,0,0,0,0,0,0,0,0
2008-07-29 13:30:00+00:00,30,7,13,408.04559326171875,333.5918273925781,0,0,0,0,0,0,0,0,0,0,0,0,0,0,0,0,0,0,0,0,0,0,0,0,0
2008-07-29 13:30:00+00:00,30,7,13,38.267642974853516,10.983524322509766,0,0,0,0,0,1,1,1,1,1,1,1,1,1,1,1,1,0,1,1,1,1,1,1,1
2008-07-29 13:30:00+00:00,30,7,13,72.86144256591797,45.24314880371094,0,0,0,0,0,0,0,0,1,1,1,1,1,1,1,1,1,0,0,0,0,0,0,1,1
2008-07-29 13:30:00+00:00,30,7,13,501.6193542480469,415.4423828125,0,0,0,0,0,0,0,0,0,0,0,0,0,0,0,0,0,0,0,0,0,0,0,0,0
2008-07-29 13:30:00+00:00,30,7,13,393.1546325683594,399.8733215332031,0,0,0,0,0,0,0,0,0,0,0,0,0,0,0,0,0,0,0,0,0,0,0,0,0
2008-07-29 13:30:00+00:00,30,7,13,114.83043670654297,107.11965942382812,0,0,0,0,0,0,0,0,0,0,1,1,1,1,1,1,1,0,0,0,0,0,0,0,0
2008-07-29 13:45:00+00:00,30,7,13,413.1773681640625,400.627197265625,0,0,0,0,0,0,0,0,0,0,0,0,0,0,0,0,0,0,0,0,0,0,0,0,0
2008-07-29 13:45:00+00:00,30,7,13,390.7915344238281,367.5851135253906,0,0,0,0,0,0,0,0,0,0,0,0,0,0,0,0,0,0,0,0,0,0,0,0,0
2008-07-29 13:45:00+00:00,30,7,13,112.5186538696289,39.95560836791992,0,0,0,0,0,0,0,0,0,0,1,1,1,1,1,1,1,0,0,0,0,0,1,1,1
2008-07-29 13:45:00+00:00,30,7,13,37.466121673583984,0.0,0,0,0,0,0,1,1,1,1,1,1,1,1,1,1,1,1,1,1,1,1,1,1,1,1
2008-07-29 13:45:00+00:00,30,7,13,323.0716247558594,112.77647399902344,0,0,0,0,0,0,0,0,0,0,0,0,0,0,0,0,1,0,0,0,0,0,0,0,0
2008-07-29 13:45:00+00:00,30,7,13,252.5947265625,263.0687255859375,0,0,0,0,0,0,0,0,0,0,0,0,0,0,0,1,1,0,0,0,0,0,0,0,0
2008-07-29 13:45:00+00:00,30,7,13,256.9836120605469,278.9638671875,0,0,0,0,0,0,0,0,0,0,0,0,0,0,0,1,1,0,0,0,0,0,0,0,0
2008-07-29 13:45:00+00:00,30,7,13,,214.49346923828125,0,0,0,0,0,0,0,0,0,0,0,0,0,0,0,0,0,0,0,0,0,0,0,0,0
2008-07-29 13:45:00+00:00,30,7,13,260.60791015625,109.89118957519531,0,0,0,0,0,0,0,0,0,0,0,0,0,0,0,1,1,0,0,0,0,0,0,0,0
2008-07-29 13:45:00+00:00,30,7,13,153.83311462402344,106.20813751220703,0,0,0,0,0,0,0,0,0,0,0,0,1,1,1,1,1,0,0,0,0,0,0,0,0
2008-07-29 13:45:00+00:00,30,7,13,81.4341049194336,68.89303588867188,0,0,0,0,0,0,0,0,0,1,1,1,1,1,1,1,1,0,0,0,0,0,0,0,0
2008-07-29 13:45:00+00:00,30,7,13,199.8614044189453,176.46240234375,0,0,0,0,0,0,0,0,0,0,0,0,0,1,1,1,1,0,0,0,0,0,0,0,0
2008-07-29 13:45:00+00:00,30,7,13,51.96101379394531,4.331290245056152,0,0,0,0,0,0,0,1,1,1,1,1,1,1,1,1,1,1,1,1,1,1,1,1,1
2008-07-29 13:45:00+00:00,30,7,13,211.41087341308594,208.3555908203125,0,0,0,0,0,0,0,0,0,0,0,0,0,0,1,1,1,0,0,0,0,0,0,0,0
2008-07-29 13:45:00+00:00,30,7,13,85.78032684326172,72.77999114990234,0,0,0,0,0,0,0,0,0,1,1,1,1,1,1,1,1,0,0,0,0,0,0,0,0
2008-07-29 13:45:00+00:00,30,7,13,97.79159545898438,157.1000213623047,0,0,0,0,0,0,0,0,0,1,1,1,1,1,1,1,1,0,0,0,0,0,0,0,0
2008-07-29 13:45:00+00:00,30,7,13,43.799678802490234,35.88373565673828,0,0,0,0,0,0,1,1,1,1,1,1,1,1,1,1,1,0,0,0,0,0,1,1,1
2008-07-29 13:45:00+00:00,30,7,13,252.77317810058594,268.6802062988281,0,0,0,0,0,0,0,0,0,0,0,0,0,0,0,1,1,0,0,0,0,0,0,0,0
2008-07-29 13:45:00+00:00,30,7,13,405.8423156738281,423.126953125,0,0,0,0,0,0,0,0,0,0,0,0,0,0,0,0,0,0,0,0,0,0,0,0,0
2008-07-29 13:45:00+00:00,30,7,13,127.95665740966797,118.49051666259766,0,0,0,0,0,0,0,0,0,0,0,1,1,1,1,1,1,0,0,0,0,0,0,0,0
2008-07-29 14:00:00+00:00,30,7,14,,,0,0,0,0,0,0,0,0,0,0,0,0,0,0,0,0,0,0,0,0,0,0,0,0,0
2008-07-29 14:00:00+00:00,30,7,14,214.20509338378906,233.93028259277344,0,0,0,0,0,0,0,0,0,0,0,0,0,0,1,1,1,0,0,0,0,0,0,0,0
2008-07-29 14:00:00+00:00,30,7,14,50.83905029296875,62.287689208984375,0,0,0,0,0,0,0,1,1,1,1,1,1,1,1,1,1,0,0,0,0,0,0,0,0
2008-07-29 14:00:00+00:00,30,7,14,235.45391845703125,268.69110107421875,0,0,0,0,0,0,0,0,0,0,0,0,0,0,1,1,1,0,0,0,0,0,0,0,0
2008-07-29 14:00:00+00:00,30,7,14,110.86045837402344,128.89022827148438,0,0,0,0,0,0,0,0,0,0,1,1,1,1,1,1,1,0,0,0,0,0,0,0,0
2008-07-29 14:00:00+00:00,30,7,14,316.9615173339844,120.00505065917969,0,0,0,0,0,0,0,0,0,0,0,0,0,0,0,0,1,0,0,0,0,0,0,0,0
2008-07-29 14:00:00+00:00,30,7,14,345.657470703125,318.55194091796875,0,0,0,0,0,0,0,0,0,0,0,0,0,0,0,0,1,0,0,0,0,0,0,0,0
2008-07-29 14:00:00+00:00,30,7,14,258.0428161621094,370.3370361328125,0,0,0,0,0,0,0,0,0,0,0,0,0,0,0,1,1,0,0,0,0,0,0,0,0
2008-07-29 14:00:00+00:00,30,7,14,148.32748413085938,160.8292999267578,0,0,0,0,0,0,0,0,0,0,0,1,1,1,1,1,1,0,0,0,0,0,0,0,0
2008-07-29 14:00:00+00:00,30,7,14,233.7542724609375,244.2188262939453,0,0,0,0,0,0,0,0,0,0,0,0,0,0,1,1,1,0,0,0,0,0,0,0,0
2008-07-29 14:00:00+00:00,30,7,14,237.10952758789062,188.2000274658203,0,0,0,0,0,0,0,0,0,0,0,0,0,0,1,1,1,0,0,0,0,0,0,0,0
2008-07-29 14:00:00+00:00,30,7,14,316.9193115234375,267.63104248046875,0,0,0,0,0,0,0,0,0,0,0,0,0,0,0,0,1,0,0,0,0,0,0,0,0
2008-07-29 14:00:00+00:00,30,7,14,268.2736511230469,68.78572082519531,0,0,0,0,0,0,0,0,0,0,0,0,0,0,0,1,1,0,0,0,0,0,0,0,0
2008-07-29 14:00:00+00:00,30,7,14,337.625244140625,344.2635192871094,0,0,0,0,0,0,0,0,0,0,0,0,0,0,0,0,1,0,0,0,0,0,0,0,0
2008-07-29 14:00:00+00:00,30,7,14,,,0,0,0,0,0,0,0,0,0,0,0,0,0,0,0,0,0,0,0,0,0,0,0,0,0
2008-07-29 14:00:00+00:00,30,7,14,,,0,0,0,0,0,0,0,0,0,0,0,0,0,0,0,0,0,0,0,0,0,0,0,0,0
2008-07-29 14:15:00+00:00,30,7,14,168.38560485839844,,0,0,0,0,0,0,0,0,0,0,0,0,1,1,1,1,1,0,0,0,0,0,0,0,0
2008-07-29 14:15:00+00:00,30,7,14,,,0,0,0,0,0,0,0,0,0,0,0,0,0,0,0,0,0,0,0,0,0,0,0,0,0
2008-07-29 14:15:00+00:00,30,7,14,127.91570281982422,103.04802703857422,0,0,0,0,0,0,0,0,0,0,0,1,1,1,1,1,1,0,0,0,0,0,0,0,0
2008-07-29 14:15:00+00:00,30,7,14,152.4257354736328,,0,0,0,0,0,0,0,0,0,0,0,0,1,1,1,1,1,0,0,0,0,0,0,0,0
2008-07-29 14:15:00+00:00,30,7,14,221.50201416015625,332.2343444824219,0,0,0,0,0,0,0,0,0,0,0,0,0,0,1,1,1,0,0,0,0,0,0,0,0
2008-07-29 14:15:00+00:00,30,7,14,82.42057037353516,283.7822265625,0,0,0,0,0,0,0,0,0,1,1,1,1,1,1,1,1,0,0,0,0,0,0,0,0
2008-07-29 14:15:00+00:00,30,7,14,198.1922607421875,281.2165222167969,0,0,0,0,0,0,0,0,0,0,0,0,0,1,1,1,1,0,0,0,0,0,0,0,0
2008-07-29 14:15:00+00:00,30,7,14,,,0,0,0,0,0,0,0,0,0,0,0,0,0,0,0,0,0,0,0,0,0,0,0,0,0
2008-07-29 14:15:00+00:00,30,7,14,149.48092651367188,232.8880615234375,0,0,0,0,0,0,0,0,0,0,0,1,1,1,1,1,1,0,0,0,0,0,0,0,0
2008-07-29 14:15:00+00:00,30,7,14,251.07276916503906,259.5355529785156,0,0,0,0,0,0,0,0,0,0,0,0,0,0,0,1,1,0,0,0,0,0,0,0,0
2008-07-29 14:15:00+00:00,30,7,14,381.7778015136719,390.6486511230469,0,0,0,0,0,0,0,0,0,0,0,0,0,0,0,0,0,0,0,0,0,0,0,0,0
2008-07-29 14:15:00+00:00,30,7,14,219.9113006591797,227.01712036132812,0,0,0,0,0,0,0,0,0,0,0,0,0,0,1,1,1,0,0,0,0,0,0,0,0
2008-07-29 14:15:00+00:00,30,7,14,268.33251953125,241.90501403808594,0,0,0,0,0,0,0,0,0,0,0,0,0,0,0,1,1,0,0,0,0,0,0,0,0
2008-07-29 14:15:00+00:00,30,7,14,196.76824951171875,180.47067260742188,0,0,0,0,0,0,0,0,0,0,0,0,0,1,1,1,1,0,0,0,0,0,0,0,0
2008-07-29 14:15:00+00:00,30,7,14,158.82229614257812,113.04826354980469,0,0,0,0,0,0,0,0,0,0,0,0,1,1,1,1,1,0,0,0,0,0,0,0,0
2008-07-29 14:15:00+00:00,30,7,14,154.31881713867188,101.49668884277344,0,0,0,0,0,0,0,0,0,0,0,0,1,1,1,1,1,0,0,0,0,0,0,0,0
2008-07-29 14:15:00+00:00,30,7,14,,,0,0,0,0,0,0,0,0,0,0,0,0,0,0,0,0,0,0,0,0,0,0,0,0,0
2008-07-29 14:30:00+00:00,30,7,14,,,0,0,0,0,0,0,0,0,0,0,0,0,0,0,0,0,0,0,0,0,0,0,0,0,0
2008-07-29 14:30:00+00:00,30,7,14,260.2470703125,241.3517608642578,0,0,0,0,0,0,0,0,0,0,0,0,0,0,0,1,1,0,0,0,0,0,0,0,0
2008-07-29 14:30:00+00:00,30,7,14,159.3528594970703,30.90974998474121,0,0,0,0,0,0,0,0,0,0,0,0,1,1,1,1,1,0,0,0,0,0,1,1,1
2008-07-29 14:30:00+00:00,30,7,14,119.64926147460938,187.0395965576172,0,0,0,0,0,0,0,0,0,0,1,1,1,1,1,1,1,0,0,0,0,0,0,0,0
2008-07-29 14:30:00+00:00,30,7,14,463.052978515625,,0,0,0,0,0,0,0,0,0,0,0,0,0,0,0,0,0,0,0,0,0,0,0,0,0
2008-07-29 14:30:00+00:00,30,7,14,194.0154571533203,188.32669067382812,0,0,0,0,0,0,0,0,0,0,0,0,0,1,1,1,1,0,0,0,0,0,0,0,0
2008-07-29 14:30:00+00:00,30,7,14,209.86228942871094,157.48170471191406,0,0,0,0,0,0,0,0,0,0,0,0,0,0,1,1,1,0,0,0,0,0,0,0,0
2008-07-29 14:30:00+00:00,30,7,14,226.70574951171875,241.074951171875,0,0,0,0,0,0,0,0,0,0,0,0,0,0,1,1,1,0,0,0,0,0,0,0,0
2008-07-29 14:30:00+00:00,30,7,14,378.2039489746094,360.6597595214844,0,0,0,0,0,0,0,0,0,0,0,0,0,0,0,0,0,0,0,0,0,0,0,0,0
2008-07-29 14:30:00+00:00,30,7,14,154.33377075195312,116.52710723876953,0,0,0,0,0,0,0,0,0,0,0,0,1,1,1,1,1,0,0,0,0,0,0,0,0
2008-07-29 14:30:00+00:00,30,7,14,264.1352844238281,225.8636474609375,0,0,0,0,0,0,0,0,0,0,0,0,0,0,0,1,1,0,0,0,0,0,0,0,0
2008-07-29 14:30:00+00:00,30,7,14,267.5907897949219,231.423828125,0,0,0,0,0,0,0,0,0,0,0,0,0,0,0,1,1,0,0,0,0,0,0,0,0
2008-07-29 14:30:00+00:00,30,7,14,97.771728515625,88.45375061035156,0,0,0,0,0,0,0,0,0,1,1,1,1,1,1,1,1,0,0,0,0,0,0,0,0
2008-07-29 14:30:00+00:00,30,7,14,80.2501449584961,59.06578063964844,0,0,0,0,0,0,0,0,0,1,1,1,1,1,1,1,1,0,0,0,0,0,0,0,1
2008-07-29 14:30:00+00:00,30,7,14,103.58203125,91.16009521484375,0,0,0,0,0,0,0,0,0,0,1,1,1,1,1,1,1,0,0,0,0,0,0,0,0
2008-07-29 14:30:00+00:00,30,7,14,318.8628845214844,300.1402587890625,0,0,0,0,0,0,0,0,0,0,0,0,0,0,0,0,1,0,0,0,0,0,0,0,0
2008-07-29 14:30:00+00:00,30,7,14,209.35096740722656,189.96009826660156,0,0,0,0,0,0,0,0,0,0,0,0,0,0,1,1,1,0,0,0,0,0,0,0,0
2008-07-29 14:30:00+00:00,30,7,14,222.4917449951172,182.0152587890625,0,0,0,0,0,0,0,0,0,0,0,0,0,0,1,1,1,0,0,0,0,0,0,0,0
2008-07-29 14:30:00+00:00,30,7,14,,,0,0,0,0,0,0,0,0,0,0,0,0,0,0,0,0,0,0,0,0,0,0,0,0,0
2008-07-29 14:45:00+00:00,30,7,14,,,0,0,0,0,0,0,0,0,0,0,0,0,0,0,0,0,0,0,0,0,0,0,0,0,0
2008-07-29 14:45:00+00:00,30,7,14,351.01422119140625,377.47021484375,0,0,0,0,0,0,0,0,0,0,0,0,0,0,0,0,0,0,0,0,0,0,0,0,0
2008-07-29 14:45:00+00:00,30,7,14,,170.27392578125,0,0,0,0,0,0,0,0,0,0,0,0,0,0,0,0,0,0,0,0,0,0,0,0,0
2008-07-29 14:45:00+00:00,30,7,14,434.8161926269531,438.1842956542969,0,0,0,0,0,0,0,0,0,0,0,0,0,0,0,0,0,0,0,0,0,0,0,0,0
2008-07-29 14:45:00+00:00,30,7,14,,,0,0,0,0,0,0,0,0,0,0,0,0,0,0,0,0,0,0,0,0,0,0,0,0,0
2008-07-29 14:45:00+00:00,30,7,14,237.3701171875,199.5802001953125,0,0,0,0,0,0,0,0,0,0,0,0,0,0,1,1,1,0,0,0,0,0,0,0,0
2008-07-29 14:45:00+00:00,30,7,14,426.7862243652344,86.9884033203125,0,0,0,0,0,0,0,0,0,0,0,0,0,0,0,0,0,0,0,0,0,0,0,0,0
2008-07-29 14:45:00+00:00,30,7,14,276.6954345703125,135.8532257080078,0,0,0,0,0,0,0,0,0,0,0,0,0,0,0,1,1,0,0,0,0,0,0,0,0
2008-07-29 14:45:00+00:00,30,7,14,390.025390625,410.529052734375,0,0,0,0,0,0,0,0,0,0,0,0,0,0,0,0,0,0,0,0,0,0,0,0,0
2008-07-29 14:45:00+00:00,30,7,14,125.3951187133789,22.2629337310791,0,0,0,0,0,0,0,0,0,0,0,1,1,1,1,1,1,0,0,0,1,1,1,1,1
2008-07-29 14:45:00+00:00,30,7,14,86.1254653930664,8.762604713439941,0,0,0,0,0,0,0,0,0,1,1,1,1,1,1,1,1,1,1,1,1,1,1,1,1
2008-07-29 14:45:00+00:00,30,7,14,222.66134643554688,280.68939208984375,0,0,0,0,0,0,0,0,0,0,0,0,0,0,1,1,1,0,0,0,0,0,0,0,0
2008-07-29 14:45:00+00:00,30,7,14,355.5884704589844,347.37628173828125,0,0,0,0,0,0,0,0,0,0,0,0,0,0,0,0,0,0,0,0,0,0,0,0,0
2008-07-29 14:45:00+00:00,30,7,14,224.11390686035156,190.52426147460938,0,0,0,0,0,0,0,0,0,0,0,0,0,0,1,1,1,0,0,0,0,0,0,0,0
2008-07-29 14:45:00+00:00,30,7,14,,,0,0,0,0,0,0,0,0,0,0,0,0,0,0,0,0,0,0,0,0,0,0,0,0,0
2008-07-29 14:45:00+00:00,30,7,14,,,0,0,0,0,0,0,0,0,0,0,0,0,0,0,0,0,0,0,0,0,0,0,0,0,0
2008-07-29 14:45:00+00:00,30,7,14,536.0704345703125,526.93408203125,0,0,0,0,0,0,0,0,0,0,0,0,0,0,0,0,0,0,0,0,0,0,0,0,0
2008-07-29 14:45:00+00:00,30,7,14,,,0,0,0,0,0,0,0,0,0,0,0,0,0,0,0,0,0,0,0,0,0,0,0,0,0
2008-07-29 14:45:00+00:00,30,7,14,,,0,0,0,0,0,0,0,0,0,0,0,0,0,0,0,0,0,0,0,0,0,0,0,0,0
2008-07-29 15:00:00+00:00,30,7,15,,,0,0,0,0,0,0,0,0,0,0,0,0,0,0,0,0,0,0,0,0,0,0,0,0,0
2008-07-29 15:00:00+00:00,30,7,15,,,0,0,0,0,0,0,0,0,0,0,0,0,0,0,0,0,0,0,0,0,0,0,0,0,0
2008-07-29 15:00:00+00:00,30,7,15,382.1288757324219,406.47772216796875,0,0,0,0,0,0,0,0,0,0,0,0,0,0,0,0,0,0,0,0,0,0,0,0,0
2008-07-29 15:00:00+00:00,30,7,15,121.55924987792969,148.6640625,0,0,0,0,0,0,0,0,0,0,0,1,1,1,1,1,1,0,0,0,0,0,0,0,0
2008-07-29 15:00:00+00:00,30,7,15,,,0,0,0,0,0,0,0,0,0,0,0,0,0,0,0,0,0,0,0,0,0,0,0,0,0
2008-07-29 15:00:00+00:00,30,7,15,347.2818298339844,328.7399597167969,0,0,0,0,0,0,0,0,0,0,0,0,0,0,0,0,1,0,0,0,0,0,0,0,0
2008-07-29 15:00:00+00:00,30,7,15,,,0,0,0,0,0,0,0,0,0,0,0,0,0,0,0,0,0,0,0,0,0,0,0,0,0
2008-07-29 15:00:00+00:00,30,7,15,153.57940673828125,135.9149169921875,0,0,0,0,0,0,0,0,0,0,0,0,1,1,1,1,1,0,0,0,0,0,0,0,0
2008-07-29 15:00:00+00:00,30,7,15,,,0,0,0,0,0,0,0,0,0,0,0,0,0,0,0,0,0,0,0,0,0,0,0,0,0
2008-07-29 15:00:00+00:00,30,7,15,,128.06886291503906,0,0,0,0,0,0,0,0,0,0,0,0,0,0,0,0,0,0,0,0,0,0,0,0,0
2008-07-29 15:00:00+00:00,30,7,15,156.8509521484375,129.31103515625,0,0,0,0,0,0,0,0,0,0,0,0,1,1,1,1,1,0,0,0,0,0,0,0,0
2008-07-29 15:00:00+00:00,30,7,15,326.3810729980469,307.8385009765625,0,0,0,0,0,0,0,0,0,0,0,0,0,0,0,0,1,0,0,0,0,0,0,0,0
2008-07-29 15:00:00+00:00,30,7,15,,,0,0,0,0,0,0,0,0,0,0,0,0,0,0,0,0,0,0,0,0,0,0,0,0,0
2008-07-29 15:15:00+00:00,30,7,15,,,0,0,0,0,0,0,0,0,0,0,0,0,0,0,0,0,0,0,0,0,0,0,0,0,0
2008-07-29 15:15:00+00:00,30,7,15,171.1748504638672,140.7200469970703,0,0,0,0,0,0,0,0,0,0,0,0,1,1,1,1,1,0,0,0,0,0,0,0,0
2008-07-29 15:15:00+00:00,30,7,15,233.81600952148438,208.70166015625,0,0,0,0,0,0,0,0,0,0,0,0,0,0,1,1,1,0,0,0,0,0,0,0,0
2008-07-29 15:15:00+00:00,30,7,15,90.61700439453125,41.83806228637695,0,0,0,0,0,0,0,0,0,1,1,1,1,1,1,1,1,0,0,0,0,0,0,1,1
2008-07-29 15:15:00+00:00,30,7,15,55.41048812866211,127.68540954589844,0,0,0,0,0,0,0,1,1,1,1,1,1,1,1,1,1,0,0,0,0,0,0,0,0
2008-07-29 15:15:00+00:00,30,7,15,434.59954833984375,166.91543579101562,0,0,0,0,0,0,0,0,0,0,0,0,0,0,0,0,0,0,0,0,0,0,0,0,0
2008-07-29 15:15:00+00:00,30,7,15,180.8064422607422,195.24266052246094,0,0,0,0,0,0,0,0,0,0,0,0,0,1,1,1,1,0,0,0,0,0,0,0,0
2008-07-29 15:15:00+00:00,30,7,15,185.20526123046875,177.13853454589844,0,0,0,0,0,0,0,0,0,0,0,0,0,1,1,1,1,0,0,0,0,0,0,0,0
2008-07-29 15:15:00+00:00,30,7,15,217.85543823242188,210.8360595703125,0,0,0,0,0,0,0,0,0,0,0,0,0,0,1,1,1,0,0,0,0,0,0,0,0
2008-07-29 15:15:00+00:00,30,7,15,431.3628234863281,432.2733459472656,0,0,0,0,0,0,0,0,0,0,0,0,0,0,0,0,0,0,0,0,0,0,0,0,0
2008-07-29 15:15:00+00:00,30,7,15,,6.342315673828125,0,0,0,0,0,0,0,0,0,0,0,0,0,0,0,0,0,1,1,1,1,1,1,1,1
2008-07-29 15:15:00+00:00,30,7,15,136.67337036132812,177.5382080078125,0,0,0,0,0,0,0,0,0,0,0,1,1,1,1,1,1,0,0,0,0,0,0,0,0
2008-07-29 15:30:00+00:00,30,7,15,490.93017578125,,0,0,0,0,0,0,0,0,0,0,0,0,0,0,0,0,0,0,0,0,0,0,0,0,0
2008-07-29 15:30:00+00:00,30,7,15,,48.873382568359375,0,0,0,0,0,0,0,0,0,0,0,0,0,0,0,0,0,0,0,0,0,0,0,1,1
2008-07-29 15:30:00+00:00,30,7,15,,386.34259033203125,0,0,0,0,0,0,0,0,0,0,0,0,0,0,0,0,0,0,0,0,0,0,0,0,0
2008-07-29 15:30:00+00:00,30,7,15,284.907958984375,206.85003662109375,0,0,0,0,0,0,0,0,0,0,0,0,0,0,0,1,1,0,0,0,0,0,0,0,0
2008-07-29 15:30:00+00:00,30,7,15,171.12318420410156,162.09521484375,0,0,0,0,0,0,0,0,0,0,0,0,1,1,1,1,1,0,0,0,0,0,0,0,0
2008-07-29 15:30:00+00:00,30,7,15,135.50852966308594,102.39799499511719,0,0,0,0,0,0,0,0,0,0,0,1,1,1,1,1,1,0,0,0,0,0,0,0,0
2008-07-29 15:30:00+00:00,30,7,15,108.72579193115234,75.986328125,0,0,0,0,0,0,0,0,0,0,1,1,1,1,1,1,1,0,0,0,0,0,0,0,0
2008-07-29 15:30:00+00:00,30,7,15,337.39794921875,307.09283447265625,0,0,0,0,0,0,0,0,0,0,0,0,0,0,0,0,1,0,0,0,0,0,0,0,0
2008-07-29 15:30:00+00:00,30,7,15,300.029052734375,268.9706115722656,0,0,0,0,0,0,0,0,0,0,0,0,0,0,0,0,1,0,0,0,0,0,0,0,0
2008-07-29 15:30:00+00:00,30,7,15,157.96389770507812,181.8504180908203,0,0,0,0,0,0,0,0,0,0,0,0,1,1,1,1,1,0,0,0,0,0,0,0,0
2008-07-29 15:30:00+00:00,30,7,15,,,0,0,0,0,0,0,0,0,0,0,0,0,0,0,0,0,0,0,0,0,0,0,0,0,0
2008-07-29 15:30:00+00:00,30,7,15,96.09361267089844,106.72640228271484,0,0,0,0,0,0,0,0,0,1,1,1,1,1,1,1,1,0,0,0,0,0,0,0,0
2008-07-29 15:30:00+00:00,30,7,15,206.06317138671875,153.14385986328125,0,0,0,0,0,0,0,0,0,0,0,0,0,0,1,1,1,0,0,0,0,0,0,0,0
2008-07-29 15:30:00+00:00,30,7,15,103.58660888671875,99.335205078125,0,0,0,0,0,0,0,0,0,0,1,1,1,1,1,1,1,0,0,0,0,0,0,0,0
2008-07-29 15:30:00+00:00,30,7,15,189.50762939453125,114.60099029541016,0,0,0,0,0,0,0,0,0,0,0,0,0,1,1,1,1,0,0,0,0,0,0,0,0
2008-07-29 15:30:00+00:00,30,7,15,,,0,0,0,0,0,0,0,0,0,0,0,0,0,0,0,0,0,0,0,0,0,0,0,0,0
2008-07-29 15:30:00+00:00,30,7,15,231.01730346679688,290.37738037109375,0,0,0,0,0,0,0,0,0,0,0,0,0,0,1,1,1,0,0,0,0,0,0,0,0
2008-07-29 15:30:00+00:00,30,7,15,166.2375946044922,177.4216766357422,0,0,0,0,0,0,0,0,0,0,0,0,1,1,1,1,1,0,0,0,0,0,0,0,0
2008-07-29 15:30:00+00:00,30,7,15,68.98710632324219,54.41460418701172,0,0,0,0,0,0,0,0,1,1,1,1,1,1,1,1,1,0,0,0,0,0,0,0,1
2008-07-29 15:30:00+00:00,30,7,15,,45.57295227050781,0,0,0,0,0,0,0,0,0,0,0,0,0,0,0,0,0,0,0,0,0,0,0,1,1
2008-07-29 15:30:00+00:00,30,7,15,,,0,0,0,0,0,0,0,0,0,0,0,0,0,0,0,0,0,0,0,0,0,0,0,0,0
2008-07-29 15:45:00+00:00,30,7,15,,47.34199142456055,0,0,0,0,0,0,0,0,0,0,0,0,0,0,0,0,0,0,0,0,0,0,0,1,1
2008-07-29 15:45:00+00:00,30,7,15,150.86407470703125,131.08566284179688,0,0,0,0,0,0,0,0,0,0,0,0,1,1,1,1,1,0,0,0,0,0,0,0,0
2008-07-29 15:45:00+00:00,30,7,15,33.625606536865234,33.08279037475586,0,0,0,0,0,1,1,1,1,1,1,1,1,1,1,1,1,0,0,0,0,0,1,1,1
2008-07-29 15:45:00+00:00,30,7,15,330.7060852050781,339.61865234375,0,0,0,0,0,0,0,0,0,0,0,0,0,0,0,0,1,0,0,0,0,0,0,0,0
2008-07-29 15:45:00+00:00,30,7,15,383.8847351074219,389.93353271484375,0,0,0,0,0,0,0,0,0,0,0,0,0,0,0,0,0,0,0,0,0,0,0,0,0
2008-07-29 15:45:00+00:00,30,7,15,171.00927734375,173.56417846679688,0,0,0,0,0,0,0,0,0,0,0,0,1,1,1,1,1,0,0,0,0,0,0,0,0
2008-07-29 15:45:00+00:00,30,7,15,267.1758728027344,137.7106475830078,0,0,0,0,0,0,0,0,0,0,0,0,0,0,0,1,1,0,0,0,0,0,0,0,0
2008-07-29 15:45:00+00:00,30,7,15,111.98453521728516,68.21871185302734,0,0,0,0,0,0,0,0,0,0,1,1,1,1,1,1,1,0,0,0,0,0,0,0,0
2008-07-29 15:45:00+00:00,30,7,15,212.6829071044922,255.66363525390625,0,0,0,0,0,0,0,0,0,0,0,0,0,0,1,1,1,0,0,0,0,0,0,0,0
2008-07-29 15:45:00+00:00,30,7,15,,,0,0,0,0,0,0,0,0,0,0,0,0,0,0,0,0,0,0,0,0,0,0,0,0,0
2008-07-29 16:00:00+00:00,30,7,16,69.23409271240234,53.416709899902344,0,0,0,0,0,0,0,0,1,1,1,1,1,1,1,1,1,0,0,0,0,0,0,0,1
2008-07-29 16:00:00+00:00,30,7,16,133.46975708007812,177.52951049804688,0,0,0,0,0,0,0,0,0,0,0,1,1,1,1,1,1,0,0,0,0,0,0,0,0
2008-07-29 16:00:00+00:00,30,7,16,69.44588470458984,77.18560028076172,0,0,0,0,0,0,0,0,1,1,1,1,1,1,1,1,1,0,0,0,0,0,0,0,0
2008-07-29 16:00:00+00:00,30,7,16,,,0,0,0,0,0,0,0,0,0,0,0,0,0,0,0,0,0,0,0,0,0,0,0,0,0
2008-07-29 16:00:00+00:00,30,7,16,483.96942138671875,451.6308898925781,0,0,0,0,0,0,0,0,0,0,0,0,0,0,0,0,0,0,0,0,0,0,0,0,0
2008-07-29 16:00:00+00:00,30,7,16,,,0,0,0,0,0,0,0,0,0,0,0,0,0,0,0,0,0,0,0,0,0,0,0,0,0
2008-07-29 16:00:00+00:00,30,7,16,,,0,0,0,0,0,0,0,0,0,0,0,0,0,0,0,0,0,0,0,0,0,0,0,0,0
2008-07-29 16:00:00+00:00,30,7,16,,,0,0,0,0,0,0,0,0,0,0,0,0,0,0,0,0,0,0,0,0,0,0,0,0,0
2008-07-29 16:15:00+00:00,30,7,16,271.38409423828125,149.6024627685547,0,0,0,0,0,0,0,0,0,0,0,0,0,0,0,1,1,0,0,0,0,0,0,0,0
2008-07-29 16:15:00+00:00,30,7,16,126.80988311767578,115.72669982910156,0,0,0,0,0,0,0,0,0,0,0,1,1,1,1,1,1,0,0,0,0,0,0,0,0
2008-07-29 16:15:00+00:00,30,7,16,,,0,0,0,0,0,0,0,0,0,0,0,0,0,0,0,0,0,0,0,0,0,0,0,0,0
2008-07-29 16:15:00+00:00,30,7,16,414.08245849609375,267.1744384765625,0,0,0,0,0,0,0,0,0,0,0,0,0,0,0,0,0,0,0,0,0,0,0,0,0
2008-07-29 16:15:00+00:00,30,7,16,192.5966796875,44.91063690185547,0,0,0,0,0,0,0,0,0,0,0,0,0,1,1,1,1,0,0,0,0,0,0,1,1
2008-07-29 16:15:00+00:00,30,7,16,48.0466194152832,55.4201774597168,0,0,0,0,0,0,1,1,1,1,1,1,1,1,1,1,1,0,0,0,0,0,0,0,1
2008-07-29 16:15:00+00:00,30,7,16,,,0,0,0,0,0,0,0,0,0,0,0,0,0,0,0,0,0,0,0,0,0,0,0,0,0
2008-07-29 16:30:00+00:00,30,7,16,232.48475646972656,120.521728515625,0,0,0,0,0,0,0,0,0,0,0,0,0,0,1,1,1,0,0,0,0,0,0,0,0
2008-07-29 16:30:00+00:00,30,7,16,89.40569305419922,20.65695571899414,0,0,0,0,0,0,0,0,0,1,1,1,1,1,1,1,1,0,0,0,1,1,1,1,1
2008-07-29 16:30:00+00:00,30,7,16,86.06404876708984,67.84575653076172,0,0,0,0,0,0,0,0,0,1,1,1,1,1,1,1,1,0,0,0,0,0,0,0,0
2008-07-29 16:30:00+00:00,30,7,16,200.43807983398438,124.12284851074219,0,0,0,0,0,0,0,0,0,0,0,0,0,0,1,1,1,0,0,0,0,0,0,0,0
2008-07-29 16:30:00+00:00,30,7,16,137.37550354003906,134.91831970214844,0,0,0,0,0,0,0,0,0,0,0,1,1,1,1,1,1,0,0,0,0,0,0,0,0
2008-07-29 16:30:00+00:00,30,7,16,234.41502380371094,210.81320190429688,0,0,0,0,0,0,0,0,0,0,0,0,0,0,1,1,1,0,0,0,0,0,0,0,0
2008-07-29 16:30:00+00:00,30,7,16,83.54898071289062,96.24456787109375,0,0,0,0,0,0,0,0,0,1,1,1,1,1,1,1,1,0,0,0,0,0,0,0,0
2008-07-29 16:30:00+00:00,30,7,16,256.2436218261719,259.2489929199219,0,0,0,0,0,0,0,0,0,0,0,0,0,0,0,1,1,0,0,0,0,0,0,0,0
2008-07-29 16:30:00+00:00,30,7,16,93.21025085449219,76.64534759521484,0,0,0,0,0,0,0,0,0,1,1,1,1,1,1,1,1,0,0,0,0,0,0,0,0
2008-07-29 16:30:00+00:00,30,7,16,56.56073760986328,62.1999626159668,0,0,0,0,0,0,0,1,1,1,1,1,1,1,1,1,1,0,0,0,0,0,0,0,0
2008-07-29 16:30:00+00:00,30,7,16,75.37574768066406,91.22152709960938,0,0,0,0,0,0,0,0,1,1,1,1,1,1,1,1,1,0,0,0,0,0,0,0,0
2008-07-29 16:30:00+00:00,30,7,16,166.17250061035156,153.64195251464844,0,0,0,0,0,0,0,0,0,0,0,0,1,1,1,1,1,0,0,0,0,0,0,0,0
2008-07-29 16:45:00+00:00,30,7,16,252.29612731933594,240.2572021484375,0,0,0,0,0,0,0,0,0,0,0,0,0,0,0,1,1,0,0,0,0,0,0,0,0
2008-07-29 16:45:00+00:00,30,7,16,103.74524688720703,21.882726669311523,0,0,0,0,0,0,0,0,0,0,1,1,1,1,1,1,1,0,0,0,1,1,1,1,1
2008-07-29 16:45:00+00:00,30,7,16,182.66427612304688,174.6054229736328,0,0,0,0,0,0,0,0,0,0,0,0,0,1,1,1,1,0,0,0,0,0,0,0,0
2008-07-29 16:45:00+00:00,30,7,16,209.1002655029297,251.82847595214844,0,0,0,0,0,0,0,0,0,0,0,0,0,0,1,1,1,0,0,0,0,0,0,0,0
2008-07-29 16:45:00+00:00,30,7,16,332.86102294921875,254.18402099609375,0,0,0,0,0,0,0,0,0,0,0,0,0,0,0,0,1,0,0,0,0,0,0,0,0
2008-07-29 16:45:00+00:00,30,7,16,347.2434997558594,341.7224426269531,0,0,0,0,0,0,0,0,0,0,0,0,0,0,0,0,1,0,0,0,0,0,0,0,0
2008-07-29 16:45:00+00:00,30,7,16,65.58618927001953,54.53541564941406,0,0,0,0,0,0,0,0,1,1,1,1,1,1,1,1,1,0,0,0,0,0,0,0,1
2008-07-29 16:45:00+00:00,30,7,16,,,0,0,0,0,0,0,0,0,0,0,0,0,0,0,0,0,0,0,0,0,0,0,0,0,0
2008-07-29 16:45:00+00:00,30,7,16,92.23794555664062,31.779226303100586,0,0,0,0,0,0,0,0,0,1,1,1,1,1,1,1,1,0,0,0,0,0,1,1,1
2008-07-29 16:45:00+00:00,30,7,16,157.3334197998047,14.203259468078613,0,0,0,0,0,0,0,0,0,0,0,0,1,1,1,1,1,0,1,1,1,1,1,1,1
2008-07-29 16:45:00+00:00,30,7,16,145.24163818359375,134.2638397216797,0,0,0,0,0,0,0,0,0,0,0,1,1,1,1,1,1,0,0,0,0,0,0,0,0
2008-07-29 17:00:00+00:00,30,7,17,252.42965698242188,267.7931213378906,0,0,0,0,0,0,0,0,0,0,0,0,0,0,0,1,1,0,0,0,0,0,0,0,0
2008-07-29 17:00:00+00:00,30,7,17,44.38161849975586,36.27889633178711,0,0,0,0,0,0,1,1,1,1,1,1,1,1,1,1,1,0,0,0,0,0,1,1,1
2008-07-29 17:00:00+00:00,30,7,17,293.5078430175781,306.3677978515625,0,0,0,0,0,0,0,0,0,0,0,0,0,0,0,1,1,0,0,0,0,0,0,0,0
2008-07-29 17:00:00+00:00,30,7,17,96.56476593017578,99.58415222167969,0,0,0,0,0,0,0,0,0,1,1,1,1,1,1,1,1,0,0,0,0,0,0,0,0
2008-07-29 17:00:00+00:00,30,7,17,307.00994873046875,295.8141174316406,0,0,0,0,0,0,0,0,0,0,0,0,0,0,0,0,1,0,0,0,0,0,0,0,0
2008-07-29 17:00:00+00:00,30,7,17,,,0,0,0,0,0,0,0,0,0,0,0,0,0,0,0,0,0,0,0,0,0,0,0,0,0
2008-07-29 17:15:00+00:00,30,7,17,200.3051300048828,209.82177734375,0,0,0,0,0,0,0,0,0,0,0,0,0,0,1,1,1,0,0,0,0,0,0,0,0
2008-07-29 17:15:00+00:00,30,7,17,,513.246826171875,0,0,0,0,0,0,0,0,0,0,0,0,0,0,0,0,0,0,0,0,0,0,0,0,0
2008-07-29 17:15:00+00:00,30,7,17,132.0708465576172,148.224609375,0,0,0,0,0,0,0,0,0,0,0,1,1,1,1,1,1,0,0,0,0,0,0,0,0
2008-07-29 17:15:00+00:00,30,7,17,289.0775146484375,291.0406188964844,0,0,0,0,0,0,0,0,0,0,0,0,0,0,0,1,1,0,0,0,0,0,0,0,0
2008-07-29 17:15:00+00:00,30,7,17,110.60733795166016,77.17350006103516,0,0,0,0,0,0,0,0,0,0,1,1,1,1,1,1,1,0,0,0,0,0,0,0,0
2008-07-29 17:15:00+00:00,30,7,17,,,0,0,0,0,0,0,0,0,0,0,0,0,0,0,0,0,0,0,0,0,0,0,0,0,0
2008-07-29 17:15:00+00:00,30,7,17,53.33367156982422,41.75716781616211,0,0,0,0,0,0,0,1,1,1,1,1,1,1,1,1,1,0,0,0,0,0,0,1,1
2008-07-29 17:30:00+00:00,30,7,17,78.4708023071289,81.66399383544922,0,0,0,0,0,0,0,0,1,1,1,1,1,1,1,1,1,0,0,0,0,0,0,0,0
2008-07-29 17:30:00+00:00,30,7,17,83.05541229248047,59.52939987182617,0,0,0,0,0,0,0,0,0,1,1,1,1,1,1,1,1,0,0,0,0,0,0,0,1
2008-07-29 17:30:00+00:00,30,7,17,315.28070068359375,113.43212127685547,0,0,0,0,0,0,0,0,0,0,0,0,0,0,0,0,1,0,0,0,0,0,0,0,0
2008-07-29 17:30:00+00:00,30,7,17,324.6167907714844,336.22088623046875,0,0,0,0,0,0,0,0,0,0,0,0,0,0,0,0,1,0,0,0,0,0,0,0,0
2008-07-29 17:30:00+00:00,30,7,17,130.9029541015625,62.27035903930664,0,0,0,0,0,0,0,0,0,0,0,1,1,1,1,1,1,0,0,0,0,0,0,0,0
2008-07-29 17:45:00+00:00,30,7,17,,159.7701416015625,0,0,0,0,0,0,0,0,0,0,0,0,0,0,0,0,0,0,0,0,0,0,0,0,0
2008-07-29 17:45:00+00:00,30,7,17,260.1855773925781,168.23666381835938,0,0,0,0,0,0,0,0,0,0,0,0,0,0,0,1,1,0,0,0,0,0,0,0,0
2008-07-29 17:45:00+00:00,30,7,17,313.0521240234375,295.1620788574219,0,0,0,0,0,0,0,0,0,0,0,0,0,0,0,0,1,0,0,0,0,0,0,0,0
2008-07-29 17:45:00+00:00,30,7,17,109.60939025878906,113.41102600097656,0,0,0,0,0,0,0,0,0,0,1,1,1,1,1,1,1,0,0,0,0,0,0,0,0
2008-07-29 17:45:00+00:00,30,7,17,122.17991638183594,106.89179229736328,0,0,0,0,0,0,0,0,0,0,0,1,1,1,1,1,1,0,0,0,0,0,0,0,0
2008-07-29 17:45:00+00:00,30,7,17,330.76849365234375,251.30099487304688,0,0,0,0,0,0,0,0,0,0,0,0,0,0,0,0,1,0,0,0,0,0,0,0,0
2008-07-29 17:45:00+00:00,30,7,17,191.0921173095703,129.58541870117188,0,0,0,0,0,0,0,0,0,0,0,0,0,1,1,1,1,0,0,0,0,0,0,0,0
2008-07-29 17:45:00+00:00,30,7,17,36.778167724609375,3.2082645893096924,0,0,0,0,0,1,1,1,1,1,1,1,1,1,1,1,1,1,1,1,1,1,1,1,1
2008-07-30 10:00:00+00:00,30,7,10,378.24774169921875,355.36688232421875,0,0,0,0,0,0,0,0,0,0,0,0,0,0,0,0,0,0,0,0,0,0,0,0,0
2008-07-30 10:00:00+00:00,30,7,10,,,0,0,0,0,0,0,0,0,0,0,0,0,0,0,0,0,0,0,0,0,0,0,0,0,0
2008-07-30 10:00:00+00:00,30,7,10,,392.1904602050781,0,0,0,0,0,0,0,0,0,0,0,0,0,0,0,0,0,0,0,0,0,0,0,0,0
2008-07-30 10:00:00+00:00,30,7,10,,3.5242555141448975,0,0,0,0,0,0,0,0,0,0,0,0,0,0,0,0,0,1,1,1,1,1,1,1,1
2008-07-30 10:00:00+00:00,30,7,10,,265.8646545410156,0,0,0,0,0,0,0,0,0,0,0,0,0,0,0,0,0,0,0,0,0,0,0,0,0
2008-07-30 10:15:00+00:00,30,7,10,,,0,0,0,0,0,0,0,0,0,0,0,0,0,0,0,0,0,0,0,0,0,0,0,0,0
2008-07-30 10:15:00+00:00,30,7,10,,,0,0,0,0,0,0,0,0,0,0,0,0,0,0,0,0,0,0,0,0,0,0,0,0,0
2008-07-30 10:15:00+00:00,30,7,10,,,0,0,0,0,0,0,0,0,0,0,0,0,0,0,0,0,0,0,0,0,0,0,0,0,0
2008-07-30 10:15:00+00:00,30,7,10,,,0,0,0,0,0,0,0,0,0,0,0,0,0,0,0,0,0,0,0,0,0,0,0,0,0
2008-07-30 10:15:00+00:00,30,7,10,,,0,0,0,0,0,0,0,0,0,0,0,0,0,0,0,0,0,0,0,0,0,0,0,0,0
2008-07-30 10:15:00+00:00,30,7,10,,,0,0,0,0,0,0,0,0,0,0,0,0,0,0,0,0,0,0,0,0,0,0,0,0,0
2008-07-30 10:15:00+00:00,30,7,10,,,0,0,0,0,0,0,0,0,0,0,0,0,0,0,0,0,0,0,0,0,0,0,0,0,0
2008-07-30 10:15:00+00:00,30,7,10,,434.7366943359375,0,0,0,0,0,0,0,0,0,0,0,0,0,0,0,0,0,0,0,0,0,0,0,0,0
2008-07-30 10:30:00+00:00,30,7,10,,,0,0,0,0,0,0,0,0,0,0,0,0,0,0,0,0,0,0,0,0,0,0,0,0,0
2008-07-30 10:30:00+00:00,30,7,10,,,0,0,0,0,0,0,0,0,0,0,0,0,0,0,0,0,0,0,0,0,0,0,0,0,0
2008-07-30 10:30:00+00:00,30,7,10,,,0,0,0,0,0,0,0,0,0,0,0,0,0,0,0,0,0,0,0,0,0,0,0,0,0
2008-07-30 10:30:00+00:00,30,7,10,,,0,0,0,0,0,0,0,0,0,0,0,0,0,0,0,0,0,0,0,0,0,0,0,0,0
2008-07-30 10:30:00+00:00,30,7,10,,,0,0,0,0,0,0,0,0,0,0,0,0,0,0,0,0,0,0,0,0,0,0,0,0,0
2008-07-30 10:30:00+00:00,30,7,10,,,0,0,0,0,0,0,0,0,0,0,0,0,0,0,0,0,0,0,0,0,0,0,0,0,0
2008-07-30 10:30:00+00:00,30,7,10,,,0,0,0,0,0,0,0,0,0,0,0,0,0,0,0,0,0,0,0,0,0,0,0,0,0
2008-07-30 10:30:00+00:00,30,7,10,,,0,0,0,0,0,0,0,0,0,0,0,0,0,0,0,0,0,0,0,0,0,0,0,0,0
2008-07-30 10:30:00+00:00,30,7,10,,111.71179962158203,0,0,0,0,0,0,0,0,0,0,0,0,0,0,0,0,0,0,0,0,0,0,0,0,0
2008-07-30 10:30:00+00:00,30,7,10,,213.31973266601562,0,0,0,0,0,0,0,0,0,0,0,0,0,0,0,0,0,0,0,0,0,0,0,0,0
2008-07-30 10:30:00+00:00,30,7,10,,184.73106384277344,0,0,0,0,0,0,0,0,0,0,0,0,0,0,0,0,0,0,0,0,0,0,0,0,0
2008-07-30 10:30:00+00:00,30,7,10,,,0,0,0,0,0,0,0,0,0,0,0,0,0,0,0,0,0,0,0,0,0,0,0,0,0
2008-07-30 10:30:00+00:00,30,7,10,,213.42552185058594,0,0,0,0,0,0,0,0,0,0,0,0,0,0,0,0,0,0,0,0,0,0,0,0,0
2008-07-30 10:30:00+00:00,30,7,10,,185.56199645996094,0,0,0,0,0,0,0,0,0,0,0,0,0,0,0,0,0,0,0,0,0,0,0,0,0
2008-07-30 10:30:00+00:00,30,7,10,,213.47393798828125,0,0,0,0,0,0,0,0,0,0,0,0,0,0,0,0,0,0,0,0,0,0,0,0,0
2008-07-30 10:30:00+00:00,30,7,10,,,0,0,0,0,0,0,0,0,0,0,0,0,0,0,0,0,0,0,0,0,0,0,0,0,0
2008-07-30 10:45:00+00:00,30,7,10,,,0,0,0,0,0,0,0,0,0,0,0,0,0,0,0,0,0,0,0,0,0,0,0,0,0
2008-07-30 10:45:00+00:00,30,7,10,,,0,0,0,0,0,0,0,0,0,0,0,0,0,0,0,0,0,0,0,0,0,0,0,0,0
2008-07-30 10:45:00+00:00,30,7,10,,,0,0,0,0,0,0,0,0,0,0,0,0,0,0,0,0,0,0,0,0,0,0,0,0,0
2008-07-30 10:45:00+00:00,30,7,10,,,0,0,0,0,0,0,0,0,0,0,0,0,0,0,0,0,0,0,0,0,0,0,0,0,0
2008-07-30 10:45:00+00:00,30,7,10,,,0,0,0,0,0,0,0,0,0,0,0,0,0,0,0,0,0,0,0,0,0,0,0,0,0
2008-07-30 10:45:00+00:00,30,7,10,,,0,0,0,0,0,0,0,0,0,0,0,0,0,0,0,0,0,0,0,0,0,0,0,0,0
2008-07-30 10:45:00+00:00,30,7,10,,,0,0,0,0,0,0,0,0,0,0,0,0,0,0,0,0,0,0,0,0,0,0,0,0,0
2008-07-30 10:45:00+00:00,30,7,10,279.5640869140625,231.86114501953125,0,0,0,0,0,0,0,0,0,0,0,0,0,0,0,1,1,0,0,0,0,0,0,0,0
2008-07-30 10:45:00+00:00,30,7,10,,,0,0,0,0,0,0,0,0,0,0,0,0,0,0,0,0,0,0,0,0,0,0,0,0,0
2008-07-30 10:45:00+00:00,30,7,10,,,0,0,0,0,0,0,0,0,0,0,0,0,0,0,0,0,0,0,0,0,0,0,0,0,0
2008-07-30 10:45:00+00:00,30,7,10,,,0,0,0,0,0,0,0,0,0,0,0,0,0,0,0,0,0,0,0,0,0,0,0,0,0
2008-07-30 10:45:00+00:00,30,7,10,,,0,0,0,0,0,0,0,0,0,0,0,0,0,0,0,0,0,0,0,0,0,0,0,0,0
2008-07-30 10:45:00+00:00,30,7,10,,,0,0,0,0,0,0,0,0,0,0,0,0,0,0,0,0,0,0,0,0,0,0,0,0,0
2008-07-30 10:45:00+00:00,30,7,10,90.8856201171875,71.38333129882812,0,0,0,0,0,0,0,0,0,1,1,1,1,1,1,1,1,0,0,0,0,0,0,0,0
2008-07-30 10:45:00+00:00,30,7,10,,,0,0,0,0,0,0,0,0,0,0,0,0,0,0,0,0,0,0,0,0,0,0,0,0,0
2008-07-30 10:45:00+00:00,30,7,10,444.9559020996094,442.44049072265625,0,0,0,0,0,0,0,0,0,0,0,0,0,0,0,0,0,0,0,0,0,0,0,0,0
2008-07-30 11:00:00+00:00,30,7,11,,,0,0,0,0,0,0,0,0,0,0,0,0,0,0,0,0,0,0,0,0,0,0,0,0,0
2008-07-30 11:00:00+00:00,30,7,11,,,0,0,0,0,0,0,0,0,0,0,0,0,0,0,0,0,0,0,0,0,0,0,0,0,0
2008-07-30 11:00:00+00:00,30,7,11,,,0,0,0,0,0,0,0,0,0,0,0,0,0,0,0,0,0,0,0,0,0,0,0,0,0
2008-07-30 11:00:00+00:00,30,7,11,,,0,0,0,0,0,0,0,0,0,0,0,0,0,0,0,0,0,0,0,0,0,0,0,0,0
2008-07-30 11:00:00+00:00,30,7,11,,,0,0,0,0,0,0,0,0,0,0,0,0,0,0,0,0,0,0,0,0,0,0,0,0,0
2008-07-30 11:00:00+00:00,30,7,11,,393.4595947265625,0,0,0,0,0,0,0,0,0,0,0,0,0,0,0,0,0,0,0,0,0,0,0,0,0
2008-07-30 11:00:00+00:00,30,7,11,,,0,0,0,0,0,0,0,0,0,0,0,0,0,0,0,0,0,0,0,0,0,0,0,0,0
2008-07-30 11:00:00+00:00,30,7,11,,,0,0,0,0,0,0,0,0,0,0,0,0,0,0,0,0,0,0,0,0,0,0,0,0,0
2008-07-30 11:00:00+00:00,30,7,11,75.12897491455078,64.96056365966797,0,0,0,0,0,0,0,0,1,1,1,1,1,1,1,1,1,0,0,0,0,0,0,0,0
2008-07-30 11:00:00+00:00,30,7,11,,,0,0,0,0,0,0,0,0,0,0,0,0,0,0,0,0,0,0,0,0,0,0,0,0,0
2008-07-30 11:00:00+00:00,30,7,11,373.94354248046875,339.3276062011719,0,0,0,0,0,0,0,0,0,0,0,0,0,0,0,0,0,0,0,0,0,0,0,0,0
2008-07-30 11:00:00+00:00,30,7,11,,,0,0,0,0,0,0,0,0,0,0,0,0,0,0,0,0,0,0,0,0,0,0,0,0,0
2008-07-30 11:00:00+00:00,30,7,11,354.85675048828125,315.3794250488281,0,0,0,0,0,0,0,0,0,0,0,0,0,0,0,0,0,0,0,0,0,0,0,0,0
2008-07-30 11:00:00+00:00,30,7,11,,,0,0,0,0,0,0,0,0,0,0,0,0,0,0,0,0,0,0,0,0,0,0,0,0,0
2008-07-30 11:00:00+00:00,30,7,11,44.71647644042969,73.91106414794922,0,0,0,0,0,0,1,1,1,1,1,1,1,1,1,1,1,0,0,0,0,0,0,0,0
2008-07-30 11:00:00+00:00,30,7,11,,,0,0,0,0,0,0,0,0,0,0,0,0,0,0,0,0,0,0,0,0,0,0,0,0,0
2008-07-30 11:15:00+00:00,30,7,11,,,0,0,0,0,0,0,0,0,0,0,0,0,0,0,0,0,0,0,0,0,0,0,0,0,0
2008-07-30 11:15:00+00:00,30,7,11,,,0,0,0,0,0,0,0,0,0,0,0,0,0,0,0,0,0,0,0,0,0,0,0,0,0
2008-07-30 11:15:00+00:00,30,7,11,,,0,0,0,0,0,0,0,0,0,0,0,0,0,0,0,0,0,0,0,0,0,0,0,0,0
2008-07-30 11:15:00+00:00,30,7,11,,,0,0,0,0,0,0,0,0,0,0,0,0,0,0,0,0,0,0,0,0,0,0,0,0,0
2008-07-30 11:15:00+00:00,30,7,11,,434.1448059082031,0,0,0,0,0,0,0,0,0,0,0,0,0,0,0,0,0,0,0,0,0,0,0,0,0
2008-07-30 11:15:00+00:00,30,7,11,,289.5558776855469,0,0,0,0,0,0,0,0,0,0,0,0,0,0,0,0,0,0,0,0,0,0,0,0,0
2008-07-30 11:15:00+00:00,30,7,11,,,0,0,0,0,0,0,0,0,0,0,0,0,0,0,0,0,0,0,0,0,0,0,0,0,0
2008-07-30 11:15:00+00:00,30,7,11,,255.81199645996094,0,0,0,0,0,0,0,0,0,0,0,0,0,0,0,0,0,0,0,0,0,0,0,0,0
2008-07-30 11:15:00+00:00,30,7,11,,,0,0,0,0,0,0,0,0,0,0,0,0,0,0,0,0,0,0,0,0,0,0,0,0,0
2008-07-30 11:15:00+00:00,30,7,11,,,0,0,0,0,0,0,0,0,0,0,0,0,0,0,0,0,0,0,0,0,0,0,0,0,0
2008-07-30 11:15:00+00:00,30,7,11,,,0,0,0,0,0,0,0,0,0,0,0,0,0,0,0,0,0,0,0,0,0,0,0,0,0
2008-07-30 11:15:00+00:00,30,7,11,,279.7752685546875,0,0,0,0,0,0,0,0,0,0,0,0,0,0,0,0,0,0,0,0,0,0,0,0,0
2008-07-30 11:15:00+00:00,30,7,11,,,0,0,0,0,0,0,0,0,0,0,0,0,0,0,0,0,0,0,0,0,0,0,0,0,0
2008-07-30 11:15:00+00:00,30,7,11,145.6739501953125,166.38632202148438,0,0,0,0,0,0,0,0,0,0,0,1,1,1,1,1,1,0,0,0,0,0,0,0,0
2008-07-30 11:15:00+00:00,30,7,11,,,0,0,0,0,0,0,0,0,0,0,0,0,0,0,0,0,0,0,0,0,0,0,0,0,0
2008-07-30 11:30:00+00:00,30,7,11,,,0,0,0,0,0,0,0,0,0,0,0,0,0,0,0,0,0,0,0,0,0,0,0,0,0
2008-07-30 11:30:00+00:00,30,7,11,,,0,0,0,0,0,0,0,0,0,0,0,0,0,0,0,0,0,0,0,0,0,0,0,0,0
2008-07-30 11:30:00+00:00,30,7,11,,,0,0,0,0,0,0,0,0,0,0,0,0,0,0,0,0,0,0,0,0,0,0,0,0,0
2008-07-30 11:30:00+00:00,30,7,11,,,0,0,0,0,0,0,0,0,0,0,0,0,0,0,0,0,0,0,0,0,0,0,0,0,0
2008-07-30 11:30:00+00:00,30,7,11,,,0,0,0,0,0,0,0,0,0,0,0,0,0,0,0,0,0,0,0,0,0,0,0,0,0
2008-07-30 11:30:00+00:00,30,7,11,,,0,0,0,0,0,0,0,0,0,0,0,0,0,0,0,0,0,0,0,0,0,0,0,0,0
2008-07-30 11:30:00+00:00,30,7,11,355.4382629394531,309.9859619140625,0,0,0,0,0,0,0,0,0,0,0,0,0,0,0,0,0,0,0,0,0,0,0,0,0
2008-07-30 11:30:00+00:00,30,7,11,,,0,0,0,0,0,0,0,0,0,0,0,0,0,0,0,0,0,0,0,0,0,0,0,0,0
2008-07-30 11:30:00+00:00,30,7,11,304.1773681640625,385.43072509765625,0,0,0,0,0,0,0,0,0,0,0,0,0,0,0,0,1,0,0,0,0,0,0,0,0
2008-07-30 11:30:00+00:00,30,7,11,,,0,0,0,0,0,0,0,0,0,0,0,0,0,0,0,0,0,0,0,0,0,0,0,0,0
2008-07-30 11:30:00+00:00,30,7,11,268.60723876953125,298.762939453125,0,0,0,0,0,0,0,0,0,0,0,0,0,0,0,1,1,0,0,0,0,0,0,0,0
2008-07-30 11:30:00+00:00,30,7,11,135.18548583984375,108.4573745727539,0,0,0,0,0,0,0,0,0,0,0,1,1,1,1,1,1,0,0,0,0,0,0,0,0
2008-07-30 11:30:00+00:00,30,7,11,229.74258422851562,347.6916198730469,0,0,0,0,0,0,0,0,0,0,0,0,0,0,1,1,1,0,0,0,0,0,0,0,0
2008-07-30 11:30:00+00:00,30,7,11,364.3187255859375,,0,0,0,0,0,0,0,0,0,0,0,0,0,0,0,0,0,0,0,0,0,0,0,0,0
2008-07-30 11:30:00+00:00,30,7,11,,,0,0,0,0,0,0,0,0,0,0,0,0,0,0,0,0,0,0,0,0,0,0,0,0,0
2008-07-30 11:30:00+00:00,30,7,11,,,0,0,0,0,0,0,0,0,0,0,0,0,0,0,0,0,0,0,0,0,0,0,0,0,0
2008-07-30 11:30:00+00:00,30,7,11,381.4101257324219,342.8682861328125,0,0,0,0,0,0,0,0,0,0,0,0,0,0,0,0,0,0,0,0,0,0,0,0,0
2008-07-30 11:30:00+00:00,30,7,11,143.53689575195312,125.6385498046875,0,0,0,0,0,0,0,0,0,0,0,1,1,1,1,1,1,0,0,0,0,0,0,0,0
2008-07-30 11:30:00+00:00,30,7,11,,,0,0,0,0,0,0,0,0,0,0,0,0,0,0,0,0,0,0,0,0,0,0,0,0,0
2008-07-30 11:30:00+00:00,30,7,11,,,0,0,0,0,0,0,0,0,0,0,0,0,0,0,0,0,0,0,0,0,0,0,0,0,0
2008-07-30 11:30:00+00:00,30,7,11,,,0,0,0,0,0,0,0,0,0,0,0,0,0,0,0,0,0,0,0,0,0,0,0,0,0
2008-07-30 11:45:00+00:00,30,7,11,,359.3952331542969,0,0,0,0,0,0,0,0,0,0,0,0,0,0,0,0,0,0,0,0,0,0,0,0,0
2008-07-30 11:45:00+00:00,30,7,11,168.16873168945312,257.87176513671875,0,0,0,0,0,0,0,0,0,0,0,0,1,1,1,1,1,0,0,0,0,0,0,0,0
2008-07-30 11:45:00+00:00,30,7,11,,497.61798095703125,0,0,0,0,0,0,0,0,0,0,0,0,0,0,0,0,0,0,0,0,0,0,0,0,0
2008-07-30 11:45:00+00:00,30,7,11,,,0,0,0,0,0,0,0,0,0,0,0,0,0,0,0,0,0,0,0,0,0,0,0,0,0
2008-07-30 11:45:00+00:00,30,7,11,,,0,0,0,0,0,0,0,0,0,0,0,0,0,0,0,0,0,0,0,0,0,0,0,0,0
2008-07-30 11:45:00+00:00,30,7,11,589.225341796875,552.2815551757812,0,0,0,0,0,0,0,0,0,0,0,0,0,0,0,0,0,0,0,0,0,0,0,0,0
2008-07-30 11:45:00+00:00,30,7,11,107.51713562011719,64.35862731933594,0,0,0,0,0,0,0,0,0,0,1,1,1,1,1,1,1,0,0,0,0,0,0,0,0
2008-07-30 11:45:00+00:00,30,7,11,52.88585662841797,3.0136051177978516,0,0,0,0,0,0,0,1,1,1,1,1,1,1,1,1,1,1,1,1,1,1,1,1,1
2008-07-30 11:45:00+00:00,30,7,11,47.103328704833984,37.85595703125,0,0,0,0,0,0,1,1,1,1,1,1,1,1,1,1,1,0,0,0,0,0,1,1,1
2008-07-30 11:45:00+00:00,30,7,11,,135.5061492919922,0,0,0,0,0,0,0,0,0,0,0,0,0,0,0,0,0,0,0,0,0,0,0,0,0
2008-07-30 11:45:00+00:00,30,7,11,,445.90667724609375,0,0,0,0,0,0,0,0,0,0,0,0,0,0,0,0,0,0,0,0,0,0,0,0,0
2008-07-30 12:00:00+00:00,30,7,12,236.9790496826172,261.5952453613281,0,0,0,0,0,0,0,0,0,0,0,0,0,0,1,1,1,0,0,0,0,0,0,0,0
2008-07-30 12:00:00+00:00,30,7,12,448.1761169433594,296.6501770019531,0,0,0,0,0,0,0,0,0,0,0,0,0,0,0,0,0,0,0,0,0,0,0,0,0
2008-07-30 12:00:00+00:00,30,7,12,,,0,0,0,0,0,0,0,0,0,0,0,0,0,0,0,0,0,0,0,0,0,0,0,0,0
2008-07-30 12:00:00+00:00,30,7,12,,,0,0,0,0,0,0,0,0,0,0,0,0,0,0,0,0,0,0,0,0,0,0,0,0,0
2008-07-30 12:00:00+00:00,30,7,12,,424.2646484375,0,0,0,0,0,0,0,0,0,0,0,0,0,0,0,0,0,0,0,0,0,0,0,0,0
2008-07-30 12:00:00+00:00,30,7,12,122.61807250976562,141.53933715820312,0,0,0,0,0,0,0,0,0,0,0,1,1,1,1,1,1,0,0,0,0,0,0,0,0
2008-07-30 12:00:00+00:00,30,7,12,,,0,0,0,0,0,0,0,0,0,0,0,0,0,0,0,0,0,0,0,0,0,0,0,0,0
2008-07-30 12:00:00+00:00,30,7,12,,,0,0,0,0,0,0,0,0,0,0,0,0,0,0,0,0,0,0,0,0,0,0,0,0,0
2008-07-30 12:00:00+00:00,30,7,12,78.65029907226562,8.84990119934082,0,0,0,0,0,0,0,0,1,1,1,1,1,1,1,1,1,1,1,1,1,1,1,1,1
2008-07-30 12:00:00+00:00,30,7,12,169.3218536376953,116.75717163085938,0,0,0,0,0,0,0,0,0,0,0,0,1,1,1,1,1,0,0,0,0,0,0,0,0
2008-07-30 12:00:00+00:00,30,7,12,,,0,0,0,0,0,0,0,0,0,0,0,0,0,0,0,0,0,0,0,0,0,0,0,0,0
2008-07-30 12:00:00+00:00,30,7,12,,391.14715576171875,0,0,0,0,0,0,0,0,0,0,0,0,0,0,0,0,0,0,0,0,0,0,0,0,0
2008-07-30 12:15:00+00:00,30,7,12,,,0,0,0,0,0,0,0,0,0,0,0,0,0,0,0,0,0,0,0,0,0,0,0,0,0
2008-07-30 12:15:00+00:00,30,7,12,,,0,0,0,0,0,0,0,0,0,0,0,0,0,0,0,0,0,0,0,0,0,0,0,0,0
2008-07-30 12:15:00+00:00,30,7,12,,,0,0,0,0,0,0,0,0,0,0,0,0,0,0,0,0,0,0,0,0,0,0,0,0,0
2008-07-30 12:15:00+00:00,30,7,12,,,0,0,0,0,0,0,0,0,0,0,0,0,0,0,0,0,0,0,0,0,0,0,0,0,0
2008-07-30 12:15:00+00:00,30,7,12,,,0,0,0,0,0,0,0,0,0,0,0,0,0,0,0,0,0,0,0,0,0,0,0,0,0
2008-07-30 12:15:00+00:00,30,7,12,,,0,0,0,0,0,0,0,0,0,0,0,0,0,0,0,0,0,0,0,0,0,0,0,0,0
2008-07-30 12:15:00+00:00,30,7,12,,,0,0,0,0,0,0,0,0,0,0,0,0,0,0,0,0,0,0,0,0,0,0,0,0,0
2008-07-30 12:15:00+00:00,30,7,12,,,0,0,0,0,0,0,0,0,0,0,0,0,0,0,0,0,0,0,0,0,0,0,0,0,0
2008-07-30 12:15:00+00:00,30,7,12,,,0,0,0,0,0,0,0,0,0,0,0,0,0,0,0,0,0,0,0,0,0,0,0,0,0
2008-07-30 12:15:00+00:00,30,7,12,182.1166534423828,109.3573226928711,0,0,0,0,0,0,0,0,0,0,0,0,0,1,1,1,1,0,0,0,0,0,0,0,0
2008-07-30 12:15:00+00:00,30,7,12,317.621826171875,337.1821594238281,0,0,0,0,0,0,0,0,0,0,0,0,0,0,0,0,1,0,0,0,0,0,0,0,0
2008-07-30 12:15:00+00:00,30,7,12,3.48779559135437,0.0,1,1,1,1,1,1,1,1,1,1,1,1,1,1,1,1,1,1,1,1,1,1,1,1,1
2008-07-30 12:15:00+00:00,30,7,12,,,0,0,0,0,0,0,0,0,0,0,0,0,0,0,0,0,0,0,0,0,0,0,0,0,0
2008-07-30 12:30:00+00:00,30,7,12,,246.67152404785156,0,0,0,0,0,0,0,0,0,0,0,0,0,0,0,0,0,0,0,0,0,0,0,0,0
2008-07-30 12:30:00+00:00,30,7,12,,,0,0,0,0,0,0,0,0,0,0,0,0,0,0,0,0,0,0,0,0,0,0,0,0,0
2008-07-30 12:30:00+00:00,30,7,12,,,0,0,0,0,0,0,0,0,0,0,0,0,0,0,0,0,0,0,0,0,0,0,0,0,0
2008-07-30 12:30:00+00:00,30,7,12,,,0,0,0,0,0,0,0,0,0,0,0,0,0,0,0,0,0,0,0,0,0,0,0,0,0
2008-07-30 12:30:00+00:00,30,7,12,,,0,0,0,0,0,0,0,0,0,0,0,0,0,0,0,0,0,0,0,0,0,0,0,0,0
2008-07-30 12:30:00+00:00,30,7,12,287.8936462402344,,0,0,0,0,0,0,0,0,0,0,0,0,0,0,0,1,1,0,0,0,0,0,0,0,0
2008-07-30 12:30:00+00:00,30,7,12,,,0,0,0,0,0,0,0,0,0,0,0,0,0,0,0,0,0,0,0,0,0,0,0,0,0
2008-07-30 12:30:00+00:00,30,7,12,,0.0,0,0,0,0,0,0,0,0,0,0,0,0,0,0,0,0,0,1,1,1,1,1,1,1,1
2008-07-30 12:30:00+00:00,30,7,12,482.32470703125,462.61810302734375,0,0,0,0,0,0,0,0,0,0,0,0,0,0,0,0,0,0,0,0,0,0,0,0,0
2008-07-30 12:30:00+00:00,30,7,12,44.78841781616211,40.76192855834961,0,0,0,0,0,0,1,1,1,1,1,1,1,1,1,1,1,0,0,0,0,0,0,1,1
2008-07-30 12:30:00+00:00,30,7,12,72.39412689208984,17.574604034423828,0,0,0,0,0,0,0,0,1,1,1,1,1,1,1,1,1,0,0,1,1,1,1,1,1
2008-07-30 12:30:00+00:00,30,7,12,357.8409423828125,333.73883056640625,0,0,0,0,0,0,0,0,0,0,0,0,0,0,0,0,0,0,0,0,0,0,0,0,0
2008-07-30 12:30:00+00:00,30,7,12,83.99105072021484,121.4757080078125,0,0,0,0,0,0,0,0,0,1,1,1,1,1,1,1,1,0,0,0,0,0,0,0,0
2008-07-30 12:30:00+00:00,30,7,12,375.42803955078125,337.4635009765625,0,0,0,0,0,0,0,0,0,0,0,0,0,0,0,0,0,0,0,0,0,0,0,0,0
2008-07-30 12:45:00+00:00,30,7,12,,,0,0,0,0,0,0,0,0,0,0,0,0,0,0,0,0,0,0,0,0,0,0,0,0,0
2008-07-30 12:45:00+00:00,30,7,12,,279.9372863769531,0,0,0,0,0,0,0,0,0,0,0,0,0,0,0,0,0,0,0,0,0,0,0,0,0
2008-07-30 12:45:00+00:00,30,7,12,,,0,0,0,0,0,0,0,0,0,0,0,0,0,0,0,0,0,0,0,0,0,0,0,0,0
2008-07-30 12:45:00+00:00,30,7,12,,,0,0,0,0,0,0,0,0,0,0,0,0,0,0,0,0,0,0,0,0,0,0,0,0,0
2008-07-30 12:45:00+00:00,30,7,12,,,0,0,0,0,0,0,0,0,0,0,0,0,0,0,0,0,0,0,0,0,0,0,0,0,0
2008-07-30 12:45:00+00:00,30,7,12,272.2152099609375,319.93292236328125,0,0,0,0,0,0,0,0,0,0,0,0,0,0,0,1,1,0,0,0,0,0,0,0,0
2008-07-30 12:45:00+00:00,30,7,12,252.8892364501953,291.0938720703125,0,0,0,0,0,0,0,0,0,0,0,0,0,0,0,1,1,0,0,0,0,0,0,0,0
2008-07-30 12:45:00+00:00,30,7,12,374.3499450683594,118.10755920410156,0,0,0,0,0,0,0,0,0,0,0,0,0,0,0,0,0,0,0,0,0,0,0,0,0
2008-07-30 12:45:00+00:00,30,7,12,,,0,0,0,0,0,0,0,0,0,0,0,0,0,0,0,0,0,0,0,0,0,0,0,0,0
2008-07-30 12:45:00+00:00,30,7,12,,102.11654663085938,0,0,0,0,0,0,0,0,0,0,0,0,0,0,0,0,0,0,0,0,0,0,0,0,0
2008-07-30 12:45:00+00:00,30,7,12,,65.15872955322266,0,0,0,0,0,0,0,0,0,0,0,0,0,0,0,0,0,0,0,0,0,0,0,0,0
2008-07-30 12:45:00+00:00,30,7,12,,572.8714599609375,0,0,0,0,0,0,0,0,0,0,0,0,0,0,0,0,0,0,0,0,0,0,0,0,0
2008-07-30 12:45:00+00:00,30,7,12,69.56271362304688,38.599266052246094,0,0,0,0,0,0,0,0,1,1,1,1,1,1,1,1,1,0,0,0,0,0,1,1,1
2008-07-30 12:45:00+00:00,30,7,12,,75.99357604980469,0,0,0,0,0,0,0,0,0,0,0,0,0,0,0,0,0,0,0,0,0,0,0,0,0
2008-07-30 13:00:00+00:00,30,7,13,,,0,0,0,0,0,0,0,0,0,0,0,0,0,0,0,0,0,0,0,0,0,0,0,0,0
2008-07-30 13:00:00+00:00,30,7,13,,,0,0,0,0,0,0,0,0,0,0,0,0,0,0,0,0,0,0,0,0,0,0,0,0,0
2008-07-30 13:00:00+00:00,30,7,13,317.4196472167969,,0,0,0,0,0,0,0,0,0,0,0,0,0,0,0,0,1,0,0,0,0,0,0,0,0
2008-07-30 13:00:00+00:00,30,7,13,,,0,0,0,0,0,0,0,0,0,0,0,0,0,0,0,0,0,0,0,0,0,0,0,0,0
2008-07-30 13:00:00+00:00,30,7,13,,,0,0,0,0,0,0,0,0,0,0,0,0,0,0,0,0,0,0,0,0,0,0,0,0,0
2008-07-30 13:00:00+00:00,30,7,13,,,0,0,0,0,0,0,0,0,0,0,0,0,0,0,0,0,0,0,0,0,0,0,0,0,0
2008-07-30 13:00:00+00:00,30,7,13,,,0,0,0,0,0,0,0,0,0,0,0,0,0,0,0,0,0,0,0,0,0,0,0,0,0
2008-07-30 13:00:00+00:00,30,7,13,,,0,0,0,0,0,0,0,0,0,0,0,0,0,0,0,0,0,0,0,0,0,0,0,0,0
2008-07-30 13:00:00+00:00,30,7,13,,,0,0,0,0,0,0,0,0,0,0,0,0,0,0,0,0,0,0,0,0,0,0,0,0,0
2008-07-30 13:00:00+00:00,30,7,13,,,0,0,0,0,0,0,0,0,0,0,0,0,0,0,0,0,0,0,0,0,0,0,0,0,0
2008-07-30 13:00:00+00:00,30,7,13,,314.4117431640625,0,0,0,0,0,0,0,0,0,0,0,0,0,0,0,0,0,0,0,0,0,0,0,0,0
2008-07-30 13:00:00+00:00,30,7,13,362.09405517578125,117.62773895263672,0,0,0,0,0,0,0,0,0,0,0,0,0,0,0,0,0,0,0,0,0,0,0,0,0
2008-07-30 13:00:00+00:00,30,7,13,365.3291931152344,276.84149169921875,0,0,0,0,0,0,0,0,0,0,0,0,0,0,0,0,0,0,0,0,0,0,0,0,0
2008-07-30 13:00:00+00:00,30,7,13,193.1773681640625,193.63577270507812,0,0,0,0,0,0,0,0,0,0,0,0,0,1,1,1,1,0,0,0,0,0,0,0,0
2008-07-30 13:00:00+00:00,30,7,13,136.2979736328125,132.93873596191406,0,0,0,0,0,0,0,0,0,0,0,1,1,1,1,1,1,0,0,0,0,0,0,0,0
2008-07-30 13:00:00+00:00,30,7,13,56.31598663330078,39.42401123046875,0,0,0,0,0,0,0,1,1,1,1,1,1,1,1,1,1,0,0,0,0,0,1,1,1
2008-07-30 13:00:00+00:00,30,7,13,,304.1678466796875,0,0,0,0,0,0,0,0,0,0,0,0,0,0,0,0,0,0,0,0,0,0,0,0,0
2008-07-30 13:00:00+00:00,30,7,13,,277.329345703125,0,0,0,0,0,0,0,0,0,0,0,0,0,0,0,0,0,0,0,0,0,0,0,0,0
2008-07-30 13:00:00+00:00,30,7,13,177.5684356689453,366.3877258300781,0,0,0,0,0,0,0,0,0,0,0,0,1,1,1,1,1,0,0,0,0,0,0,0,0
2008-07-30 13:15:00+00:00,30,7,13,,,0,0,0,0,0,0,0,0,0,0,0,0,0,0,0,0,0,0,0,0,0,0,0,0,0
2008-07-30 13:15:00+00:00,30,7,13,,,0,0,0,0,0,0,0,0,0,0,0,0,0,0,0,0,0,0,0,0,0,0,0,0,0
2008-07-30 13:15:00+00:00,30,7,13,,,0,0,0,0,0,0,0,0,0,0,0,0,0,0,0,0,0,0,0,0,0,0,0,0,0
2008-07-30 13:15:00+00:00,30,7,13,,,0,0,0,0,0,0,0,0,0,0,0,0,0,0,0,0,0,0,0,0,0,0,0,0,0
2008-07-30 13:15:00+00:00,30,7,13,,,0,0,0,0,0,0,0,0,0,0,0,0,0,0,0,0,0,0,0,0,0,0,0,0,0
2008-07-30 13:15:00+00:00,30,7,13,72.03559112548828,67.07907104492188,0,0,0,0,0,0,0,0,1,1,1,1,1,1,1,1,1,0,0,0,0,0,0,0,0
2008-07-30 13:15:00+00:00,30,7,13,205.81167602539062,27.61871337890625,0,0,0,0,0,0,0,0,0,0,0,0,0,0,1,1,1,0,0,0,0,1,1,1,1
2008-07-30 13:15:00+00:00,30,7,13,,131.018310546875,0,0,0,0,0,0,0,0,0,0,0,0,0,0,0,0,0,0,0,0,0,0,0,0,0
2008-07-30 13:15:00+00:00,30,7,13,235.08621215820312,10.858817100524902,0,0,0,0,0,0,0,0,0,0,0,0,0,0,1,1,1,0,1,1,1,1,1,1,1
2008-07-30 13:15:00+00:00,30,7,13,258.3890075683594,238.46453857421875,0,0,0,0,0,0,0,0,0,0,0,0,0,0,0,1,1,0,0,0,0,0,0,0,0
2008-07-30 13:15:00+00:00,30,7,13,45.15848922729492,45.44803237915039,0,0,0,0,0,0,1,1,1,1,1,1,1,1,1,1,1,0,0,0,0,0,0,1,1
2008-07-30 13:15:00+00:00,30,7,13,222.44081115722656,84.13874053955078,0,0,0,0,0,0,0,0,0,0,0,0,0,0,1,1,1,0,0,0,0,0,0,0,0
2008-07-30 13:15:00+00:00,30,7,13,409.7895812988281,372.2267761230469,0,0,0,0,0,0,0,0,0,0,0,0,0,0,0,0,0,0,0,0,0,0,0,0,0
2008-07-30 13:15:00+00:00,30,7,13,365.5502014160156,381.0432434082031,0,0,0,0,0,0,0,0,0,0,0,0,0,0,0,0,0,0,0,0,0,0,0,0,0
2008-07-30 13:15:00+00:00,30,7,13,470.3002624511719,,0,0,0,0,0,0,0,0,0,0,0,0,0,0,0,0,0,0,0,0,0,0,0,0,0
2008-07-30 13:30:00+00:00,30,7,13,,,0,0,0,0,0,0,0,0,0,0,0,0,0,0,0,0,0,0,0,0,0,0,0,0,0
2008-07-30 13:30:00+00:00,30,7,13,,,0,0,0,0,0,0,0,0,0,0,0,0,0,0,0,0,0,0,0,0,0,0,0,0,0
2008-07-30 13:30:00+00:00,30,7,13,,363.0351257324219,0,0,0,0,0,0,0,0,0,0,0,0,0,0,0,0,0,0,0,0,0,0,0,0,0
2008-07-30 13:30:00+00:00,30,7,13,392.0379943847656,,0,0,0,0,0,0,0,0,0,0,0,0,0,0,0,0,0,0,0,0,0,0,0,0,0
2008-07-30 13:30:00+00:00,30,7,13,413.0643005371094,,0,0,0,0,0,0,0,0,0,0,0,0,0,0,0,0,0,0,0,0,0,0,0,0,0
2008-07-30 13:30:00+00:00,30,7,13,219.67665100097656,290.9804992675781,0,0,0,0,0,0,0,0,0,0,0,0,0,0,1,1,1,0,0,0,0,0,0,0,0
2008-07-30 13:30:00+00:00,30,7,13,143.6080780029297,69.91930389404297,0,0,0,0,0,0,0,0,0,0,0,1,1,1,1,1,1,0,0,0,0,0,0,0,0
2008-07-30 13:30:00+00:00,30,7,13,,,0,0,0,0,0,0,0,0,0,0,0,0,0,0,0,0,0,0,0,0,0,0,0,0,0
2008-07-30 13:30:00+00:00,30,7,13,46.41176223754883,15.029012680053711,0,0,0,0,0,0,1,1,1,1,1,1,1,1,1,1,1,0,0,1,1,1,1,1,1
2008-07-30 13:30:00+00:00,30,7,13,347.62860107421875,308.07611083984375,0,0,0,0,0,0,0,0,0,0,0,0,0,0,0,0,1,0,0,0,0,0,0,0,0
2008-07-30 13:30:00+00:00,30,7,13,119.82081604003906,91.95061492919922,0,0,0,0,0,0,0,0,0,0,1,1,1,1,1,1,1,0,0,0,0,0,0,0,0
2008-07-30 13:30:00+00:00,30,7,13,249.08224487304688,178.37876892089844,0,0,0,0,0,0,0,0,0,0,0,0,0,0,1,1,1,0,0,0,0,0,0,0,0
2008-07-30 13:30:00+00:00,30,7,13,,199.5367889404297,0,0,0,0,0,0,0,0,0,0,0,0,0,0,0,0,0,0,0,0,0,0,0,0,0
2008-07-30 13:45:00+00:00,30,7,13,,,0,0,0,0,0,0,0,0,0,0,0,0,0,0,0,0,0,0,0,0,0,0,0,0,0
2008-07-30 13:45:00+00:00,30,7,13,,285.8072204589844,0,0,0,0,0,0,0,0,0,0,0,0,0,0,0,0,0,0,0,0,0,0,0,0,0
2008-07-30 13:45:00+00:00,30,7,13,,127.19464111328125,0,0,0,0,0,0,0,0,0,0,0,0,0,0,0,0,0,0,0,0,0,0,0,0,0
2008-07-30 13:45:00+00:00,30,7,13,,259.2416076660156,0,0,0,0,0,0,0,0,0,0,0,0,0,0,0,0,0,0,0,0,0,0,0,0,0
2008-07-30 13:45:00+00:00,30,7,13,,81.42271423339844,0,0,0,0,0,0,0,0,0,0,0,0,0,0,0,0,0,0,0,0,0,0,0,0,0
2008-07-30 13:45:00+00:00,30,7,13,,197.6163330078125,0,0,0,0,0,0,0,0,0,0,0,0,0,0,0,0,0,0,0,0,0,0,0,0,0
2008-07-30 13:45:00+00:00,30,7,13,,304.9340515136719,0,0,0,0,0,0,0,0,0,0,0,0,0,0,0,0,0,0,0,0,0,0,0,0,0
2008-07-30 13:45:00+00:00,30,7,13,,,0,0,0,0,0,0,0,0,0,0,0,0,0,0,0,0,0,0,0,0,0,0,0,0,0
2008-07-30 13:45:00+00:00,30,7,13,399.08245849609375,395.3311462402344,0,0,0,0,0,0,0,0,0,0,0,0,0,0,0,0,0,0,0,0,0,0,0,0,0
2008-07-30 13:45:00+00:00,30,7,13,,,0,0,0,0,0,0,0,0,0,0,0,0,0,0,0,0,0,0,0,0,0,0,0,0,0
2008-07-30 13:45:00+00:00,30,7,13,,380.6567687988281,0,0,0,0,0,0,0,0,0,0,0,0,0,0,0,0,0,0,0,0,0,0,0,0,0
2008-07-30 13:45:00+00:00,30,7,13,,,0,0,0,0,0,0,0,0,0,0,0,0,0,0,0,0,0,0,0,0,0,0,0,0,0
2008-07-30 13:45:00+00:00,30,7,13,220.96719360351562,219.2181854248047,0,0,0,0,0,0,0,0,0,0,0,0,0,0,1,1,1,0,0,0,0,0,0,0,0
2008-07-30 13:45:00+00:00,30,7,13,223.74319458007812,138.96275329589844,0,0,0,0,0,0,0,0,0,0,0,0,0,0,1,1,1,0,0,0,0,0,0,0,0
2008-07-30 13:45:00+00:00,30,7,13,159.87078857421875,183.51901245117188,0,0,0,0,0,0,0,0,0,0,0,0,1,1,1,1,1,0,0,0,0,0,0,0,0
2008-07-30 13:45:00+00:00,30,7,13,67.31920623779297,65.1475601196289,0,0,0,0,0,0,0,0,1,1,1,1,1,1,1,1,1,0,0,0,0,0,0,0,0
2008-07-30 13:45:00+00:00,30,7,13,,,0,0,0,0,0,0,0,0,0,0,0,0,0,0,0,0,0,0,0,0,0,0,0,0,0
2008-07-30 14:00:00+00:00,30,7,14,,416.5458068847656,0,0,0,0,0,0,0,0,0,0,0,0,0,0,0,0,0,0,0,0,0,0,0,0,0
2008-07-30 14:00:00+00:00,30,7,14,,215.99172973632812,0,0,0,0,0,0,0,0,0,0,0,0,0,0,0,0,0,0,0,0,0,0,0,0,0
2008-07-30 14:00:00+00:00,30,7,14,,,0,0,0,0,0,0,0,0,0,0,0,0,0,0,0,0,0,0,0,0,0,0,0,0,0
2008-07-30 14:00:00+00:00,30,7,14,470.6327209472656,461.9839172363281,0,0,0,0,0,0,0,0,0,0,0,0,0,0,0,0,0,0,0,0,0,0,0,0,0
2008-07-30 14:00:00+00:00,30,7,14,,,0,0,0,0,0,0,0,0,0,0,0,0,0,0,0,0,0,0,0,0,0,0,0,0,0
2008-07-30 14:00:00+00:00,30,7,14,339.36932373046875,324.63922119140625,0,0,0,0,0,0,0,0,0,0,0,0,0,0,0,0,1,0,0,0,0,0,0,0,0
2008-07-30 14:00:00+00:00,30,7,14,,,0,0,0,0,0,0,0,0,0,0,0,0,0,0,0,0,0,0,0,0,0,0,0,0,0
2008-07-30 14:00:00+00:00,30,7,14,,,0,0,0,0,0,0,0,0,0,0,0,0,0,0,0,0,0,0,0,0,0,0,0,0,0
2008-07-30 14:00:00+00:00,30,7,14,209.99591064453125,201.93336486816406,0,0,0,0,0,0,0,0,0,0,0,0,0,0,1,1,1,0,0,0,0,0,0,0,0
2008-07-30 14:00:00+00:00,30,7,14,232.53330993652344,235.144287109375,0,0,0,0,0,0,0,0,0,0,0,0,0,0,1,1,1,0,0,0,0,0,0,0,0
2008-07-30 14:00:00+00:00,30,7,14,343.8033142089844,347.830810546875,0,0,0,0,0,0,0,0,0,0,0,0,0,0,0,0,1,0,0,0,0,0,0,0,0
2008-07-30 14:00:00+00:00,30,7,14,490.50537109375,477.6274108886719,0,0,0,0,0,0,0,0,0,0,0,0,0,0,0,0,0,0,0,0,0,0,0,0,0
2008-07-30 14:00:00+00:00,30,7,14,,407.7674560546875,0,0,0,0,0,0,0,0,0,0,0,0,0,0,0,0,0,0,0,0,0,0,0,0,0
2008-07-30 14:00:00+00:00,30,7,14,,,0,0,0,0,0,0,0,0,0,0,0,0,0,0,0,0,0,0,0,0,0,0,0,0,0
2008-07-30 14:00:00+00:00,30,7,14,189.7521209716797,0.0,0,0,0,0,0,0,0,0,0,0,0,0,0,1,1,1,1,1,1,1,1,1,1,1,1
2008-07-30 14:00:00+00:00,30,7,14,44.95443344116211,44.41778564453125,0,0,0,0,0,0,1,1,1,1,1,1,1,1,1,1,1,0,0,0,0,0,0,1,1
2008-07-30 14:00:00+00:00,30,7,14,,,0,0,0,0,0,0,0,0,0,0,0,0,0,0,0,0,0,0,0,0,0,0,0,0,0
2008-07-30 14:00:00+00:00,30,7,14,173.77890014648438,147.2485809326172,0,0,0,0,0,0,0,0,0,0,0,0,1,1,1,1,1,0,0,0,0,0,0,0,0
2008-07-30 14:15:00+00:00,30,7,14,470.2668762207031,479.524169921875,0,0,0,0,0,0,0,0,0,0,0,0,0,0,0,0,0,0,0,0,0,0,0,0,0
2008-07-30 14:15:00+00:00,30,7,14,,,0,0,0,0,0,0,0,0,0,0,0,0,0,0,0,0,0,0,0,0,0,0,0,0,0
2008-07-30 14:15:00+00:00,30,7,14,172.8376922607422,231.53955078125,0,0,0,0,0,0,0,0,0,0,0,0,1,1,1,1,1,0,0,0,0,0,0,0,0
2008-07-30 14:15:00+00:00,30,7,14,391.27435302734375,365.1268005371094,0,0,0,0,0,0,0,0,0,0,0,0,0,0,0,0,0,0,0,0,0,0,0,0,0
2008-07-30 14:15:00+00:00,30,7,14,452.7943420410156,442.2635498046875,0,0,0,0,0,0,0,0,0,0,0,0,0,0,0,0,0,0,0,0,0,0,0,0,0
2008-07-30 14:15:00+00:00,30,7,14,375.42681884765625,274.1655578613281,0,0,0,0,0,0,0,0,0,0,0,0,0,0,0,0,0,0,0,0,0,0,0,0,0
2008-07-30 14:15:00+00:00,30,7,14,102.57032775878906,159.3396453857422,0,0,0,0,0,0,0,0,0,0,1,1,1,1,1,1,1,0,0,0,0,0,0,0,0
2008-07-30 14:15:00+00:00,30,7,14,331.4388732910156,316.61798095703125,0,0,0,0,0,0,0,0,0,0,0,0,0,0,0,0,1,0,0,0,0,0,0,0,0
2008-07-30 14:15:00+00:00,30,7,14,425.9100646972656,307.7113952636719,0,0,0,0,0,0,0,0,0,0,0,0,0,0,0,0,0,0,0,0,0,0,0,0,0
2008-07-30 14:15:00+00:00,30,7,14,58.12771224975586,76.6512222290039,0,0,0,0,0,0,0,1,1,1,1,1,1,1,1,1,1,0,0,0,0,0,0,0,0
2008-07-30 14:15:00+00:00,30,7,14,183.11398315429688,114.93497467041016,0,0,0,0,0,0,0,0,0,0,0,0,0,1,1,1,1,0,0,0,0,0,0,0,0
2008-07-30 14:15:00+00:00,30,7,14,,,0,0,0,0,0,0,0,0,0,0,0,0,0,0,0,0,0,0,0,0,0,0,0,0,0
2008-07-30 14:15:00+00:00,30,7,14,257.2914733886719,216.67503356933594,0,0,0,0,0,0,0,0,0,0,0,0,0,0,0,1,1,0,0,0,0,0,0,0,0
2008-07-30 14:15:00+00:00,30,7,14,153.6264190673828,,0,0,0,0,0,0,0,0,0,0,0,0,1,1,1,1,1,0,0,0,0,0,0,0,0
2008-07-30 14:30:00+00:00,30,7,14,377.1778869628906,310.7326965332031,0,0,0,0,0,0,0,0,0,0,0,0,0,0,0,0,0,0,0,0,0,0,0,0,0
2008-07-30 14:30:00+00:00,30,7,14,328.8552551269531,358.21038818359375,0,0,0,0,0,0,0,0,0,0,0,0,0,0,0,0,1,0,0,0,0,0,0,0,0
2008-07-30 14:30:00+00:00,30,7,14,412.1997985839844,391.1978759765625,0,0,0,0,0,0,0,0,0,0,0,0,0,0,0,0,0,0,0,0,0,0,0,0,0
2008-07-30 14:30:00+00:00,30,7,14,,207.16932678222656,0,0,0,0,0,0,0,0,0,0,0,0,0,0,0,0,0,0,0,0,0,0,0,0,0
2008-07-30 14:30:00+00:00,30,7,14,459.6165771484375,89.5527572631836,0,0,0,0,0,0,0,0,0,0,0,0,0,0,0,0,0,0,0,0,0,0,0,0,0
2008-07-30 14:30:00+00:00,30,7,14,401.9203186035156,377.68701171875,0,0,0,0,0,0,0,0,0,0,0,0,0,0,0,0,0,0,0,0,0,0,0,0,0
2008-07-30 14:30:00+00:00,30,7,14,,,0,0,0,0,0,0,0,0,0,0,0,0,0,0,0,0,0,0,0,0,0,0,0,0,0
2008-07-30 14:30:00+00:00,30,7,14,147.779296875,131.5856475830078,0,0,0,0,0,0,0,0,0,0,0,1,1,1,1,1,1,0,0,0,0,0,0,0,0
2008-07-30 14:30:00+00:00,30,7,14,215.3353271484375,205.4227752685547,0,0,0,0,0,0,0,0,0,0,0,0,0,0,1,1,1,0,0,0,0,0,0,0,0
2008-07-30 14:30:00+00:00,30,7,14,150.34732055664062,138.996337890625,0,0,0,0,0,0,0,0,0,0,0,0,1,1,1,1,1,0,0,0,0,0,0,0,0
2008-07-30 14:30:00+00:00,30,7,14,109.56161499023438,70.47383117675781,0,0,0,0,0,0,0,0,0,0,1,1,1,1,1,1,1,0,0,0,0,0,0,0,0
2008-07-30 14:30:00+00:00,30,7,14,101.46858215332031,72.76420593261719,0,0,0,0,0,0,0,0,0,0,1,1,1,1,1,1,1,0,0,0,0,0,0,0,0
2008-07-30 14:30:00+00:00,30,7,14,78.7613525390625,88.46393585205078,0,0,0,0,0,0,0,0,1,1,1,1,1,1,1,1,1,0,0,0,0,0,0,0,0
2008-07-30 14:30:00+00:00,30,7,14,142.81118774414062,139.1061553955078,0,0,0,0,0,0,0,0,0,0,0,1,1,1,1,1,1,0,0,0,0,0,0,0,0
2008-07-30 14:30:00+00:00,30,7,14,262.5975341796875,327.4416809082031,0,0,0,0,0,0,0,0,0,0,0,0,0,0,0,1,1,0,0,0,0,0,0,0,0
2008-07-30 14:30:00+00:00,30,7,14,300.8244323730469,245.17465209960938,0,0,0,0,0,0,0,0,0,0,0,0,0,0,0,0,1,0,0,0,0,0,0,0,0
2008-07-30 14:30:00+00:00,30,7,14,281.98016357421875,245.54295349121094,0,0,0,0,0,0,0,0,0,0,0,0,0,0,0,1,1,0,0,0,0,0,0,0,0
2008-07-30 14:30:00+00:00,30,7,14,335.95025634765625,299.5560607910156,0,0,0,0,0,0,0,0,0,0,0,0,0,0,0,0,1,0,0,0,0,0,0,0,0
2008-07-30 14:30:00+00:00,30,7,14,386.20660400390625,298.1505432128906,0,0,0,0,0,0,0,0,0,0,0,0,0,0,0,0,0,0,0,0,0,0,0,0,0
2008-07-30 14:30:00+00:00,30,7,14,386.1434326171875,308.49969482421875,0,0,0,0,0,0,0,0,0,0,0,0,0,0,0,0,0,0,0,0,0,0,0,0,0
2008-07-30 14:30:00+00:00,30,7,14,,,0,0,0,0,0,0,0,0,0,0,0,0,0,0,0,0,0,0,0,0,0,0,0,0,0
2008-07-30 14:30:00+00:00,30,7,14,204.42892456054688,167.2255096435547,0,0,0,0,0,0,0,0,0,0,0,0,0,0,1,1,1,0,0,0,0,0,0,0,0
2008-07-30 14:30:00+00:00,30,7,14,130.24560546875,88.07673645019531,0,0,0,0,0,0,0,0,0,0,0,1,1,1,1,1,1,0,0,0,0,0,0,0,0
2008-07-30 14:45:00+00:00,30,7,14,117.19254302978516,,0,0,0,0,0,0,0,0,0,0,1,1,1,1,1,1,1,0,0,0,0,0,0,0,0
2008-07-30 14:45:00+00:00,30,7,14,279.00048828125,333.176513671875,0,0,0,0,0,0,0,0,0,0,0,0,0,0,0,1,1,0,0,0,0,0,0,0,0
2008-07-30 14:45:00+00:00,30,7,14,359.31622314453125,122.684814453125,0,0,0,0,0,0,0,0,0,0,0,0,0,0,0,0,0,0,0,0,0,0,0,0,0
2008-07-30 14:45:00+00:00,30,7,14,,,0,0,0,0,0,0,0,0,0,0,0,0,0,0,0,0,0,0,0,0,0,0,0,0,0
2008-07-30 14:45:00+00:00,30,7,14,182.2596435546875,95.24022674560547,0,0,0,0,0,0,0,0,0,0,0,0,0,1,1,1,1,0,0,0,0,0,0,0,0
2008-07-30 14:45:00+00:00,30,7,14,153.40785217285156,187.84666442871094,0,0,0,0,0,0,0,0,0,0,0,0,1,1,1,1,1,0,0,0,0,0,0,0,0
2008-07-30 14:45:00+00:00,30,7,14,318.3752136230469,255.5242919921875,0,0,0,0,0,0,0,0,0,0,0,0,0,0,0,0,1,0,0,0,0,0,0,0,0
2008-07-30 14:45:00+00:00,30,7,14,398.09368896484375,325.4959411621094,0,0,0,0,0,0,0,0,0,0,0,0,0,0,0,0,0,0,0,0,0,0,0,0,0
2008-07-30 14:45:00+00:00,30,7,14,,,0,0,0,0,0,0,0,0,0,0,0,0,0,0,0,0,0,0,0,0,0,0,0,0,0
2008-07-30 14:45:00+00:00,30,7,14,,351.5635986328125,0,0,0,0,0,0,0,0,0,0,0,0,0,0,0,0,0,0,0,0,0,0,0,0,0
2008-07-30 14:45:00+00:00,30,7,14,420.6403503417969,234.69798278808594,0,0,0,0,0,0,0,0,0,0,0,0,0,0,0,0,0,0,0,0,0,0,0,0,0
2008-07-30 14:45:00+00:00,30,7,14,346.6214599609375,268.0841979980469,0,0,0,0,0,0,0,0,0,0,0,0,0,0,0,0,1,0,0,0,0,0,0,0,0
2008-07-30 14:45:00+00:00,30,7,14,408.8788757324219,337.7757263183594,0,0,0,0,0,0,0,0,0,0,0,0,0,0,0,0,0,0,0,0,0,0,0,0,0
2008-07-30 14:45:00+00:00,30,7,14,,256.95062255859375,0,0,0,0,0,0,0,0,0,0,0,0,0,0,0,0,0,0,0,0,0,0,0,0,0
2008-07-30 14:45:00+00:00,30,7,14,,,0,0,0,0,0,0,0,0,0,0,0,0,0,0,0,0,0,0,0,0,0,0,0,0,0
2008-07-30 15:00:00+00:00,30,7,15,400.7223815917969,,0,0,0,0,0,0,0,0,0,0,0,0,0,0,0,0,0,0,0,0,0,0,0,0,0
2008-07-30 15:00:00+00:00,30,7,15,,,0,0,0,0,0,0,0,0,0,0,0,0,0,0,0,0,0,0,0,0,0,0,0,0,0
2008-07-30 15:00:00+00:00,30,7,15,341.5260925292969,,0,0,0,0,0,0,0,0,0,0,0,0,0,0,0,0,1,0,0,0,0,0,0,0,0
2008-07-30 15:00:00+00:00,30,7,15,494.99310302734375,,0,0,0,0,0,0,0,0,0,0,0,0,0,0,0,0,0,0,0,0,0,0,0,0,0
2008-07-30 15:00:00+00:00,30,7,15,,,0,0,0,0,0,0,0,0,0,0,0,0,0,0,0,0,0,0,0,0,0,0,0,0,0
2008-07-30 15:00:00+00:00,30,7,15,447.6111145019531,413.1419982910156,0,0,0,0,0,0,0,0,0,0,0,0,0,0,0,0,0,0,0,0,0,0,0,0,0
2008-07-30 15:00:00+00:00,30,7,15,218.9740753173828,214.65646362304688,0,0,0,0,0,0,0,0,0,0,0,0,0,0,1,1,1,0,0,0,0,0,0,0,0
2008-07-30 15:00:00+00:00,30,7,15,110.62015533447266,108.20443725585938,0,0,0,0,0,0,0,0,0,0,1,1,1,1,1,1,1,0,0,0,0,0,0,0,0
2008-07-30 15:00:00+00:00,30,7,15,127.78099822998047,84.8665771484375,0,0,0,0,0,0,0,0,0,0,0,1,1,1,1,1,1,0,0,0,0,0,0,0,0
2008-07-30 15:00:00+00:00,30,7,15,189.12379455566406,151.18772888183594,0,0,0,0,0,0,0,0,0,0,0,0,0,1,1,1,1,0,0,0,0,0,0,0,0
2008-07-30 15:00:00+00:00,30,7,15,188.3075408935547,146.89205932617188,0,0,0,0,0,0,0,0,0,0,0,0,0,1,1,1,1,0,0,0,0,0,0,0,0
2008-07-30 15:00:00+00:00,30,7,15,75.69690704345703,51.32225799560547,0,0,0,0,0,0,0,0,1,1,1,1,1,1,1,1,1,0,0,0,0,0,0,0,1
2008-07-30 15:00:00+00:00,30,7,15,361.33489990234375,49.171878814697266,0,0,0,0,0,0,0,0,0,0,0,0,0,0,0,0,0,0,0,0,0,0,0,1,1
2008-07-30 15:00:00+00:00,30,7,15,174.01007080078125,177.17637634277344,0,0,0,0,0,0,0,0,0,0,0,0,1,1,1,1,1,0,0,0,0,0,0,0,0
2008-07-30 15:00:00+00:00,30,7,15,243.00868225097656,156.73861694335938,0,0,0,0,0,0,0,0,0,0,0,0,0,0,1,1,1,0,0,0,0,0,0,0,0
2008-07-30 15:00:00+00:00,30,7,15,,,0,0,0,0,0,0,0,0,0,0,0,0,0,0,0,0,0,0,0,0,0,0,0,0,0
2008-07-30 15:15:00+00:00,30,7,15,,,0,0,0,0,0,0,0,0,0,0,0,0,0,0,0,0,0,0,0,0,0,0,0,0,0
2008-07-30 15:15:00+00:00,30,7,15,,,0,0,0,0,0,0,0,0,0,0,0,0,0,0,0,0,0,0,0,0,0,0,0,0,0
2008-07-30 15:15:00+00:00,30,7,15,223.42794799804688,191.13796997070312,0,0,0,0,0,0,0,0,0,0,0,0,0,0,1,1,1,0,0,0,0,0,0,0,0
2008-07-30 15:15:00+00:00,30,7,15,228.57215881347656,204.7279052734375,0,0,0,0,0,0,0,0,0,0,0,0,0,0,1,1,1,0,0,0,0,0,0,0,0
2008-07-30 15:15:00+00:00,30,7,15,463.5606689453125,294.6116943359375,0,0,0,0,0,0,0,0,0,0,0,0,0,0,0,0,0,0,0,0,0,0,0,0,0
2008-07-30 15:15:00+00:00,30,7,15,317.87359619140625,257.5702819824219,0,0,0,0,0,0,0,0,0,0,0,0,0,0,0,0,1,0,0,0,0,0,0,0,0
2008-07-30 15:15:00+00:00,30,7,15,72.75086975097656,47.457183837890625,0,0,0,0,0,0,0,0,1,1,1,1,1,1,1,1,1,0,0,0,0,0,0,1,1
2008-07-30 15:15:00+00:00,30,7,15,391.26385498046875,70.08197021484375,0,0,0,0,0,0,0,0,0,0,0,0,0,0,0,0,0,0,0,0,0,0,0,0,0
2008-07-30 15:15:00+00:00,30,7,15,160.41204833984375,140.06594848632812,0,0,0,0,0,0,0,0,0,0,0,0,1,1,1,1,1,0,0,0,0,0,0,0,0
2008-07-30 15:15:00+00:00,30,7,15,273.7861022949219,79.42896270751953,0,0,0,0,0,0,0,0,0,0,0,0,0,0,0,1,1,0,0,0,0,0,0,0,0
2008-07-30 15:15:00+00:00,30,7,15,,129.7575225830078,0,0,0,0,0,0,0,0,0,0,0,0,0,0,0,0,0,0,0,0,0,0,0,0,0
2008-07-30 15:15:00+00:00,30,7,15,209.70333862304688,98.3144760131836,0,0,0,0,0,0,0,0,0,0,0,0,0,0,1,1,1,0,0,0,0,0,0,0,0
2008-07-30 15:30:00+00:00,30,7,15,,,0,0,0,0,0,0,0,0,0,0,0,0,0,0,0,0,0,0,0,0,0,0,0,0,0
2008-07-30 15:30:00+00:00,30,7,15,,,0,0,0,0,0,0,0,0,0,0,0,0,0,0,0,0,0,0,0,0,0,0,0,0,0
2008-07-30 15:30:00+00:00,30,7,15,,,0,0,0,0,0,0,0,0,0,0,0,0,0,0,0,0,0,0,0,0,0,0,0,0,0
2008-07-30 15:30:00+00:00,30,7,15,,,0,0,0,0,0,0,0,0,0,0,0,0,0,0,0,0,0,0,0,0,0,0,0,0,0
2008-07-30 15:30:00+00:00,30,7,15,254.61224365234375,181.64242553710938,0,0,0,0,0,0,0,0,0,0,0,0,0,0,0,1,1,0,0,0,0,0,0,0,0
2008-07-30 15:30:00+00:00,30,7,15,344.8603820800781,174.70838928222656,0,0,0,0,0,0,0,0,0,0,0,0,0,0,0,0,1,0,0,0,0,0,0,0,0
2008-07-30 15:30:00+00:00,30,7,15,255.8028564453125,258.2034912109375,0,0,0,0,0,0,0,0,0,0,0,0,0,0,0,1,1,0,0,0,0,0,0,0,0
2008-07-30 15:30:00+00:00,30,7,15,250.5164337158203,262.5838623046875,0,0,0,0,0,0,0,0,0,0,0,0,0,0,0,1,1,0,0,0,0,0,0,0,0
2008-07-30 15:30:00+00:00,30,7,15,500.57574462890625,490.9866027832031,0,0,0,0,0,0,0,0,0,0,0,0,0,0,0,0,0,0,0,0,0,0,0,0,0
2008-07-30 15:30:00+00:00,30,7,15,,,0,0,0,0,0,0,0,0,0,0,0,0,0,0,0,0,0,0,0,0,0,0,0,0,0
2008-07-30 15:30:00+00:00,30,7,15,,,0,0,0,0,0,0,0,0,0,0,0,0,0,0,0,0,0,0,0,0,0,0,0,0,0
2008-07-30 15:45:00+00:00,30,7,15,,207.239501953125,0,0,0,0,0,0,0,0,0,0,0,0,0,0,0,0,0,0,0,0,0,0,0,0,0
2008-07-30 15:45:00+00:00,30,7,15,,,0,0,0,0,0,0,0,0,0,0,0,0,0,0,0,0,0,0,0,0,0,0,0,0,0
2008-07-30 15:45:00+00:00,30,7,15,,,0,0,0,0,0,0,0,0,0,0,0,0,0,0,0,0,0,0,0,0,0,0,0,0,0
2008-07-30 15:45:00+00:00,30,7,15,233.97853088378906,229.7486114501953,0,0,0,0,0,0,0,0,0,0,0,0,0,0,1,1,1,0,0,0,0,0,0,0,0
2008-07-30 15:45:00+00:00,30,7,15,185.0734405517578,208.75738525390625,0,0,0,0,0,0,0,0,0,0,0,0,0,1,1,1,1,0,0,0,0,0,0,0,0
2008-07-30 15:45:00+00:00,30,7,15,95.27576446533203,118.7081527709961,0,0,0,0,0,0,0,0,0,1,1,1,1,1,1,1,1,0,0,0,0,0,0,0,0
2008-07-30 15:45:00+00:00,30,7,15,160.04002380371094,143.92831420898438,0,0,0,0,0,0,0,0,0,0,0,0,1,1,1,1,1,0,0,0,0,0,0,0,0
2008-07-30 15:45:00+00:00,30,7,15,136.6508026123047,123.19695281982422,0,0,0,0,0,0,0,0,0,0,0,1,1,1,1,1,1,0,0,0,0,0,0,0,0
2008-07-30 15:45:00+00:00,30,7,15,114.43559265136719,138.6222381591797,0,0,0,0,0,0,0,0,0,0,1,1,1,1,1,1,1,0,0,0,0,0,0,0,0
2008-07-30 15:45:00+00:00,30,7,15,,,0,0,0,0,0,0,0,0,0,0,0,0,0,0,0,0,0,0,0,0,0,0,0,0,0
2008-07-30 15:45:00+00:00,30,7,15,58.125091552734375,54.03166580200195,0,0,0,0,0,0,0,1,1,1,1,1,1,1,1,1,1,0,0,0,0,0,0,0,1
2008-07-30 15:45:00+00:00,30,7,15,,,0,0,0,0,0,0,0,0,0,0,0,0,0,0,0,0,0,0,0,0,0,0,0,0,0
2008-07-30 16:00:00+00:00,30,7,16,,,0,0,0,0,0,0,0,0,0,0,0,0,0,0,0,0,0,0,0,0,0,0,0,0,0
2008-07-30 16:00:00+00:00,30,7,16,336.6712341308594,402.31671142578125,0,0,0,0,0,0,0,0,0,0,0,0,0,0,0,0,1,0,0,0,0,0,0,0,0
2008-07-30 16:00:00+00:00,30,7,16,463.7962341308594,,0,0,0,0,0,0,0,0,0,0,0,0,0,0,0,0,0,0,0,0,0,0,0,0,0
2008-07-30 16:00:00+00:00,30,7,16,168.7393798828125,236.92955017089844,0,0,0,0,0,0,0,0,0,0,0,0,1,1,1,1,1,0,0,0,0,0,0,0,0
2008-07-30 16:00:00+00:00,30,7,16,28.34949493408203,26.400598526000977,0,0,0,0,1,1,1,1,1,1,1,1,1,1,1,1,1,0,0,0,0,1,1,1,1
2008-07-30 16:00:00+00:00,30,7,16,95.15084075927734,407.1781005859375,0,0,0,0,0,0,0,0,0,1,1,1,1,1,1,1,1,0,0,0,0,0,0,0,0
2008-07-30 16:00:00+00:00,30,7,16,87.05492401123047,84.28822326660156,0,0,0,0,0,0,0,0,0,1,1,1,1,1,1,1,1,0,0,0,0,0,0,0,0
2008-07-30 16:15:00+00:00,30,7,16,,,0,0,0,0,0,0,0,0,0,0,0,0,0,0,0,0,0,0,0,0,0,0,0,0,0
2008-07-30 16:15:00+00:00,30,7,16,,414.2258605957031,0,0,0,0,0,0,0,0,0,0,0,0,0,0,0,0,0,0,0,0,0,0,0,0,0
2008-07-30 16:15:00+00:00,30,7,16,,,0,0,0,0,0,0,0,0,0,0,0,0,0,0,0,0,0,0,0,0,0,0,0,0,0
2008-07-30 16:15:00+00:00,30,7,16,,6.7546610832214355,0,0,0,0,0,0,0,0,0,0,0,0,0,0,0,0,0,1,1,1,1,1,1,1,1
2008-07-30 16:15:00+00:00,30,7,16,297.6255187988281,337.9659118652344,0,0,0,0,0,0,0,0,0,0,0,0,0,0,0,1,1,0,0,0,0,0,0,0,0
2008-07-30 16:15:00+00:00,30,7,16,281.7565612792969,232.7796630859375,0,0,0,0,0,0,0,0,0,0,0,0,0,0,0,1,1,0,0,0,0,0,0,0,0
2008-07-30 16:15:00+00:00,30,7,16,,,0,0,0,0,0,0,0,0,0,0,0,0,0,0,0,0,0,0,0,0,0,0,0,0,0
2008-07-30 16:30:00+00:00,30,7,16,,,0,0,0,0,0,0,0,0,0,0,0,0,0,0,0,0,0,0,0,0,0,0,0,0,0
2008-07-30 16:30:00+00:00,30,7,16,371.2098693847656,376.5783386230469,0,0,0,0,0,0,0,0,0,0,0,0,0,0,0,0,0,0,0,0,0,0,0,0,0
2008-07-30 16:30:00+00:00,30,7,16,171.5584716796875,124.91458129882812,0,0,0,0,0,0,0,0,0,0,0,0,1,1,1,1,1,0,0,0,0,0,0,0,0
2008-07-30 16:30:00+00:00,30,7,16,,,0,0,0,0,0,0,0,0,0,0,0,0,0,0,0,0,0,0,0,0,0,0,0,0,0
2008-07-30 16:30:00+00:00,30,7,16,182.55552673339844,162.06314086914062,0,0,0,0,0,0,0,0,0,0,0,0,0,1,1,1,1,0,0,0,0,0,0,0,0
2008-07-30 16:30:00+00:00,30,7,16,384.3376159667969,,0,0,0,0,0,0,0,0,0,0,0,0,0,0,0,0,0,0,0,0,0,0,0,0,0
2008-07-30 16:30:00+00:00,30,7,16,,,0,0,0,0,0,0,0,0,0,0,0,0,0,0,0,0,0,0,0,0,0,0,0,0,0
2008-07-30 16:30:00+00:00,30,7,16,127.84675598144531,223.3712615966797,0,0,0,0,0,0,0,0,0,0,0,1,1,1,1,1,1,0,0,0,0,0,0,0,0
2008-07-30 16:30:00+00:00,30,7,16,451.85198974609375,385.4913024902344,0,0,0,0,0,0,0,0,0,0,0,0,0,0,0,0,0,0,0,0,0,0,0,0,0
2008-07-30 16:45:00+00:00,30,7,16,,,0,0,0,0,0,0,0,0,0,0,0,0,0,0,0,0,0,0,0,0,0,0,0,0,0
2008-07-30 16:45:00+00:00,30,7,16,221.42578125,202.0315399169922,0,0,0,0,0,0,0,0,0,0,0,0,0,0,1,1,1,0,0,0,0,0,0,0,0
2008-07-30 16:45:00+00:00,30,7,16,,,0,0,0,0,0,0,0,0,0,0,0,0,0,0,0,0,0,0,0,0,0,0,0,0,0
2008-07-30 17:00:00+00:00,30,7,17,390.5595397949219,353.101806640625,0,0,0,0,0,0,0,0,0,0,0,0,0,0,0,0,0,0,0,0,0,0,0,0,0
2008-07-30 17:00:00+00:00,30,7,17,75.15581512451172,54.513336181640625,0,0,0,0,0,0,0,0,1,1,1,1,1,1,1,1,1,0,0,0,0,0,0,0,1
2008-07-30 17:00:00+00:00,30,7,17,,,0,0,0,0,0,0,0,0,0,0,0,0,0,0,0,0,0,0,0,0,0,0,0,0,0
2008-07-30 17:00:00+00:00,30,7,17,,,0,0,0,0,0,0,0,0,0,0,0,0,0,0,0,0,0,0,0,0,0,0,0,0,0
2008-07-30 17:00:00+00:00,30,7,17,,,0,0,0,0,0,0,0,0,0,0,0,0,0,0,0,0,0,0,0,0,0,0,0,0,0
2008-07-30 17:00:00+00:00,30,7,17,198.2533416748047,,0,0,0,0,0,0,0,0,0,0,0,0,0,1,1,1,1,0,0,0,0,0,0,0,0
2008-07-30 17:00:00+00:00,30,7,17,127.23117065429688,,0,0,0,0,0,0,0,0,0,0,0,1,1,1,1,1,1,0,0,0,0,0,0,0,0
2008-07-30 17:15:00+00:00,30,7,17,,,0,0,0,0,0,0,0,0,0,0,0,0,0,0,0,0,0,0,0,0,0,0,0,0,0
2008-07-30 17:15:00+00:00,30,7,17,155.43397521972656,178.11962890625,0,0,0,0,0,0,0,0,0,0,0,0,1,1,1,1,1,0,0,0,0,0,0,0,0
2008-07-30 17:15:00+00:00,30,7,17,,,0,0,0,0,0,0,0,0,0,0,0,0,0,0,0,0,0,0,0,0,0,0,0,0,0
2008-07-30 17:15:00+00:00,30,7,17,107.77733612060547,98.1928482055664,0,0,0,0,0,0,0,0,0,0,1,1,1,1,1,1,1,0,0,0,0,0,0,0,0
2008-07-30 17:15:00+00:00,30,7,17,,,0,0,0,0,0,0,0,0,0,0,0,0,0,0,0,0,0,0,0,0,0,0,0,0,0
2008-07-30 17:15:00+00:00,30,7,17,,,0,0,0,0,0,0,0,0,0,0,0,0,0,0,0,0,0,0,0,0,0,0,0,0,0
2008-07-30 17:15:00+00:00,30,7,17,,,0,0,0,0,0,0,0,0,0,0,0,0,0,0,0,0,0,0,0,0,0,0,0,0,0
2008-07-30 17:30:00+00:00,30,7,17,,,0,0,0,0,0,0,0,0,0,0,0,0,0,0,0,0,0,0,0,0,0,0,0,0,0
2008-07-30 17:30:00+00:00,30,7,17,,,0,0,0,0,0,0,0,0,0,0,0,0,0,0,0,0,0,0,0,0,0,0,0,0,0
2008-07-30 17:30:00+00:00,30,7,17,,,0,0,0,0,0,0,0,0,0,0,0,0,0,0,0,0,0,0,0,0,0,0,0,0,0
2008-07-30 17:30:00+00:00,30,7,17,398.1745300292969,332.6192321777344,0,0,0,0,0,0,0,0,0,0,0,0,0,0,0,0,0,0,0,0,0,0,0,0,0
2008-07-30 17:30:00+00:00,30,7,17,95.1692886352539,86.6126937866211,0,0,0,0,0,0,0,0,0,1,1,1,1,1,1,1,1,0,0,0,0,0,0,0,0
2008-07-30 17:30:00+00:00,30,7,17,81.86963653564453,100.48847961425781,0,0,0,0,0,0,0,0,0,1,1,1,1,1,1,1,1,0,0,0,0,0,0,0,0
2008-07-30 17:30:00+00:00,30,7,17,,,0,0,0,0,0,0,0,0,0,0,0,0,0,0,0,0,0,0,0,0,0,0,0,0,0
2008-07-30 17:30:00+00:00,30,7,17,259.98492431640625,302.7001647949219,0,0,0,0,0,0,0,0,0,0,0,0,0,0,0,1,1,0,0,0,0,0,0,0,0
2008-07-30 17:30:00+00:00,30,7,17,,,0,0,0,0,0,0,0,0,0,0,0,0,0,0,0,0,0,0,0,0,0,0,0,0,0
2008-07-30 17:45:00+00:00,30,7,17,,238.8114471435547,0,0,0,0,0,0,0,0,0,0,0,0,0,0,0,0,0,0,0,0,0,0,0,0,0
2008-07-30 17:45:00+00:00,30,7,17,,,0,0,0,0,0,0,0,0,0,0,0,0,0,0,0,0,0,0,0,0,0,0,0,0,0
2008-07-31 10:00:00+00:00,30,7,10,,,0,0,0,0,0,0,0,0,0,0,0,0,0,0,0,0,0,0,0,0,0,0,0,0,0
2008-07-31 10:00:00+00:00,30,7,10,,,0,0,0,0,0,0,0,0,0,0,0,0,0,0,0,0,0,0,0,0,0,0,0,0,0
2008-07-31 10:00:00+00:00,30,7,10,,,0,0,0,0,0,0,0,0,0,0,0,0,0,0,0,0,0,0,0,0,0,0,0,0,0
2008-07-31 10:00:00+00:00,30,7,10,,,0,0,0,0,0,0,0,0,0,0,0,0,0,0,0,0,0,0,0,0,0,0,0,0,0
2008-07-31 10:00:00+00:00,30,7,10,,,0,0,0,0,0,0,0,0,0,0,0,0,0,0,0,0,0,0,0,0,0,0,0,0,0
2008-07-31 10:00:00+00:00,30,7,10,,,0,0,0,0,0,0,0,0,0,0,0,0,0,0,0,0,0,0,0,0,0,0,0,0,0
2008-07-31 10:00:00+00:00,30,7,10,,,0,0,0,0,0,0,0,0,0,0,0,0,0,0,0,0,0,0,0,0,0,0,0,0,0
2008-07-31 10:15:00+00:00,30,7,10,,,0,0,0,0,0,0,0,0,0,0,0,0,0,0,0,0,0,0,0,0,0,0,0,0,0
2008-07-31 10:15:00+00:00,30,7,10,,,0,0,0,0,0,0,0,0,0,0,0,0,0,0,0,0,0,0,0,0,0,0,0,0,0
2008-07-31 10:15:00+00:00,30,7,10,,,0,0,0,0,0,0,0,0,0,0,0,0,0,0,0,0,0,0,0,0,0,0,0,0,0
2008-07-31 10:15:00+00:00,30,7,10,,,0,0,0,0,0,0,0,0,0,0,0,0,0,0,0,0,0,0,0,0,0,0,0,0,0
2008-07-31 10:15:00+00:00,30,7,10,,,0,0,0,0,0,0,0,0,0,0,0,0,0,0,0,0,0,0,0,0,0,0,0,0,0
2008-07-31 10:15:00+00:00,30,7,10,,,0,0,0,0,0,0,0,0,0,0,0,0,0,0,0,0,0,0,0,0,0,0,0,0,0
2008-07-31 10:15:00+00:00,30,7,10,,,0,0,0,0,0,0,0,0,0,0,0,0,0,0,0,0,0,0,0,0,0,0,0,0,0
2008-07-31 10:15:00+00:00,30,7,10,,,0,0,0,0,0,0,0,0,0,0,0,0,0,0,0,0,0,0,0,0,0,0,0,0,0
2008-07-31 10:15:00+00:00,30,7,10,,,0,0,0,0,0,0,0,0,0,0,0,0,0,0,0,0,0,0,0,0,0,0,0,0,0
2008-07-31 10:30:00+00:00,30,7,10,,,0,0,0,0,0,0,0,0,0,0,0,0,0,0,0,0,0,0,0,0,0,0,0,0,0
2008-07-31 10:30:00+00:00,30,7,10,,,0,0,0,0,0,0,0,0,0,0,0,0,0,0,0,0,0,0,0,0,0,0,0,0,0
2008-07-31 10:30:00+00:00,30,7,10,,,0,0,0,0,0,0,0,0,0,0,0,0,0,0,0,0,0,0,0,0,0,0,0,0,0
2008-07-31 10:30:00+00:00,30,7,10,,,0,0,0,0,0,0,0,0,0,0,0,0,0,0,0,0,0,0,0,0,0,0,0,0,0
2008-07-31 10:30:00+00:00,30,7,10,,,0,0,0,0,0,0,0,0,0,0,0,0,0,0,0,0,0,0,0,0,0,0,0,0,0
2008-07-31 10:30:00+00:00,30,7,10,100.06424713134766,88.80497741699219,0,0,0,0,0,0,0,0,0,0,1,1,1,1,1,1,1,0,0,0,0,0,0,0,0
2008-07-31 10:30:00+00:00,30,7,10,,,0,0,0,0,0,0,0,0,0,0,0,0,0,0,0,0,0,0,0,0,0,0,0,0,0
2008-07-31 10:30:00+00:00,30,7,10,,,0,0,0,0,0,0,0,0,0,0,0,0,0,0,0,0,0,0,0,0,0,0,0,0,0
2008-07-31 10:45:00+00:00,30,7,10,,,0,0,0,0,0,0,0,0,0,0,0,0,0,0,0,0,0,0,0,0,0,0,0,0,0
2008-07-31 10:45:00+00:00,30,7,10,,,0,0,0,0,0,0,0,0,0,0,0,0,0,0,0,0,0,0,0,0,0,0,0,0,0
2008-07-31 10:45:00+00:00,30,7,10,,,0,0,0,0,0,0,0,0,0,0,0,0,0,0,0,0,0,0,0,0,0,0,0,0,0
2008-07-31 10:45:00+00:00,30,7,10,,,0,0,0,0,0,0,0,0,0,0,0,0,0,0,0,0,0,0,0,0,0,0,0,0,0
2008-07-31 10:45:00+00:00,30,7,10,,,0,0,0,0,0,0,0,0,0,0,0,0,0,0,0,0,0,0,0,0,0,0,0,0,0
2008-07-31 10:45:00+00:00,30,7,10,,,0,0,0,0,0,0,0,0,0,0,0,0,0,0,0,0,0,0,0,0,0,0,0,0,0
2008-07-31 10:45:00+00:00,30,7,10,,,0,0,0,0,0,0,0,0,0,0,0,0,0,0,0,0,0,0,0,0,0,0,0,0,0
2008-07-31 10:45:00+00:00,30,7,10,,,0,0,0,0,0,0,0,0,0,0,0,0,0,0,0,0,0,0,0,0,0,0,0,0,0
2008-07-31 10:45:00+00:00,30,7,10,,,0,0,0,0,0,0,0,0,0,0,0,0,0,0,0,0,0,0,0,0,0,0,0,0,0
2008-07-31 10:45:00+00:00,30,7,10,,,0,0,0,0,0,0,0,0,0,0,0,0,0,0,0,0,0,0,0,0,0,0,0,0,0
2008-07-31 10:45:00+00:00,30,7,10,,,0,0,0,0,0,0,0,0,0,0,0,0,0,0,0,0,0,0,0,0,0,0,0,0,0
2008-07-31 10:45:00+00:00,30,7,10,,,0,0,0,0,0,0,0,0,0,0,0,0,0,0,0,0,0,0,0,0,0,0,0,0,0
2008-07-31 10:45:00+00:00,30,7,10,,,0,0,0,0,0,0,0,0,0,0,0,0,0,0,0,0,0,0,0,0,0,0,0,0,0
2008-07-31 11:00:00+00:00,30,7,11,,,0,0,0,0,0,0,0,0,0,0,0,0,0,0,0,0,0,0,0,0,0,0,0,0,0
2008-07-31 11:00:00+00:00,30,7,11,,,0,0,0,0,0,0,0,0,0,0,0,0,0,0,0,0,0,0,0,0,0,0,0,0,0
2008-07-31 11:00:00+00:00,30,7,11,,,0,0,0,0,0,0,0,0,0,0,0,0,0,0,0,0,0,0,0,0,0,0,0,0,0
2008-07-31 11:00:00+00:00,30,7,11,,,0,0,0,0,0,0,0,0,0,0,0,0,0,0,0,0,0,0,0,0,0,0,0,0,0
2008-07-31 11:00:00+00:00,30,7,11,,,0,0,0,0,0,0,0,0,0,0,0,0,0,0,0,0,0,0,0,0,0,0,0,0,0
2008-07-31 11:00:00+00:00,30,7,11,,,0,0,0,0,0,0,0,0,0,0,0,0,0,0,0,0,0,0,0,0,0,0,0,0,0
2008-07-31 11:00:00+00:00,30,7,11,,,0,0,0,0,0,0,0,0,0,0,0,0,0,0,0,0,0,0,0,0,0,0,0,0,0
2008-07-31 11:00:00+00:00,30,7,11,,,0,0,0,0,0,0,0,0,0,0,0,0,0,0,0,0,0,0,0,0,0,0,0,0,0
2008-07-31 11:00:00+00:00,30,7,11,,,0,0,0,0,0,0,0,0,0,0,0,0,0,0,0,0,0,0,0,0,0,0,0,0,0
2008-07-31 11:00:00+00:00,30,7,11,,,0,0,0,0,0,0,0,0,0,0,0,0,0,0,0,0,0,0,0,0,0,0,0,0,0
2008-07-31 11:00:00+00:00,30,7,11,,,0,0,0,0,0,0,0,0,0,0,0,0,0,0,0,0,0,0,0,0,0,0,0,0,0
2008-07-31 11:00:00+00:00,30,7,11,,,0,0,0,0,0,0,0,0,0,0,0,0,0,0,0,0,0,0,0,0,0,0,0,0,0
2008-07-31 11:00:00+00:00,30,7,11,,260.6661071777344,0,0,0,0,0,0,0,0,0,0,0,0,0,0,0,0,0,0,0,0,0,0,0,0,0
2008-07-31 11:00:00+00:00,30,7,11,,263.8712158203125,0,0,0,0,0,0,0,0,0,0,0,0,0,0,0,0,0,0,0,0,0,0,0,0,0
2008-07-31 11:15:00+00:00,30,7,11,,,0,0,0,0,0,0,0,0,0,0,0,0,0,0,0,0,0,0,0,0,0,0,0,0,0
2008-07-31 11:15:00+00:00,30,7,11,,,0,0,0,0,0,0,0,0,0,0,0,0,0,0,0,0,0,0,0,0,0,0,0,0,0
2008-07-31 11:15:00+00:00,30,7,11,,,0,0,0,0,0,0,0,0,0,0,0,0,0,0,0,0,0,0,0,0,0,0,0,0,0
2008-07-31 11:15:00+00:00,30,7,11,,,0,0,0,0,0,0,0,0,0,0,0,0,0,0,0,0,0,0,0,0,0,0,0,0,0
2008-07-31 11:15:00+00:00,30,7,11,,,0,0,0,0,0,0,0,0,0,0,0,0,0,0,0,0,0,0,0,0,0,0,0,0,0
2008-07-31 11:15:00+00:00,30,7,11,,,0,0,0,0,0,0,0,0,0,0,0,0,0,0,0,0,0,0,0,0,0,0,0,0,0
2008-07-31 11:15:00+00:00,30,7,11,,370.33587646484375,0,0,0,0,0,0,0,0,0,0,0,0,0,0,0,0,0,0,0,0,0,0,0,0,0
2008-07-31 11:15:00+00:00,30,7,11,,259.6025085449219,0,0,0,0,0,0,0,0,0,0,0,0,0,0,0,0,0,0,0,0,0,0,0,0,0
2008-07-31 11:15:00+00:00,30,7,11,,166.46888732910156,0,0,0,0,0,0,0,0,0,0,0,0,0,0,0,0,0,0,0,0,0,0,0,0,0
2008-07-31 11:15:00+00:00,30,7,11,,,0,0,0,0,0,0,0,0,0,0,0,0,0,0,0,0,0,0,0,0,0,0,0,0,0
2008-07-31 11:30:00+00:00,30,7,11,,,0,0,0,0,0,0,0,0,0,0,0,0,0,0,0,0,0,0,0,0,0,0,0,0,0
2008-07-31 11:30:00+00:00,30,7,11,,180.6465606689453,0,0,0,0,0,0,0,0,0,0,0,0,0,0,0,0,0,0,0,0,0,0,0,0,0
2008-07-31 11:30:00+00:00,30,7,11,,,0,0,0,0,0,0,0,0,0,0,0,0,0,0,0,0,0,0,0,0,0,0,0,0,0
2008-07-31 11:30:00+00:00,30,7,11,,469.8037414550781,0,0,0,0,0,0,0,0,0,0,0,0,0,0,0,0,0,0,0,0,0,0,0,0,0
2008-07-31 11:30:00+00:00,30,7,11,,283.8804016113281,0,0,0,0,0,0,0,0,0,0,0,0,0,0,0,0,0,0,0,0,0,0,0,0,0
2008-07-31 11:30:00+00:00,30,7,11,,,0,0,0,0,0,0,0,0,0,0,0,0,0,0,0,0,0,0,0,0,0,0,0,0,0
2008-07-31 11:30:00+00:00,30,7,11,,,0,0,0,0,0,0,0,0,0,0,0,0,0,0,0,0,0,0,0,0,0,0,0,0,0
2008-07-31 11:30:00+00:00,30,7,11,,,0,0,0,0,0,0,0,0,0,0,0,0,0,0,0,0,0,0,0,0,0,0,0,0,0
2008-07-31 11:30:00+00:00,30,7,11,,,0,0,0,0,0,0,0,0,0,0,0,0,0,0,0,0,0,0,0,0,0,0,0,0,0
2008-07-31 11:30:00+00:00,30,7,11,,,0,0,0,0,0,0,0,0,0,0,0,0,0,0,0,0,0,0,0,0,0,0,0,0,0
2008-07-31 11:30:00+00:00,30,7,11,,,0,0,0,0,0,0,0,0,0,0,0,0,0,0,0,0,0,0,0,0,0,0,0,0,0
2008-07-31 11:30:00+00:00,30,7,11,,,0,0,0,0,0,0,0,0,0,0,0,0,0,0,0,0,0,0,0,0,0,0,0,0,0
2008-07-31 11:30:00+00:00,30,7,11,319.0074768066406,305.4068603515625,0,0,0,0,0,0,0,0,0,0,0,0,0,0,0,0,1,0,0,0,0,0,0,0,0
2008-07-31 11:30:00+00:00,30,7,11,306.4068298339844,319.8507995605469,0,0,0,0,0,0,0,0,0,0,0,0,0,0,0,0,1,0,0,0,0,0,0,0,0
2008-07-31 11:30:00+00:00,30,7,11,,306.97772216796875,0,0,0,0,0,0,0,0,0,0,0,0,0,0,0,0,0,0,0,0,0,0,0,0,0
2008-07-31 11:45:00+00:00,30,7,11,,368.4719543457031,0,0,0,0,0,0,0,0,0,0,0,0,0,0,0,0,0,0,0,0,0,0,0,0,0
2008-07-31 11:45:00+00:00,30,7,11,,401.5435485839844,0,0,0,0,0,0,0,0,0,0,0,0,0,0,0,0,0,0,0,0,0,0,0,0,0
2008-07-31 11:45:00+00:00,30,7,11,,346.8790283203125,0,0,0,0,0,0,0,0,0,0,0,0,0,0,0,0,0,0,0,0,0,0,0,0,0
2008-07-31 11:45:00+00:00,30,7,11,,,0,0,0,0,0,0,0,0,0,0,0,0,0,0,0,0,0,0,0,0,0,0,0,0,0
2008-07-31 11:45:00+00:00,30,7,11,,,0,0,0,0,0,0,0,0,0,0,0,0,0,0,0,0,0,0,0,0,0,0,0,0,0
2008-07-31 11:45:00+00:00,30,7,11,,,0,0,0,0,0,0,0,0,0,0,0,0,0,0,0,0,0,0,0,0,0,0,0,0,0
2008-07-31 11:45:00+00:00,30,7,11,,,0,0,0,0,0,0,0,0,0,0,0,0,0,0,0,0,0,0,0,0,0,0,0,0,0
2008-07-31 11:45:00+00:00,30,7,11,,,0,0,0,0,0,0,0,0,0,0,0,0,0,0,0,0,0,0,0,0,0,0,0,0,0
2008-07-31 11:45:00+00:00,30,7,11,,,0,0,0,0,0,0,0,0,0,0,0,0,0,0,0,0,0,0,0,0,0,0,0,0,0
2008-07-31 11:45:00+00:00,30,7,11,,,0,0,0,0,0,0,0,0,0,0,0,0,0,0,0,0,0,0,0,0,0,0,0,0,0
2008-07-31 11:45:00+00:00,30,7,11,,,0,0,0,0,0,0,0,0,0,0,0,0,0,0,0,0,0,0,0,0,0,0,0,0,0
2008-07-31 11:45:00+00:00,30,7,11,,,0,0,0,0,0,0,0,0,0,0,0,0,0,0,0,0,0,0,0,0,0,0,0,0,0
2008-07-31 11:45:00+00:00,30,7,11,,,0,0,0,0,0,0,0,0,0,0,0,0,0,0,0,0,0,0,0,0,0,0,0,0,0
2008-07-31 11:45:00+00:00,30,7,11,473.12615966796875,170.12135314941406,0,0,0,0,0,0,0,0,0,0,0,0,0,0,0,0,0,0,0,0,0,0,0,0,0
2008-07-31 11:45:00+00:00,30,7,11,,,0,0,0,0,0,0,0,0,0,0,0,0,0,0,0,0,0,0,0,0,0,0,0,0,0
2008-07-31 12:00:00+00:00,30,7,12,186.0643768310547,,0,0,0,0,0,0,0,0,0,0,0,0,0,1,1,1,1,0,0,0,0,0,0,0,0
2008-07-31 12:00:00+00:00,30,7,12,,,0,0,0,0,0,0,0,0,0,0,0,0,0,0,0,0,0,0,0,0,0,0,0,0,0
2008-07-31 12:00:00+00:00,30,7,12,334.1988830566406,,0,0,0,0,0,0,0,0,0,0,0,0,0,0,0,0,1,0,0,0,0,0,0,0,0
2008-07-31 12:00:00+00:00,30,7,12,,,0,0,0,0,0,0,0,0,0,0,0,0,0,0,0,0,0,0,0,0,0,0,0,0,0
2008-07-31 12:00:00+00:00,30,7,12,,,0,0,0,0,0,0,0,0,0,0,0,0,0,0,0,0,0,0,0,0,0,0,0,0,0
2008-07-31 12:00:00+00:00,30,7,12,,,0,0,0,0,0,0,0,0,0,0,0,0,0,0,0,0,0,0,0,0,0,0,0,0,0
2008-07-31 12:00:00+00:00,30,7,12,176.78216552734375,185.26466369628906,0,0,0,0,0,0,0,0,0,0,0,0,1,1,1,1,1,0,0,0,0,0,0,0,0
2008-07-31 12:00:00+00:00,30,7,12,214.08685302734375,152.62893676757812,0,0,0,0,0,0,0,0,0,0,0,0,0,0,1,1,1,0,0,0,0,0,0,0,0
2008-07-31 12:00:00+00:00,30,7,12,,,0,0,0,0,0,0,0,0,0,0,0,0,0,0,0,0,0,0,0,0,0,0,0,0,0
2008-07-31 12:00:00+00:00,30,7,12,,,0,0,0,0,0,0,0,0,0,0,0,0,0,0,0,0,0,0,0,0,0,0,0,0,0
2008-07-31 12:00:00+00:00,30,7,12,264.1158447265625,287.89251708984375,0,0,0,0,0,0,0,0,0,0,0,0,0,0,0,1,1,0,0,0,0,0,0,0,0
2008-07-31 12:00:00+00:00,30,7,12,,,0,0,0,0,0,0,0,0,0,0,0,0,0,0,0,0,0,0,0,0,0,0,0,0,0
2008-07-31 12:15:00+00:00,30,7,12,267.9046630859375,187.71348571777344,0,0,0,0,0,0,0,0,0,0,0,0,0,0,0,1,1,0,0,0,0,0,0,0,0
2008-07-31 12:15:00+00:00,30,7,12,,,0,0,0,0,0,0,0,0,0,0,0,0,0,0,0,0,0,0,0,0,0,0,0,0,0
2008-07-31 12:15:00+00:00,30,7,12,,,0,0,0,0,0,0,0,0,0,0,0,0,0,0,0,0,0,0,0,0,0,0,0,0,0
2008-07-31 12:15:00+00:00,30,7,12,,,0,0,0,0,0,0,0,0,0,0,0,0,0,0,0,0,0,0,0,0,0,0,0,0,0
2008-07-31 12:15:00+00:00,30,7,12,345.1387634277344,103.95471954345703,0,0,0,0,0,0,0,0,0,0,0,0,0,0,0,0,1,0,0,0,0,0,0,0,0
2008-07-31 12:15:00+00:00,30,7,12,,267.856689453125,0,0,0,0,0,0,0,0,0,0,0,0,0,0,0,0,0,0,0,0,0,0,0,0,0
2008-07-31 12:15:00+00:00,30,7,12,380.187255859375,146.235107421875,0,0,0,0,0,0,0,0,0,0,0,0,0,0,0,0,0,0,0,0,0,0,0,0,0
2008-07-31 12:15:00+00:00,30,7,12,,259.6828918457031,0,0,0,0,0,0,0,0,0,0,0,0,0,0,0,0,0,0,0,0,0,0,0,0,0
2008-07-31 12:15:00+00:00,30,7,12,,337.6579284667969,0,0,0,0,0,0,0,0,0,0,0,0,0,0,0,0,0,0,0,0,0,0,0,0,0
2008-07-31 12:15:00+00:00,30,7,12,,,0,0,0,0,0,0,0,0,0,0,0,0,0,0,0,0,0,0,0,0,0,0,0,0,0
2008-07-31 12:15:00+00:00,30,7,12,,,0,0,0,0,0,0,0,0,0,0,0,0,0,0,0,0,0,0,0,0,0,0,0,0,0
2008-07-31 12:15:00+00:00,30,7,12,,,0,0,0,0,0,0,0,0,0,0,0,0,0,0,0,0,0,0,0,0,0,0,0,0,0
2008-07-31 12:15:00+00:00,30,7,12,,,0,0,0,0,0,0,0,0,0,0,0,0,0,0,0,0,0,0,0,0,0,0,0,0,0
2008-07-31 12:15:00+00:00,30,7,12,,,0,0,0,0,0,0,0,0,0,0,0,0,0,0,0,0,0,0,0,0,0,0,0,0,0
2008-07-31 12:15:00+00:00,30,7,12,,,0,0,0,0,0,0,0,0,0,0,0,0,0,0,0,0,0,0,0,0,0,0,0,0,0
2008-07-31 12:15:00+00:00,30,7,12,,,0,0,0,0,0,0,0,0,0,0,0,0,0,0,0,0,0,0,0,0,0,0,0,0,0
2008-07-31 12:15:00+00:00,30,7,12,539.2730102539062,60.58799743652344,0,0,0,0,0,0,0,0,0,0,0,0,0,0,0,0,0,0,0,0,0,0,0,0,0
2008-07-31 12:15:00+00:00,30,7,12,,,0,0,0,0,0,0,0,0,0,0,0,0,0,0,0,0,0,0,0,0,0,0,0,0,0
2008-07-31 12:15:00+00:00,30,7,12,,,0,0,0,0,0,0,0,0,0,0,0,0,0,0,0,0,0,0,0,0,0,0,0,0,0
2008-07-31 12:30:00+00:00,30,7,12,,517.9822998046875,0,0,0,0,0,0,0,0,0,0,0,0,0,0,0,0,0,0,0,0,0,0,0,0,0
2008-07-31 12:30:00+00:00,30,7,12,,,0,0,0,0,0,0,0,0,0,0,0,0,0,0,0,0,0,0,0,0,0,0,0,0,0
2008-07-31 12:30:00+00:00,30,7,12,,,0,0,0,0,0,0,0,0,0,0,0,0,0,0,0,0,0,0,0,0,0,0,0,0,0
2008-07-31 12:30:00+00:00,30,7,12,,,0,0,0,0,0,0,0,0,0,0,0,0,0,0,0,0,0,0,0,0,0,0,0,0,0
2008-07-31 12:30:00+00:00,30,7,12,,,0,0,0,0,0,0,0,0,0,0,0,0,0,0,0,0,0,0,0,0,0,0,0,0,0
2008-07-31 12:30:00+00:00,30,7,12,,,0,0,0,0,0,0,0,0,0,0,0,0,0,0,0,0,0,0,0,0,0,0,0,0,0
2008-07-31 12:30:00+00:00,30,7,12,,,0,0,0,0,0,0,0,0,0,0,0,0,0,0,0,0,0,0,0,0,0,0,0,0,0
2008-07-31 12:30:00+00:00,30,7,12,,,0,0,0,0,0,0,0,0,0,0,0,0,0,0,0,0,0,0,0,0,0,0,0,0,0
2008-07-31 12:30:00+00:00,30,7,12,432.4833984375,449.91162109375,0,0,0,0,0,0,0,0,0,0,0,0,0,0,0,0,0,0,0,0,0,0,0,0,0
2008-07-31 12:30:00+00:00,30,7,12,,,0,0,0,0,0,0,0,0,0,0,0,0,0,0,0,0,0,0,0,0,0,0,0,0,0
2008-07-31 12:30:00+00:00,30,7,12,306.72259521484375,213.67269897460938,0,0,0,0,0,0,0,0,0,0,0,0,0,0,0,0,1,0,0,0,0,0,0,0,0
2008-07-31 12:30:00+00:00,30,7,12,,,0,0,0,0,0,0,0,0,0,0,0,0,0,0,0,0,0,0,0,0,0,0,0,0,0
2008-07-31 12:30:00+00:00,30,7,12,,,0,0,0,0,0,0,0,0,0,0,0,0,0,0,0,0,0,0,0,0,0,0,0,0,0
2008-07-31 12:30:00+00:00,30,7,12,,,0,0,0,0,0,0,0,0,0,0,0,0,0,0,0,0,0,0,0,0,0,0,0,0,0
2008-07-31 12:30:00+00:00,30,7,12,,246.5889129638672,0,0,0,0,0,0,0,0,0,0,0,0,0,0,0,0,0,0,0,0,0,0,0,0,0
2008-07-31 12:45:00+00:00,30,7,12,,,0,0,0,0,0,0,0,0,0,0,0,0,0,0,0,0,0,0,0,0,0,0,0,0,0
2008-07-31 12:45:00+00:00,30,7,12,,,0,0,0,0,0,0,0,0,0,0,0,0,0,0,0,0,0,0,0,0,0,0,0,0,0
2008-07-31 12:45:00+00:00,30,7,12,,,0,0,0,0,0,0,0,0,0,0,0,0,0,0,0,0,0,0,0,0,0,0,0,0,0
2008-07-31 12:45:00+00:00,30,7,12,147.38970947265625,152.8415985107422,0,0,0,0,0,0,0,0,0,0,0,1,1,1,1,1,1,0,0,0,0,0,0,0,0
2008-07-31 12:45:00+00:00,30,7,12,,,0,0,0,0,0,0,0,0,0,0,0,0,0,0,0,0,0,0,0,0,0,0,0,0,0
2008-07-31 12:45:00+00:00,30,7,12,,,0,0,0,0,0,0,0,0,0,0,0,0,0,0,0,0,0,0,0,0,0,0,0,0,0
2008-07-31 12:45:00+00:00,30,7,12,,,0,0,0,0,0,0,0,0,0,0,0,0,0,0,0,0,0,0,0,0,0,0,0,0,0
2008-07-31 12:45:00+00:00,30,7,12,212.90170288085938,207.21482849121094,0,0,0,0,0,0,0,0,0,0,0,0,0,0,1,1,1,0,0,0,0,0,0,0,0
2008-07-31 12:45:00+00:00,30,7,12,,,0,0,0,0,0,0,0,0,0,0,0,0,0,0,0,0,0,0,0,0,0,0,0,0,0
2008-07-31 12:45:00+00:00,30,7,12,,,0,0,0,0,0,0,0,0,0,0,0,0,0,0,0,0,0,0,0,0,0,0,0,0,0
2008-07-31 13:00:00+00:00,30,7,13,388.6188049316406,,0,0,0,0,0,0,0,0,0,0,0,0,0,0,0,0,0,0,0,0,0,0,0,0,0
2008-07-31 13:00:00+00:00,30,7,13,,,0,0,0,0,0,0,0,0,0,0,0,0,0,0,0,0,0,0,0,0,0,0,0,0,0
2008-07-31 13:00:00+00:00,30,7,13,97.4630126953125,114.88617706298828,0,0,0,0,0,0,0,0,0,1,1,1,1,1,1,1,1,0,0,0,0,0,0,0,0
2008-07-31 13:00:00+00:00,30,7,13,111.4744644165039,127.7528305053711,0,0,0,0,0,0,0,0,0,0,1,1,1,1,1,1,1,0,0,0,0,0,0,0,0
2008-07-31 13:00:00+00:00,30,7,13,,,0,0,0,0,0,0,0,0,0,0,0,0,0,0,0,0,0,0,0,0,0,0,0,0,0
2008-07-31 13:00:00+00:00,30,7,13,,,0,0,0,0,0,0,0,0,0,0,0,0,0,0,0,0,0,0,0,0,0,0,0,0,0
2008-07-31 13:00:00+00:00,30,7,13,,,0,0,0,0,0,0,0,0,0,0,0,0,0,0,0,0,0,0,0,0,0,0,0,0,0
2008-07-31 13:00:00+00:00,30,7,13,306.23504638671875,295.93505859375,0,0,0,0,0,0,0,0,0,0,0,0,0,0,0,0,1,0,0,0,0,0,0,0,0
2008-07-31 13:00:00+00:00,30,7,13,275.44451904296875,305.2913818359375,0,0,0,0,0,0,0,0,0,0,0,0,0,0,0,1,1,0,0,0,0,0,0,0,0
2008-07-31 13:00:00+00:00,30,7,13,307.4798583984375,395.75927734375,0,0,0,0,0,0,0,0,0,0,0,0,0,0,0,0,1,0,0,0,0,0,0,0,0
2008-07-31 13:15:00+00:00,30,7,13,,64.63109588623047,0,0,0,0,0,0,0,0,0,0,0,0,0,0,0,0,0,0,0,0,0,0,0,0,0
2008-07-31 13:15:00+00:00,30,7,13,,154.77403259277344,0,0,0,0,0,0,0,0,0,0,0,0,0,0,0,0,0,0,0,0,0,0,0,0,0
2008-07-31 13:15:00+00:00,30,7,13,212.22537231445312,350.69036865234375,0,0,0,0,0,0,0,0,0,0,0,0,0,0,1,1,1,0,0,0,0,0,0,0,0
2008-07-31 13:15:00+00:00,30,7,13,140.22450256347656,89.76806640625,0,0,0,0,0,0,0,0,0,0,0,1,1,1,1,1,1,0,0,0,0,0,0,0,0
2008-07-31 13:15:00+00:00,30,7,13,,,0,0,0,0,0,0,0,0,0,0,0,0,0,0,0,0,0,0,0,0,0,0,0,0,0
2008-07-31 13:15:00+00:00,30,7,13,,271.29315185546875,0,0,0,0,0,0,0,0,0,0,0,0,0,0,0,0,0,0,0,0,0,0,0,0,0
2008-07-31 13:15:00+00:00,30,7,13,,,0,0,0,0,0,0,0,0,0,0,0,0,0,0,0,0,0,0,0,0,0,0,0,0,0
2008-07-31 13:15:00+00:00,30,7,13,,,0,0,0,0,0,0,0,0,0,0,0,0,0,0,0,0,0,0,0,0,0,0,0,0,0
2008-07-31 13:15:00+00:00,30,7,13,,,0,0,0,0,0,0,0,0,0,0,0,0,0,0,0,0,0,0,0,0,0,0,0,0,0
2008-07-31 13:15:00+00:00,30,7,13,,310.28204345703125,0,0,0,0,0,0,0,0,0,0,0,0,0,0,0,0,0,0,0,0,0,0,0,0,0
2008-07-31 13:15:00+00:00,30,7,13,,,0,0,0,0,0,0,0,0,0,0,0,0,0,0,0,0,0,0,0,0,0,0,0,0,0
2008-07-31 13:15:00+00:00,30,7,13,,,0,0,0,0,0,0,0,0,0,0,0,0,0,0,0,0,0,0,0,0,0,0,0,0,0
2008-07-31 13:15:00+00:00,30,7,13,552.6298828125,148.85475158691406,0,0,0,0,0,0,0,0,0,0,0,0,0,0,0,0,0,0,0,0,0,0,0,0,0
2008-07-31 13:15:00+00:00,30,7,13,,81.81426239013672,0,0,0,0,0,0,0,0,0,0,0,0,0,0,0,0,0,0,0,0,0,0,0,0,0
2008-07-31 13:15:00+00:00,30,7,13,524.2205200195312,,0,0,0,0,0,0,0,0,0,0,0,0,0,0,0,0,0,0,0,0,0,0,0,0,0
2008-07-31 13:15:00+00:00,30,7,13,,,0,0,0,0,0,0,0,0,0,0,0,0,0,0,0,0,0,0,0,0,0,0,0,0,0
2008-07-31 13:30:00+00:00,30,7,13,,90.78246307373047,0,0,0,0,0,0,0,0,0,0,0,0,0,0,0,0,0,0,0,0,0,0,0,0,0
2008-07-31 13:30:00+00:00,30,7,13,178.65347290039062,487.1571044921875,0,0,0,0,0,0,0,0,0,0,0,0,1,1,1,1,1,0,0,0,0,0,0,0,0
2008-07-31 13:30:00+00:00,30,7,13,,,0,0,0,0,0,0,0,0,0,0,0,0,0,0,0,0,0,0,0,0,0,0,0,0,0
2008-07-31 13:30:00+00:00,30,7,13,,318.5364990234375,0,0,0,0,0,0,0,0,0,0,0,0,0,0,0,0,0,0,0,0,0,0,0,0,0
2008-07-31 13:30:00+00:00,30,7,13,,,0,0,0,0,0,0,0,0,0,0,0,0,0,0,0,0,0,0,0,0,0,0,0,0,0
2008-07-31 13:30:00+00:00,30,7,13,,,0,0,0,0,0,0,0,0,0,0,0,0,0,0,0,0,0,0,0,0,0,0,0,0,0
2008-07-31 13:30:00+00:00,30,7,13,,,0,0,0,0,0,0,0,0,0,0,0,0,0,0,0,0,0,0,0,0,0,0,0,0,0
2008-07-31 13:30:00+00:00,30,7,13,158.8463134765625,176.92076110839844,0,0,0,0,0,0,0,0,0,0,0,0,1,1,1,1,1,0,0,0,0,0,0,0,0
2008-07-31 13:30:00+00:00,30,7,13,368.64013671875,234.14645385742188,0,0,0,0,0,0,0,0,0,0,0,0,0,0,0,0,0,0,0,0,0,0,0,0,0
2008-07-31 13:30:00+00:00,30,7,13,,,0,0,0,0,0,0,0,0,0,0,0,0,0,0,0,0,0,0,0,0,0,0,0,0,0
2008-07-31 13:45:00+00:00,30,7,13,121.86929321289062,118.97126770019531,0,0,0,0,0,0,0,0,0,0,0,1,1,1,1,1,1,0,0,0,0,0,0,0,0
2008-07-31 13:45:00+00:00,30,7,13,386.6211853027344,379.712890625,0,0,0,0,0,0,0,0,0,0,0,0,0,0,0,0,0,0,0,0,0,0,0,0,0
2008-07-31 13:45:00+00:00,30,7,13,164.59144592285156,156.2853546142578,0,0,0,0,0,0,0,0,0,0,0,0,1,1,1,1,1,0,0,0,0,0,0,0,0
2008-07-31 13:45:00+00:00,30,7,13,210.12478637695312,197.64218139648438,0,0,0,0,0,0,0,0,0,0,0,0,0,0,1,1,1,0,0,0,0,0,0,0,0
2008-07-31 13:45:00+00:00,30,7,13,307.9818420410156,298.43328857421875,0,0,0,0,0,0,0,0,0,0,0,0,0,0,0,0,1,0,0,0,0,0,0,0,0
2008-07-31 13:45:00+00:00,30,7,13,,,0,0,0,0,0,0,0,0,0,0,0,0,0,0,0,0,0,0,0,0,0,0,0,0,0
2008-07-31 13:45:00+00:00,30,7,13,,,0,0,0,0,0,0,0,0,0,0,0,0,0,0,0,0,0,0,0,0,0,0,0,0,0
2008-07-31 13:45:00+00:00,30,7,13,170.68983459472656,146.92605590820312,0,0,0,0,0,0,0,0,0,0,0,0,1,1,1,1,1,0,0,0,0,0,0,0,0
2008-07-31 13:45:00+00:00,30,7,13,457.5620422363281,,0,0,0,0,0,0,0,0,0,0,0,0,0,0,0,0,0,0,0,0,0,0,0,0,0
2008-07-31 13:45:00+00:00,30,7,13,217.5946502685547,199.898681640625,0,0,0,0,0,0,0,0,0,0,0,0,0,0,1,1,1,0,0,0,0,0,0,0,0
2008-07-31 13:45:00+00:00,30,7,13,124.31198120117188,98.09072875976562,0,0,0,0,0,0,0,0,0,0,0,1,1,1,1,1,1,0,0,0,0,0,0,0,0
2008-07-31 13:45:00+00:00,30,7,13,160.82415771484375,120.03277587890625,0,0,0,0,0,0,0,0,0,0,0,0,1,1,1,1,1,0,0,0,0,0,0,0,0
2008-07-31 13:45:00+00:00,30,7,13,,,0,0,0,0,0,0,0,0,0,0,0,0,0,0,0,0,0,0,0,0,0,0,0,0,0
2008-07-31 13:45:00+00:00,30,7,13,,,0,0,0,0,0,0,0,0,0,0,0,0,0,0,0,0,0,0,0,0,0,0,0,0,0
2008-07-31 14:00:00+00:00,30,7,14,448.26654052734375,344.8394470214844,0,0,0,0,0,0,0,0,0,0,0,0,0,0,0,0,0,0,0,0,0,0,0,0,0
2008-07-31 14:00:00+00:00,30,7,14,316.4543151855469,195.73597717285156,0,0,0,0,0,0,0,0,0,0,0,0,0,0,0,0,1,0,0,0,0,0,0,0,0
2008-07-31 14:00:00+00:00,30,7,14,295.3579406738281,150.3233184814453,0,0,0,0,0,0,0,0,0,0,0,0,0,0,0,1,1,0,0,0,0,0,0,0,0
2008-07-31 14:00:00+00:00,30,7,14,,,0,0,0,0,0,0,0,0,0,0,0,0,0,0,0,0,0,0,0,0,0,0,0,0,0
2008-07-31 14:00:00+00:00,30,7,14,269.84246826171875,17.796850204467773,0,0,0,0,0,0,0,0,0,0,0,0,0,0,0,1,1,0,0,1,1,1,1,1,1
2008-07-31 14:15:00+00:00,30,7,14,274.82843017578125,274.82843017578125,0,0,0,0,0,0,0,0,0,0,0,0,0,0,0,1,1,0,0,0,0,0,0,0,0
2008-07-31 14:15:00+00:00,30,7,14,204.52333068847656,213.36865234375,0,0,0,0,0,0,0,0,0,0,0,0,0,0,1,1,1,0,0,0,0,0,0,0,0
2008-07-31 14:15:00+00:00,30,7,14,,131.1892547607422,0,0,0,0,0,0,0,0,0,0,0,0,0,0,0,0,0,0,0,0,0,0,0,0,0
2008-07-31 14:15:00+00:00,30,7,14,259.1039733886719,204.9965362548828,0,0,0,0,0,0,0,0,0,0,0,0,0,0,0,1,1,0,0,0,0,0,0,0,0
2008-07-31 14:15:00+00:00,30,7,14,69.16220092773438,81.53426361083984,0,0,0,0,0,0,0,0,1,1,1,1,1,1,1,1,1,0,0,0,0,0,0,0,0
2008-07-31 14:15:00+00:00,30,7,14,,331.6365051269531,0,0,0,0,0,0,0,0,0,0,0,0,0,0,0,0,0,0,0,0,0,0,0,0,0
2008-07-31 14:15:00+00:00,30,7,14,376.1675109863281,362.6272277832031,0,0,0,0,0,0,0,0,0,0,0,0,0,0,0,0,0,0,0,0,0,0,0,0,0
2008-07-31 14:15:00+00:00,30,7,14,282.9019470214844,296.248046875,0,0,0,0,0,0,0,0,0,0,0,0,0,0,0,1,1,0,0,0,0,0,0,0,0
2008-07-31 14:15:00+00:00,30,7,14,55.932491302490234,56.58582305908203,0,0,0,0,0,0,0,1,1,1,1,1,1,1,1,1,1,0,0,0,0,0,0,0,1
2008-07-31 14:15:00+00:00,30,7,14,,,0,0,0,0,0,0,0,0,0,0,0,0,0,0,0,0,0,0,0,0,0,0,0,0,0
2008-07-31 14:15:00+00:00,30,7,14,,,0,0,0,0,0,0,0,0,0,0,0,0,0,0,0,0,0,0,0,0,0,0,0,0,0
2008-07-31 14:30:00+00:00,30,7,14,327.3865966796875,315.5940246582031,0,0,0,0,0,0,0,0,0,0,0,0,0,0,0,0,1,0,0,0,0,0,0,0,0
2008-07-31 14:30:00+00:00,30,7,14,167.66627502441406,153.62960815429688,0,0,0,0,0,0,0,0,0,0,0,0,1,1,1,1,1,0,0,0,0,0,0,0,0
2008-07-31 14:30:00+00:00,30,7,14,434.9090881347656,426.4450988769531,0,0,0,0,0,0,0,0,0,0,0,0,0,0,0,0,0,0,0,0,0,0,0,0,0
2008-07-31 14:30:00+00:00,30,7,14,,72.87065124511719,0,0,0,0,0,0,0,0,0,0,0,0,0,0,0,0,0,0,0,0,0,0,0,0,0
2008-07-31 14:30:00+00:00,30,7,14,238.56227111816406,228.0470733642578,0,0,0,0,0,0,0,0,0,0,0,0,0,0,1,1,1,0,0,0,0,0,0,0,0
2008-07-31 14:30:00+00:00,30,7,14,,252.0061798095703,0,0,0,0,0,0,0,0,0,0,0,0,0,0,0,0,0,0,0,0,0,0,0,0,0
2008-07-31 14:30:00+00:00,30,7,14,105.2515640258789,91.71537780761719,0,0,0,0,0,0,0,0,0,0,1,1,1,1,1,1,1,0,0,0,0,0,0,0,0
2008-07-31 14:30:00+00:00,30,7,14,295.9381408691406,311.0667419433594,0,0,0,0,0,0,0,0,0,0,0,0,0,0,0,1,1,0,0,0,0,0,0,0,0
2008-07-31 14:30:00+00:00,30,7,14,,,0,0,0,0,0,0,0,0,0,0,0,0,0,0,0,0,0,0,0,0,0,0,0,0,0
2008-07-31 14:45:00+00:00,30,7,14,367.9452209472656,283.7344055175781,0,0,0,0,0,0,0,0,0,0,0,0,0,0,0,0,0,0,0,0,0,0,0,0,0
2008-07-31 14:45:00+00:00,30,7,14,,,0,0,0,0,0,0,0,0,0,0,0,0,0,0,0,0,0,0,0,0,0,0,0,0,0
2008-07-31 14:45:00+00:00,30,7,14,216.01637268066406,226.99546813964844,0,0,0,0,0,0,0,0,0,0,0,0,0,0,1,1,1,0,0,0,0,0,0,0,0
2008-07-31 14:45:00+00:00,30,7,14,,,0,0,0,0,0,0,0,0,0,0,0,0,0,0,0,0,0,0,0,0,0,0,0,0,0
2008-07-31 15:00:00+00:00,30,7,15,329.2966003417969,320.9266052246094,0,0,0,0,0,0,0,0,0,0,0,0,0,0,0,0,1,0,0,0,0,0,0,0,0
2008-07-31 15:00:00+00:00,30,7,15,322.9432678222656,326.48291015625,0,0,0,0,0,0,0,0,0,0,0,0,0,0,0,0,1,0,0,0,0,0,0,0,0
2008-07-31 15:00:00+00:00,30,7,15,468.85186767578125,340.20477294921875,0,0,0,0,0,0,0,0,0,0,0,0,0,0,0,0,0,0,0,0,0,0,0,0,0
2008-07-31 15:00:00+00:00,30,7,15,,,0,0,0,0,0,0,0,0,0,0,0,0,0,0,0,0,0,0,0,0,0,0,0,0,0
2008-07-31 15:00:00+00:00,30,7,15,112.55764770507812,126.77191162109375,0,0,0,0,0,0,0,0,0,0,1,1,1,1,1,1,1,0,0,0,0,0,0,0,0
2008-07-31 15:00:00+00:00,30,7,15,84.16703033447266,106.65608215332031,0,0,0,0,0,0,0,0,0,1,1,1,1,1,1,1,1,0,0,0,0,0,0,0,0
2008-07-31 15:00:00+00:00,30,7,15,97.41932678222656,8.64597225189209,0,0,0,0,0,0,0,0,0,1,1,1,1,1,1,1,1,1,1,1,1,1,1,1,1
2008-07-31 15:00:00+00:00,30,7,15,73.38587188720703,97.0735855102539,0,0,0,0,0,0,0,0,1,1,1,1,1,1,1,1,1,0,0,0,0,0,0,0,0
2008-07-31 15:15:00+00:00,30,7,15,,431.79022216796875,0,0,0,0,0,0,0,0,0,0,0,0,0,0,0,0,0,0,0,0,0,0,0,0,0
2008-07-31 15:15:00+00:00,30,7,15,95.33941650390625,104.9258041381836,0,0,0,0,0,0,0,0,0,1,1,1,1,1,1,1,1,0,0,0,0,0,0,0,0
2008-07-31 15:15:00+00:00,30,7,15,292.7877502441406,279.67291259765625,0,0,0,0,0,0,0,0,0,0,0,0,0,0,0,1,1,0,0,0,0,0,0,0,0
2008-07-31 15:15:00+00:00,30,7,15,275.8938903808594,291.5907897949219,0,0,0,0,0,0,0,0,0,0,0,0,0,0,0,1,1,0,0,0,0,0,0,0,0
2008-07-31 15:15:00+00:00,30,7,15,321.4856262207031,304.4434814453125,0,0,0,0,0,0,0,0,0,0,0,0,0,0,0,0,1,0,0,0,0,0,0,0,0
2008-07-31 15:15:00+00:00,30,7,15,238.70550537109375,237.35955810546875,0,0,0,0,0,0,0,0,0,0,0,0,0,0,1,1,1,0,0,0,0,0,0,0,0
2008-07-31 15:15:00+00:00,30,7,15,148.03892517089844,177.20071411132812,0,0,0,0,0,0,0,0,0,0,0,1,1,1,1,1,1,0,0,0,0,0,0,0,0
2008-07-31 15:15:00+00:00,30,7,15,66.89134216308594,105.25425720214844,0,0,0,0,0,0,0,0,1,1,1,1,1,1,1,1,1,0,0,0,0,0,0,0,0
2008-07-31 15:15:00+00:00,30,7,15,130.80804443359375,35.52171325683594,0,0,0,0,0,0,0,0,0,0,0,1,1,1,1,1,1,0,0,0,0,0,1,1,1
2008-07-31 15:15:00+00:00,30,7,15,295.2649841308594,,0,0,0,0,0,0,0,0,0,0,0,0,0,0,0,1,1,0,0,0,0,0,0,0,0
2008-07-31 15:15:00+00:00,30,7,15,82.2424087524414,41.144371032714844,0,0,0,0,0,0,0,0,0,1,1,1,1,1,1,1,1,0,0,0,0,0,0,1,1
2008-07-31 15:30:00+00:00,30,7,15,369.3019104003906,356.4809875488281,0,0,0,0,0,0,0,0,0,0,0,0,0,0,0,0,0,0,0,0,0,0,0,0,0
2008-07-31 15:30:00+00:00,30,7,15,253.6578826904297,252.88845825195312,0,0,0,0,0,0,0,0,0,0,0,0,0,0,0,1,1,0,0,0,0,0,0,0,0
2008-07-31 15:30:00+00:00,30,7,15,169.08041381835938,185.25189208984375,0,0,0,0,0,0,0,0,0,0,0,0,1,1,1,1,1,0,0,0,0,0,0,0,0
2008-07-31 15:30:00+00:00,30,7,15,163.6801300048828,284.35394287109375,0,0,0,0,0,0,0,0,0,0,0,0,1,1,1,1,1,0,0,0,0,0,0,0,0
2008-07-31 15:30:00+00:00,30,7,15,,,0,0,0,0,0,0,0,0,0,0,0,0,0,0,0,0,0,0,0,0,0,0,0,0,0
2008-07-31 15:30:00+00:00,30,7,15,413.28009033203125,491.45050048828125,0,0,0,0,0,0,0,0,0,0,0,0,0,0,0,0,0,0,0,0,0,0,0,0,0
2008-07-31 15:30:00+00:00,30,7,15,404.34466552734375,335.2596740722656,0,0,0,0,0,0,0,0,0,0,0,0,0,0,0,0,0,0,0,0,0,0,0,0,0
2008-07-31 15:30:00+00:00,30,7,15,255.76646423339844,,0,0,0,0,0,0,0,0,0,0,0,0,0,0,0,1,1,0,0,0,0,0,0,0,0
2008-07-31 15:30:00+00:00,30,7,15,146.22317504882812,274.98858642578125,0,0,0,0,0,0,0,0,0,0,0,1,1,1,1,1,1,0,0,0,0,0,0,0,0
2008-07-31 15:30:00+00:00,30,7,15,212.76882934570312,165.50755310058594,0,0,0,0,0,0,0,0,0,0,0,0,0,0,1,1,1,0,0,0,0,0,0,0,0
2008-07-31 15:30:00+00:00,30,7,15,384.4657897949219,373.64154052734375,0,0,0,0,0,0,0,0,0,0,0,0,0,0,0,0,0,0,0,0,0,0,0,0,0
2008-07-31 15:30:00+00:00,30,7,15,132.87515258789062,40.9207878112793,0,0,0,0,0,0,0,0,0,0,0,1,1,1,1,1,1,0,0,0,0,0,0,1,1
2008-07-31 15:30:00+00:00,30,7,15,53.630943298339844,76.94960021972656,0,0,0,0,0,0,0,1,1,1,1,1,1,1,1,1,1,0,0,0,0,0,0,0,0
2008-07-31 15:30:00+00:00,30,7,15,82.90553283691406,0.0,0,0,0,0,0,0,0,0,0,1,1,1,1,1,1,1,1,1,1,1,1,1,1,1,1
2008-07-31 15:30:00+00:00,30,7,15,,,0,0,0,0,0,0,0,0,0,0,0,0,0,0,0,0,0,0,0,0,0,0,0,0,0
2008-07-31 15:30:00+00:00,30,7,15,,,0,0,0,0,0,0,0,0,0,0,0,0,0,0,0,0,0,0,0,0,0,0,0,0,0
2008-07-31 15:45:00+00:00,30,7,15,348.7223205566406,231.51455688476562,0,0,0,0,0,0,0,0,0,0,0,0,0,0,0,0,1,0,0,0,0,0,0,0,0
2008-07-31 15:45:00+00:00,30,7,15,,,0,0,0,0,0,0,0,0,0,0,0,0,0,0,0,0,0,0,0,0,0,0,0,0,0
2008-07-31 15:45:00+00:00,30,7,15,226.01776123046875,204.1052703857422,0,0,0,0,0,0,0,0,0,0,0,0,0,0,1,1,1,0,0,0,0,0,0,0,0
2008-07-31 15:45:00+00:00,30,7,15,48.661373138427734,34.87440872192383,0,0,0,0,0,0,1,1,1,1,1,1,1,1,1,1,1,0,0,0,0,0,1,1,1
2008-07-31 15:45:00+00:00,30,7,15,,,0,0,0,0,0,0,0,0,0,0,0,0,0,0,0,0,0,0,0,0,0,0,0,0,0
2008-07-31 16:00:00+00:00,30,7,16,471.53125,315.3783874511719,0,0,0,0,0,0,0,0,0,0,0,0,0,0,0,0,0,0,0,0,0,0,0,0,0
2008-07-31 16:00:00+00:00,30,7,16,329.4438781738281,337.0157165527344,0,0,0,0,0,0,0,0,0,0,0,0,0,0,0,0,1,0,0,0,0,0,0,0,0
2008-07-31 16:00:00+00:00,30,7,16,392.6470642089844,456.3525085449219,0,0,0,0,0,0,0,0,0,0,0,0,0,0,0,0,0,0,0,0,0,0,0,0,0
2008-07-31 16:00:00+00:00,30,7,16,,,0,0,0,0,0,0,0,0,0,0,0,0,0,0,0,0,0,0,0,0,0,0,0,0,0
2008-07-31 16:00:00+00:00,30,7,16,,,0,0,0,0,0,0,0,0,0,0,0,0,0,0,0,0,0,0,0,0,0,0,0,0,0
2008-07-31 16:00:00+00:00,30,7,16,94.82679748535156,112.65606689453125,0,0,0,0,0,0,0,0,0,1,1,1,1,1,1,1,1,0,0,0,0,0,0,0,0
2008-07-31 16:00:00+00:00,30,7,16,197.74061584472656,12.864957809448242,0,0,0,0,0,0,0,0,0,0,0,0,0,1,1,1,1,0,1,1,1,1,1,1,1
2008-07-31 16:00:00+00:00,30,7,16,167.15045166015625,10.996360778808594,0,0,0,0,0,0,0,0,0,0,0,0,1,1,1,1,1,0,1,1,1,1,1,1,1
2008-07-31 16:00:00+00:00,30,7,16,36.35952377319336,9.915252685546875,0,0,0,0,0,1,1,1,1,1,1,1,1,1,1,1,1,1,1,1,1,1,1,1,1
2008-07-31 16:00:00+00:00,30,7,16,119.24783325195312,95.48709106445312,0,0,0,0,0,0,0,0,0,0,1,1,1,1,1,1,1,0,0,0,0,0,0,0,0
2008-07-31 16:00:00+00:00,30,7,16,,,0,0,0,0,0,0,0,0,0,0,0,0,0,0,0,0,0,0,0,0,0,0,0,0,0
2008-07-31 16:15:00+00:00,30,7,16,,,0,0,0,0,0,0,0,0,0,0,0,0,0,0,0,0,0,0,0,0,0,0,0,0,0
2008-07-31 16:15:00+00:00,30,7,16,327.6561584472656,323.8540954589844,0,0,0,0,0,0,0,0,0,0,0,0,0,0,0,0,1,0,0,0,0,0,0,0,0
2008-07-31 16:15:00+00:00,30,7,16,,82.08875274658203,0,0,0,0,0,0,0,0,0,0,0,0,0,0,0,0,0,0,0,0,0,0,0,0,0
2008-07-31 16:15:00+00:00,30,7,16,274.1528625488281,263.88543701171875,0,0,0,0,0,0,0,0,0,0,0,0,0,0,0,1,1,0,0,0,0,0,0,0,0
2008-07-31 16:15:00+00:00,30,7,16,49.97168731689453,32.078125,0,0,0,0,0,0,1,1,1,1,1,1,1,1,1,1,1,0,0,0,0,0,1,1,1
2008-07-31 16:30:00+00:00,30,7,16,171.83303833007812,289.6119689941406,0,0,0,0,0,0,0,0,0,0,0,0,1,1,1,1,1,0,0,0,0,0,0,0,0
2008-07-31 16:30:00+00:00,30,7,16,505.3857727050781,374.71917724609375,0,0,0,0,0,0,0,0,0,0,0,0,0,0,0,0,0,0,0,0,0,0,0,0,0
2008-07-31 16:30:00+00:00,30,7,16,,405.2709045410156,0,0,0,0,0,0,0,0,0,0,0,0,0,0,0,0,0,0,0,0,0,0,0,0,0
2008-07-31 16:30:00+00:00,30,7,16,,206.1119842529297,0,0,0,0,0,0,0,0,0,0,0,0,0,0,0,0,0,0,0,0,0,0,0,0,0
2008-07-31 16:30:00+00:00,30,7,16,,159.98789978027344,0,0,0,0,0,0,0,0,0,0,0,0,0,0,0,0,0,0,0,0,0,0,0,0,0
2008-07-31 16:30:00+00:00,30,7,16,359.3349304199219,,0,0,0,0,0,0,0,0,0,0,0,0,0,0,0,0,0,0,0,0,0,0,0,0,0
2008-07-31 16:30:00+00:00,30,7,16,193.57870483398438,244.3035125732422,0,0,0,0,0,0,0,0,0,0,0,0,0,1,1,1,1,0,0,0,0,0,0,0,0
2008-07-31 16:45:00+00:00,30,7,16,61.31423568725586,51.25263595581055,0,0,0,0,0,0,0,0,1,1,1,1,1,1,1,1,1,0,0,0,0,0,0,0,1
2008-07-31 16:45:00+00:00,30,7,16,181.873046875,188.17120361328125,0,0,0,0,0,0,0,0,0,0,0,0,0,1,1,1,1,0,0,0,0,0,0,0,0
2008-07-31 16:45:00+00:00,30,7,16,218.6045379638672,229.6603240966797,0,0,0,0,0,0,0,0,0,0,0,0,0,0,1,1,1,0,0,0,0,0,0,0,0
2008-07-31 16:45:00+00:00,30,7,16,,,0,0,0,0,0,0,0,0,0,0,0,0,0,0,0,0,0,0,0,0,0,0,0,0,0
2008-07-31 16:45:00+00:00,30,7,16,141.65171813964844,81.00047302246094,0,0,0,0,0,0,0,0,0,0,0,1,1,1,1,1,1,0,0,0,0,0,0,0,0
2008-07-31 17:00:00+00:00,30,7,17,238.10911560058594,229.40354919433594,0,0,0,0,0,0,0,0,0,0,0,0,0,0,1,1,1,0,0,0,0,0,0,0,0
2008-07-31 17:00:00+00:00,30,7,17,119.89669799804688,66.51866149902344,0,0,0,0,0,0,0,0,0,0,1,1,1,1,1,1,1,0,0,0,0,0,0,0,0
2008-07-31 17:15:00+00:00,30,7,17,,181.789306640625,0,0,0,0,0,0,0,0,0,0,0,0,0,0,0,0,0,0,0,0,0,0,0,0,0
2008-07-31 17:15:00+00:00,30,7,17,291.5115966796875,237.27371215820312,0,0,0,0,0,0,0,0,0,0,0,0,0,0,0,1,1,0,0,0,0,0,0,0,0
2008-07-31 17:15:00+00:00,30,7,17,221.42440795898438,229.57395935058594,0,0,0,0,0,0,0,0,0,0,0,0,0,0,1,1,1,0,0,0,0,0,0,0,0
2008-07-31 17:15:00+00:00,30,7,17,169.47201538085938,176.05294799804688,0,0,0,0,0,0,0,0,0,0,0,0,1,1,1,1,1,0,0,0,0,0,0,0,0
2008-07-31 17:15:00+00:00,30,7,17,329.8541564941406,,0,0,0,0,0,0,0,0,0,0,0,0,0,0,0,0,1,0,0,0,0,0,0,0,0
2008-07-31 17:15:00+00:00,30,7,17,,365.5695495605469,0,0,0,0,0,0,0,0,0,0,0,0,0,0,0,0,0,0,0,0,0,0,0,0,0
2008-07-31 17:15:00+00:00,30,7,17,217.96595764160156,213.61512756347656,0,0,0,0,0,0,0,0,0,0,0,0,0,0,1,1,1,0,0,0,0,0,0,0,0
2008-07-31 17:15:00+00:00,30,7,17,,,0,0,0,0,0,0,0,0,0,0,0,0,0,0,0,0,0,0,0,0,0,0,0,0,0
2008-07-31 17:30:00+00:00,30,7,17,290.9687805175781,288.20416259765625,0,0,0,0,0,0,0,0,0,0,0,0,0,0,0,1,1,0,0,0,0,0,0,0,0
2008-07-31 17:30:00+00:00,30,7,17,328.8483581542969,390.1795959472656,0,0,0,0,0,0,0,0,0,0,0,0,0,0,0,0,1,0,0,0,0,0,0,0,0
2008-07-31 17:30:00+00:00,30,7,17,276.9605712890625,354.35601806640625,0,0,0,0,0,0,0,0,0,0,0,0,0,0,0,1,1,0,0,0,0,0,0,0,0
2008-07-31 17:30:00+00:00,30,7,17,139.79896545410156,227.92999267578125,0,0,0,0,0,0,0,0,0,0,0,1,1,1,1,1,1,0,0,0,0,0,0,0,0
2008-07-31 17:30:00+00:00,30,7,17,453.0660400390625,278.7513122558594,0,0,0,0,0,0,0,0,0,0,0,0,0,0,0,0,0,0,0,0,0,0,0,0,0
2008-07-31 17:30:00+00:00,30,7,17,187.3203887939453,,0,0,0,0,0,0,0,0,0,0,0,0,0,1,1,1,1,0,0,0,0,0,0,0,0
2008-07-31 17:30:00+00:00,30,7,17,84.60259246826172,69.75408172607422,0,0,0,0,0,0,0,0,0,1,1,1,1,1,1,1,1,0,0,0,0,0,0,0,0
2008-07-31 17:45:00+00:00,30,7,17,,,0,0,0,0,0,0,0,0,0,0,0,0,0,0,0,0,0,0,0,0,0,0,0,0,0
2008-07-31 17:45:00+00:00,30,7,17,63.00697708129883,135.85743713378906,0,0,0,0,0,0,0,0,1,1,1,1,1,1,1,1,1,0,0,0,0,0,0,0,0
2008-07-31 17:45:00+00:00,30,7,17,43.36211395263672,34.955039978027344,0,0,0,0,0,0,1,1,1,1,1,1,1,1,1,1,1,0,0,0,0,0,1,1,1
2008-07-31 17:45:00+00:00,30,7,17,,,0,0,0,0,0,0,0,0,0,0,0,0,0,0,0,0,0,0,0,0,0,0,0,0,0
